<?xml version="1.0" encoding="UTF-8" standalone="no"?>
<!DOCTYPE svg PUBLIC "-//W3C//DTD SVG 1.1//EN" "http://www.w3.org/Graphics/SVG/1.1/DTD/svg11.dtd">
<svg xmlns="http://www.w3.org/2000/svg" version="1.1" viewBox="-93.7 0 630.35 606">
<g stroke-width="630.35" fill="none" stroke-linecap="butt">
<path stroke="#708825" vector-effect="non-scaling-stroke" d="
  M 234.76 474.08
  Q 245.63 471.75 252.92 462.91
  C 262.75 451.01 269.24 432.75 269.64 417.46
  Q 270.16 397.73 265.53 378.03
  A 0.30 0.30 0.0 0 0 264.96 377.97
  C 259.80 389.18 251.04 402.33 239.75 408.08
  A 0.73 0.73 0.0 0 1 238.77 407.78
  Q 228.33 388.76 211.09 375.92
  Q 195.25 364.12 177.62 355.78
  A 0.02 0.01 -30.8 0 1 177.63 355.75
  L 194.36 355.75
  A 0.39 0.38 90.0 0 0 194.74 355.36
  L 194.74 348.15
  A 0.42 0.41 90.0 0 0 194.33 347.73
  L 182.34 347.73
  A 0.60 0.60 0.0 0 1 181.74 347.13
  L 181.74 338.04
  A 0.54 0.54 0.0 0 1 182.28 337.50
  L 194.27 337.50
  A 0.45 0.45 0.0 0 0 194.72 337.05
  L 194.72 330.28
  A 0.52 0.52 0.0 0 0 194.20 329.76
  L 182.25 329.76
  A 0.50 0.50 0.0 0 1 181.75 329.26
  L 181.75 323.20
  A 0.44 0.44 0.0 0 1 182.19 322.76
  L 194.33 322.76
  A 0.40 0.39 -90.0 0 0 194.72 322.36
  L 194.72 315.19
  A 0.45 0.45 0.0 0 0 194.27 314.74
  L 175.16 314.74
  A 0.64 0.64 0.0 0 0 174.52 315.38
  L 174.52 355.35
  A 0.13 0.12 20.8 0 0 174.57 355.45
  Q 175.13 355.84 176.86 359.63
  Q 182.40 371.75 184.57 383.00
  C 186.10 390.93 186.02 397.68 184.43 405.23
  C 182.35 415.16 178.35 427.57 179.48 439.57
  Q 180.48 450.15 182.78 456.41
  Q 186.14 465.58 194.04 472.36"
/>
<path stroke="#708825" vector-effect="non-scaling-stroke" d="
  M 231.76 474.14
  C 223.83 464.32 220.47 453.07 219.58 440.72
  C 218.70 428.54 217.48 417.56 213.16 406.63
  Q 201.66 377.55 177.92 357.16
  A 0.01 0.01 0.0 0 0 177.90 357.16
  L 177.58 357.37
  A 0.19 0.18 51.8 0 0 177.55 357.66
  Q 181.21 361.15 184.58 365.69
  Q 198.49 384.44 204.58 406.65
  Q 207.75 418.20 207.45 428.51
  Q 207.03 442.89 207.35 449.69
  Q 207.95 462.17 213.63 474.39"
/>
<path stroke="#819825" vector-effect="non-scaling-stroke" d="
  M 437.33 236.19
  L 431.35 236.19
  A 1.16 1.15 79.0 0 1 430.26 235.45
  Q 419.50 207.89 425.74 178.69
  Q 430.82 154.87 432.31 147.28
  Q 436.52 125.85 434.10 103.72
  C 430.35 69.26 419.72 36.67 400.91 8.23
  A 0.16 0.16 0.0 0 0 400.70 8.18
  A 0.16 0.15 -26.6 0 0 400.63 8.38
  Q 422.02 55.12 420.06 106.58
  Q 419.66 117.14 418.02 125.85
  C 414.05 146.93 404.12 166.41 400.14 187.29
  Q 396.21 207.93 399.61 228.53"
/>
<path stroke="#708825" vector-effect="non-scaling-stroke" d="
  M 100.72 330.20
  A 0.45 0.45 0.0 0 0 100.27 329.75
  L 89.97 329.75
  A 0.45 0.45 0.0 0 1 89.52 329.30
  L 89.52 322.93
  A 0.45 0.45 0.0 0 1 89.97 322.48
  L 100.26 322.48
  A 0.45 0.45 0.0 0 0 100.71 322.03
  L 100.71 315.21
  A 0.45 0.45 0.0 0 0 100.26 314.76
  L 82.71 314.76
  A 0.45 0.45 0.0 0 0 82.26 315.21
  L 82.26 355.29
  A 0.45 0.45 0.0 0 0 82.71 355.74
  L 89.05 355.74
  A 0.45 0.45 0.0 0 0 89.50 355.29
  L 89.50 337.94
  A 0.45 0.45 0.0 0 1 89.95 337.49
  L 100.27 337.49
  A 0.45 0.45 0.0 0 0 100.72 337.04
  L 100.72 330.20"
/>
<path stroke="#708825" vector-effect="non-scaling-stroke" d="
  M 122.26 338.78
  A 0.27 0.27 0.0 0 1 122.78 338.66
  L 130.88 355.52
  A 0.40 0.40 0.0 0 0 131.24 355.74
  L 138.72 355.74
  A 0.15 0.14 -13.6 0 0 138.85 355.53
  L 130.52 338.19
  A 0.61 0.61 0.0 0 1 130.82 337.37
  Q 137.37 334.33 137.04 326.32
  Q 136.62 316.11 127.62 315.10
  Q 122.92 314.56 115.87 314.76
  A 0.64 0.63 -0.9 0 0 115.25 315.39
  L 115.25 355.35
  A 0.40 0.40 0.0 0 0 115.65 355.75
  L 121.88 355.75
  A 0.38 0.38 0.0 0 0 122.26 355.37
  L 122.26 338.78"
/>
<path stroke="#708825" vector-effect="non-scaling-stroke" d="
  M 158.74 315.14
  A 0.40 0.40 0.0 0 0 158.34 314.74
  L 152.14 314.74
  A 0.40 0.40 0.0 0 0 151.74 315.14
  L 151.74 355.36
  A 0.40 0.40 0.0 0 0 152.14 355.76
  L 158.34 355.76
  A 0.40 0.40 0.0 0 0 158.74 355.36
  L 158.74 315.14"
/>
<path stroke="#708825" vector-effect="non-scaling-stroke" d="
  M 220.68 337.09
  Q 231.35 355.31 231.45 355.46
  A 0.59 0.58 -13.4 0 0 231.97 355.78
  L 237.87 355.81
  A 0.61 0.61 0.0 0 0 238.49 355.20
  L 238.49 315.13
  A 0.36 0.35 90.0 0 0 238.14 314.77
  L 231.60 314.77
  A 0.36 0.36 0.0 0 0 231.24 315.13
  L 231.24 340.28
  A 0.19 0.19 0.0 0 1 230.89 340.37
  Q 230.05 338.99 226.81 333.47
  Q 216.13 315.25 216.04 315.10
  A 0.59 0.58 -13.4 0 0 215.52 314.78
  L 209.62 314.75
  A 0.61 0.61 0.0 0 0 209.00 315.36
  L 209.00 355.43
  A 0.36 0.35 90.0 0 0 209.35 355.79
  L 215.89 355.79
  A 0.36 0.36 0.0 0 0 216.25 355.43
  L 216.25 330.28
  A 0.19 0.19 0.0 0 1 216.59 330.19
  Q 217.44 331.57 220.68 337.09"
/>
<path stroke="#708825" vector-effect="non-scaling-stroke" d="
  M 254.54 315.25
  L 254.46 355.47
  A 0.39 0.39 0.0 0 0 254.85 355.87
  L 266.81 355.89
  A 18.07 16.83 -89.9 0 0 283.68 337.85
  L 283.68 332.99
  A 18.07 16.83 -89.9 0 0 266.89 314.89
  L 254.93 314.87
  A 0.39 0.39 0.0 0 0 254.54 315.25"
/>
<path stroke="#708825" vector-effect="non-scaling-stroke" d="
  M 315.07 355.75
  A 0.43 0.43 0.0 0 0 315.50 355.32
  L 315.50 348.43
  A 0.43 0.43 0.0 0 0 315.07 348.00
  L 305.94 348.00
  A 0.43 0.43 0.0 0 1 305.51 347.57
  L 305.51 315.16
  A 0.43 0.43 0.0 0 0 305.08 314.73
  L 298.68 314.73
  A 0.43 0.43 0.0 0 0 298.25 315.16
  L 298.25 355.32
  A 0.43 0.43 0.0 0 0 298.68 355.75
  L 315.07 355.75"
/>
<path stroke="#708825" vector-effect="non-scaling-stroke" d="
  M 340.37 355.75
  Q 343.05 355.75 343.43 355.69
  A 0.70 0.70 0.0 0 0 344.01 355.01
  L 344.02 339.04
  A 4.01 3.99 -32.7 0 1 344.39 337.36
  L 354.86 314.95
  A 0.14 0.14 0.0 0 0 354.73 314.75
  L 347.45 314.75
  A 0.40 0.40 0.0 0 0 347.09 314.98
  Q 344.11 321.13 341.14 327.68
  Q 340.69 328.68 340.41 328.68
  Q 340.14 328.68 339.69 327.68
  Q 336.74 321.12 333.78 314.96
  A 0.40 0.40 0.0 0 0 333.42 314.73
  L 326.14 314.71
  A 0.14 0.14 0.0 0 0 326.01 314.91
  L 336.41 337.35
  A 4.01 3.99 32.9 0 1 336.78 339.03
  L 336.74 355.00
  A 0.70 0.70 0.0 0 0 337.32 355.68
  Q 337.70 355.74 340.37 355.75"
/>
<path stroke="#708825" vector-effect="non-scaling-stroke" d="
  M 122.31 322.93
  L 122.21 330.37
  A 0.35 0.35 0.0 0 0 122.55 330.72
  L 125.58 330.76
  A 4.38 3.75 0.8 0 0 130.02 327.07
  L 130.02 326.43
  A 4.38 3.75 0.8 0 0 125.70 322.62
  L 122.67 322.58
  A 0.35 0.35 0.0 0 0 122.31 322.93"
/>
<path stroke="#708825" vector-effect="non-scaling-stroke" d="
  M 261.75 323.08
  L 261.75 347.70
  A 0.43 0.43 0.0 0 0 262.18 348.13
  L 265.95 348.13
  A 10.87 10.52 -90.0 0 0 276.47 337.26
  L 276.47 333.52
  A 10.87 10.52 90.0 0 0 265.95 322.65
  L 262.18 322.65
  A 0.43 0.43 0.0 0 0 261.75 323.08"
/>
</g>
<path fill="#98ac23" d="
  M 437.33 236.19
  L 431.35 236.19
  A 1.16 1.15 79.0 0 1 430.26 235.45
  Q 419.50 207.89 425.74 178.69
  Q 430.82 154.87 432.31 147.28
  Q 436.52 125.85 434.10 103.72
  C 430.35 69.26 419.72 36.67 400.91 8.23
  A 0.16 0.16 0.0 0 0 400.70 8.18
  A 0.16 0.15 -26.6 0 0 400.63 8.38
  Q 422.02 55.12 420.06 106.58
  Q 419.66 117.14 418.02 125.85
  C 414.05 146.93 404.12 166.41 400.14 187.29
  Q 396.21 207.93 399.61 228.53
  L 400.84 234.87
  A 0.32 0.31 5.7 0 1 400.41 235.22
  C 373.09 224.20 356.29 202.44 357.52 172.02
  Q 358.41 149.94 366.16 131.26
  Q 369.29 123.72 376.61 111.72
  Q 383.52 100.37 387.83 92.58
  Q 397.85 74.49 399.70 54.26
  Q 402.05 28.61 397.70 4.73
  Q 397.67 4.57 397.47 4.11
  A 0.45 0.44 9.6 0 1 398.18 3.61
  Q 423.80 26.84 444.51 54.77
  Q 469.56 88.55 476.58 127.37
  A 0.67 0.66 -8.9 0 0 477.33 127.91
  Q 484.76 126.92 492.41 123.62
  C 509.17 116.38 523.85 104.22 536.65 90.63
  A 0.33 0.33 0.0 0 1 537.22 90.89
  Q 534.86 119.44 527.07 146.92
  Q 522.29 163.79 514.75 177.49
  C 504.52 196.07 489.56 213.91 471.34 225.82
  C 461.02 232.57 449.69 235.22 437.33 236.19
  Z"
/>
<path fill="#6a8426" d="
  M 437.33 236.19
  Q 445.95 263.96 447.21 289.55
  Q 451.29 372.41 402.27 438.03
  Q 384.89 461.30 360.52 480.22
  C 303.54 524.45 228.52 538.17 159.63 517.63
  C 104.68 501.26 58.14 464.03 29.32 414.17
  Q 3.00 368.65 0.00 314.07
  L 0.00 292.13
  Q 4.72 213.71 55.48 155.49
  C 93.67 111.68 148.79 84.20 206.96 79.89
  Q 242.58 77.25 278.38 85.92
  Q 288.23 88.30 291.32 91.20
  C 301.84 101.11 295.98 118.02 281.85 119.75
  Q 279.08 120.09 273.22 118.54
  C 216.09 103.48 157.07 114.93 110.14 149.57
  Q 74.96 175.53 53.89 215.56
  C 35.71 250.10 28.68 291.78 34.63 330.86
  Q 43.50 389.07 83.03 432.24
  C 145.58 500.53 248.27 514.20 326.43 464.15
  C 404.61 414.08 436.36 314.89 399.61 228.53
  Q 396.21 207.93 400.14 187.29
  C 404.12 166.41 414.05 146.93 418.02 125.85
  Q 419.66 117.14 420.06 106.58
  Q 422.02 55.12 400.63 8.38
  A 0.16 0.15 -26.6 0 1 400.70 8.18
  A 0.16 0.16 0.0 0 1 400.91 8.23
  C 419.72 36.67 430.35 69.26 434.10 103.72
  Q 436.52 125.85 432.31 147.28
  Q 430.82 154.87 425.74 178.69
  Q 419.50 207.89 430.26 235.45
  A 1.16 1.15 79.0 0 0 431.35 236.19
  L 437.33 236.19
  Z"
/>
<path fill="#bed48d" d="
  M 242.37 214.93
  L 231.43 225.87
  A 0.55 0.54 45.4 0 1 230.65 225.86
  Q 225.88 220.86 220.62 217.87
  C 207.27 210.29 190.95 211.96 180.86 223.92
  C 170.05 236.73 172.04 257.43 185.54 267.48
  C 196.83 275.89 212.89 275.34 224.10 266.59
  Q 228.03 263.52 230.44 261.11
  A 0.50 0.49 44.6 0 1 231.13 261.11
  L 242.40 272.39
  A 0.39 0.39 0.0 0 1 242.40 272.95
  C 234.22 280.79 225.40 287.11 214.25 289.01
  C 200.57 291.34 185.56 289.28 174.26 280.48
  Q 158.13 267.92 156.99 246.35
  C 156.13 230.31 161.79 215.97 174.64 206.47
  C 196.03 190.68 224.83 194.69 242.39 214.09
  A 0.61 0.61 0.0 0 1 242.37 214.93
  Z"
/>
<path fill="#bed48d" d="
  M 315.2570 196.7873
  A 46.69 46.20 -93.7 0 1 364.3737 240.3986
  A 46.69 46.20 -93.7 0 1 321.2830 289.9727
  A 46.69 46.20 -93.7 0 1 272.1663 246.3614
  A 46.69 46.20 -93.7 0 1 315.2570 196.7873
  Z
  M 317.1307 213.4201
  A 30.00 29.05 -92.1 0 0 289.1995 244.4645
  A 30.00 29.05 -92.1 0 0 319.3293 273.3799
  A 30.00 29.05 -92.1 0 0 347.2605 242.3355
  A 30.00 29.05 -92.1 0 0 317.1307 213.4201
  Z"
/>
<path fill="#bed48d" d="
  M 126.50 199.35
  L 126.50 215.40
  A 0.35 0.35 0.0 0 1 126.15 215.75
  L 95.35 215.75
  A 0.35 0.35 0.0 0 0 95.00 216.10
  L 95.00 231.15
  A 0.35 0.35 0.0 0 0 95.35 231.50
  L 126.15 231.50
  A 0.35 0.35 0.0 0 1 126.50 231.85
  L 126.50 247.41
  A 0.35 0.35 0.0 0 1 126.15 247.76
  L 95.35 247.76
  A 0.35 0.35 0.0 0 0 95.00 248.11
  L 95.00 270.41
  A 0.35 0.35 0.0 0 0 95.35 270.76
  L 126.15 270.76
  A 0.35 0.35 0.0 0 1 126.50 271.11
  L 126.50 287.40
  A 0.35 0.35 0.0 0 1 126.15 287.75
  L 78.35 287.75
  A 0.35 0.35 0.0 0 1 78.00 287.40
  L 78.00 199.35
  A 0.35 0.35 0.0 0 1 78.35 199.00
  L 126.15 199.00
  A 0.35 0.35 0.0 0 1 126.50 199.35
  Z"
/>
<path fill="#9eba30" d="
  M 234.76 474.08
  Q 245.63 471.75 252.92 462.91
  C 262.75 451.01 269.24 432.75 269.64 417.46
  Q 270.16 397.73 265.53 378.03
  A 0.30 0.30 0.0 0 0 264.96 377.97
  C 259.80 389.18 251.04 402.33 239.75 408.08
  A 0.73 0.73 0.0 0 1 238.77 407.78
  Q 228.33 388.76 211.09 375.92
  Q 195.25 364.12 177.62 355.78
  A 0.02 0.01 -30.8 0 1 177.63 355.75
  L 194.36 355.75
  A 0.39 0.38 90.0 0 0 194.74 355.36
  L 194.74 348.15
  A 0.42 0.41 90.0 0 0 194.33 347.73
  L 182.34 347.73
  A 0.60 0.60 0.0 0 1 181.74 347.13
  L 181.74 338.04
  A 0.54 0.54 0.0 0 1 182.28 337.50
  L 194.27 337.50
  A 0.45 0.45 0.0 0 0 194.72 337.05
  L 194.72 330.28
  A 0.52 0.52 0.0 0 0 194.20 329.76
  L 182.25 329.76
  A 0.50 0.50 0.0 0 1 181.75 329.26
  L 181.75 323.20
  A 0.44 0.44 0.0 0 1 182.19 322.76
  L 194.33 322.76
  A 0.40 0.39 -90.0 0 0 194.72 322.36
  L 194.72 315.19
  A 0.45 0.45 0.0 0 0 194.27 314.74
  L 175.16 314.74
  A 0.64 0.64 0.0 0 0 174.52 315.38
  L 174.52 355.35
  A 0.13 0.12 20.8 0 0 174.57 355.45
  Q 175.13 355.84 176.86 359.63
  Q 182.40 371.75 184.57 383.00
  C 186.10 390.93 186.02 397.68 184.43 405.23
  C 182.35 415.16 178.35 427.57 179.48 439.57
  Q 180.48 450.15 182.78 456.41
  Q 186.14 465.58 194.04 472.36
  C 152.81 465.69 115.41 444.12 89.03 411.97
  Q 59.50 375.98 52.10 329.74
  Q 50.00 316.66 50.08 303.54
  A 0.54 0.54 0.0 0 1 50.62 303.00
  L 392.37 303.00
  A 0.56 0.56 0.0 0 1 392.93 303.57
  Q 392.50 347.75 371.90 385.40
  C 345.81 433.06 298.80 465.45 244.76 472.99
  Q 239.49 473.73 234.76 474.08
  Z
  M 100.72 330.20
  A 0.45 0.45 0.0 0 0 100.27 329.75
  L 89.97 329.75
  A 0.45 0.45 0.0 0 1 89.52 329.30
  L 89.52 322.93
  A 0.45 0.45 0.0 0 1 89.97 322.48
  L 100.26 322.48
  A 0.45 0.45 0.0 0 0 100.71 322.03
  L 100.71 315.21
  A 0.45 0.45 0.0 0 0 100.26 314.76
  L 82.71 314.76
  A 0.45 0.45 0.0 0 0 82.26 315.21
  L 82.26 355.29
  A 0.45 0.45 0.0 0 0 82.71 355.74
  L 89.05 355.74
  A 0.45 0.45 0.0 0 0 89.50 355.29
  L 89.50 337.94
  A 0.45 0.45 0.0 0 1 89.95 337.49
  L 100.27 337.49
  A 0.45 0.45 0.0 0 0 100.72 337.04
  L 100.72 330.20
  Z
  M 122.26 338.78
  A 0.27 0.27 0.0 0 1 122.78 338.66
  L 130.88 355.52
  A 0.40 0.40 0.0 0 0 131.24 355.74
  L 138.72 355.74
  A 0.15 0.14 -13.6 0 0 138.85 355.53
  L 130.52 338.19
  A 0.61 0.61 0.0 0 1 130.82 337.37
  Q 137.37 334.33 137.04 326.32
  Q 136.62 316.11 127.62 315.10
  Q 122.92 314.56 115.87 314.76
  A 0.64 0.63 -0.9 0 0 115.25 315.39
  L 115.25 355.35
  A 0.40 0.40 0.0 0 0 115.65 355.75
  L 121.88 355.75
  A 0.38 0.38 0.0 0 0 122.26 355.37
  L 122.26 338.78
  Z
  M 158.74 315.14
  A 0.40 0.40 0.0 0 0 158.34 314.74
  L 152.14 314.74
  A 0.40 0.40 0.0 0 0 151.74 315.14
  L 151.74 355.36
  A 0.40 0.40 0.0 0 0 152.14 355.76
  L 158.34 355.76
  A 0.40 0.40 0.0 0 0 158.74 355.36
  L 158.74 315.14
  Z
  M 220.68 337.09
  Q 231.35 355.31 231.45 355.46
  A 0.59 0.58 -13.4 0 0 231.97 355.78
  L 237.87 355.81
  A 0.61 0.61 0.0 0 0 238.49 355.20
  L 238.49 315.13
  A 0.36 0.35 90.0 0 0 238.14 314.77
  L 231.60 314.77
  A 0.36 0.36 0.0 0 0 231.24 315.13
  L 231.24 340.28
  A 0.19 0.19 0.0 0 1 230.89 340.37
  Q 230.05 338.99 226.81 333.47
  Q 216.13 315.25 216.04 315.10
  A 0.59 0.58 -13.4 0 0 215.52 314.78
  L 209.62 314.75
  A 0.61 0.61 0.0 0 0 209.00 315.36
  L 209.00 355.43
  A 0.36 0.35 90.0 0 0 209.35 355.79
  L 215.89 355.79
  A 0.36 0.36 0.0 0 0 216.25 355.43
  L 216.25 330.28
  A 0.19 0.19 0.0 0 1 216.59 330.19
  Q 217.44 331.57 220.68 337.09
  Z
  M 254.54 315.25
  L 254.46 355.47
  A 0.39 0.39 0.0 0 0 254.85 355.87
  L 266.81 355.89
  A 18.07 16.83 -89.9 0 0 283.68 337.85
  L 283.68 332.99
  A 18.07 16.83 -89.9 0 0 266.89 314.89
  L 254.93 314.87
  A 0.39 0.39 0.0 0 0 254.54 315.25
  Z
  M 315.07 355.75
  A 0.43 0.43 0.0 0 0 315.50 355.32
  L 315.50 348.43
  A 0.43 0.43 0.0 0 0 315.07 348.00
  L 305.94 348.00
  A 0.43 0.43 0.0 0 1 305.51 347.57
  L 305.51 315.16
  A 0.43 0.43 0.0 0 0 305.08 314.73
  L 298.68 314.73
  A 0.43 0.43 0.0 0 0 298.25 315.16
  L 298.25 355.32
  A 0.43 0.43 0.0 0 0 298.68 355.75
  L 315.07 355.75
  Z
  M 340.37 355.75
  Q 343.05 355.75 343.43 355.69
  A 0.70 0.70 0.0 0 0 344.01 355.01
  L 344.02 339.04
  A 4.01 3.99 -32.7 0 1 344.39 337.36
  L 354.86 314.95
  A 0.14 0.14 0.0 0 0 354.73 314.75
  L 347.45 314.75
  A 0.40 0.40 0.0 0 0 347.09 314.98
  Q 344.11 321.13 341.14 327.68
  Q 340.69 328.68 340.41 328.68
  Q 340.14 328.68 339.69 327.68
  Q 336.74 321.12 333.78 314.96
  A 0.40 0.40 0.0 0 0 333.42 314.73
  L 326.14 314.71
  A 0.14 0.14 0.0 0 0 326.01 314.91
  L 336.41 337.35
  A 4.01 3.99 32.9 0 1 336.78 339.03
  L 336.74 355.00
  A 0.70 0.70 0.0 0 0 337.32 355.68
  Q 337.70 355.74 340.37 355.75
  Z"
/>
<path fill="#42561a" d="
  M 100.72 330.20
  L 100.72 337.04
  A 0.45 0.45 0.0 0 1 100.27 337.49
  L 89.95 337.49
  A 0.45 0.45 0.0 0 0 89.50 337.94
  L 89.50 355.29
  A 0.45 0.45 0.0 0 1 89.05 355.74
  L 82.71 355.74
  A 0.45 0.45 0.0 0 1 82.26 355.29
  L 82.26 315.21
  A 0.45 0.45 0.0 0 1 82.71 314.76
  L 100.26 314.76
  A 0.45 0.45 0.0 0 1 100.71 315.21
  L 100.71 322.03
  A 0.45 0.45 0.0 0 1 100.26 322.48
  L 89.97 322.48
  A 0.45 0.45 0.0 0 0 89.52 322.93
  L 89.52 329.30
  A 0.45 0.45 0.0 0 0 89.97 329.75
  L 100.27 329.75
  A 0.45 0.45 0.0 0 1 100.72 330.20
  Z"
/>
<path fill="#42561a" d="
  M 122.26 338.78
  L 122.26 355.37
  A 0.38 0.38 0.0 0 1 121.88 355.75
  L 115.65 355.75
  A 0.40 0.40 0.0 0 1 115.25 355.35
  L 115.25 315.39
  A 0.64 0.63 -0.9 0 1 115.87 314.76
  Q 122.92 314.56 127.62 315.10
  Q 136.62 316.11 137.04 326.32
  Q 137.37 334.33 130.82 337.37
  A 0.61 0.61 0.0 0 0 130.52 338.19
  L 138.85 355.53
  A 0.15 0.14 -13.6 0 1 138.72 355.74
  L 131.24 355.74
  A 0.40 0.40 0.0 0 1 130.88 355.52
  L 122.78 338.66
  A 0.27 0.27 0.0 0 0 122.26 338.78
  Z
  M 122.31 322.93
  L 122.21 330.37
  A 0.35 0.35 0.0 0 0 122.55 330.72
  L 125.58 330.76
  A 4.38 3.75 0.8 0 0 130.02 327.07
  L 130.02 326.43
  A 4.38 3.75 0.8 0 0 125.70 322.62
  L 122.67 322.58
  A 0.35 0.35 0.0 0 0 122.31 322.93
  Z"
/>
<rect fill="#42561a" x="151.74" y="314.74" width="7.00" height="606" rx="0.40"/>
<path fill="#42561a" d="
  M 234.76 474.08
  Q 232.91 473.82 231.76 474.14
  C 223.83 464.32 220.47 453.07 219.58 440.72
  C 218.70 428.54 217.48 417.56 213.16 406.63
  Q 201.66 377.55 177.92 357.16
  A 0.01 0.01 0.0 0 0 177.90 357.16
  L 177.58 357.37
  A 0.19 0.18 51.8 0 0 177.55 357.66
  Q 181.21 361.15 184.58 365.69
  Q 198.49 384.44 204.58 406.65
  Q 207.75 418.20 207.45 428.51
  Q 207.03 442.89 207.35 449.69
  Q 207.95 462.17 213.63 474.39
  L 203.31 473.87
  A 0.53 0.48 47.9 0 1 203.21 473.86
  L 194.04 472.36
  Q 186.14 465.58 182.78 456.41
  Q 180.48 450.15 179.48 439.57
  C 178.35 427.57 182.35 415.16 184.43 405.23
  C 186.02 397.68 186.10 390.93 184.57 383.00
  Q 182.40 371.75 176.86 359.63
  Q 175.13 355.84 174.57 355.45
  A 0.13 0.12 20.8 0 1 174.52 355.35
  L 174.52 315.38
  A 0.64 0.64 0.0 0 1 175.16 314.74
  L 194.27 314.74
  A 0.45 0.45 0.0 0 1 194.72 315.19
  L 194.72 322.36
  A 0.40 0.39 -90.0 0 1 194.33 322.76
  L 182.19 322.76
  A 0.44 0.44 0.0 0 0 181.75 323.20
  L 181.75 329.26
  A 0.50 0.50 0.0 0 0 182.25 329.76
  L 194.20 329.76
  A 0.52 0.52 0.0 0 1 194.72 330.28
  L 194.72 337.05
  A 0.45 0.45 0.0 0 1 194.27 337.50
  L 182.28 337.50
  A 0.54 0.54 0.0 0 0 181.74 338.04
  L 181.74 347.13
  A 0.60 0.60 0.0 0 0 182.34 347.73
  L 194.33 347.73
  A 0.42 0.41 -90.0 0 1 194.74 348.15
  L 194.74 355.36
  A 0.39 0.38 90.0 0 1 194.36 355.75
  L 177.63 355.75
  A 0.02 0.01 -30.8 0 0 177.62 355.78
  Q 195.25 364.12 211.09 375.92
  Q 228.33 388.76 238.77 407.78
  A 0.73 0.73 0.0 0 0 239.75 408.08
  C 251.04 402.33 259.80 389.18 264.96 377.97
  A 0.30 0.30 0.0 0 1 265.53 378.03
  Q 270.16 397.73 269.64 417.46
  C 269.24 432.75 262.75 451.01 252.92 462.91
  Q 245.63 471.75 234.76 474.08
  Z"
/>
<path fill="#42561a" d="
  M 220.68 337.09
  Q 217.44 331.57 216.59 330.19
  A 0.19 0.19 0.0 0 0 216.25 330.28
  L 216.25 355.43
  A 0.36 0.36 0.0 0 1 215.89 355.79
  L 209.35 355.79
  A 0.36 0.35 90.0 0 1 209.00 355.43
  L 209.00 315.36
  A 0.61 0.61 0.0 0 1 209.62 314.75
  L 215.52 314.78
  A 0.59 0.58 -13.4 0 1 216.04 315.10
  Q 216.13 315.25 226.81 333.47
  Q 230.05 338.99 230.89 340.37
  A 0.19 0.19 0.0 0 0 231.24 340.28
  L 231.24 315.13
  A 0.36 0.36 0.0 0 1 231.60 314.77
  L 238.14 314.77
  A 0.36 0.35 90.0 0 1 238.49 315.13
  L 238.49 355.20
  A 0.61 0.61 0.0 0 1 237.87 355.81
  L 231.97 355.78
  A 0.59 0.58 -13.4 0 1 231.45 355.46
  Q 231.35 355.31 220.68 337.09
  Z"
/>
<path fill="#42561a" d="
  M 254.54 315.25
  A 0.39 0.39 0.0 0 1 254.93 314.87
  L 266.89 314.89
  A 18.07 16.83 -89.9 0 1 283.68 332.99
  L 283.68 337.85
  A 18.07 16.83 -89.9 0 1 266.81 355.89
  L 254.85 355.87
  A 0.39 0.39 0.0 0 1 254.46 355.47
  L 254.54 315.25
  Z
  M 261.75 323.08
  L 261.75 347.70
  A 0.43 0.43 0.0 0 0 262.18 348.13
  L 265.95 348.13
  A 10.87 10.52 -90.0 0 0 276.47 337.26
  L 276.47 333.52
  A 10.87 10.52 90.0 0 0 265.95 322.65
  L 262.18 322.65
  A 0.43 0.43 0.0 0 0 261.75 323.08
  Z"
/>
<path fill="#42561a" d="
  M 315.07 355.75
  L 298.68 355.75
  A 0.43 0.43 0.0 0 1 298.25 355.32
  L 298.25 315.16
  A 0.43 0.43 0.0 0 1 298.68 314.73
  L 305.08 314.73
  A 0.43 0.43 0.0 0 1 305.51 315.16
  L 305.51 347.57
  A 0.43 0.43 0.0 0 0 305.94 348.00
  L 315.07 348.00
  A 0.43 0.43 0.0 0 1 315.50 348.43
  L 315.50 355.32
  A 0.43 0.43 0.0 0 1 315.07 355.75
  Z"
/>
<path fill="#42561a" d="
  M 340.41 328.68
  Q 340.69 328.68 341.14 327.68
  Q 344.11 321.13 347.09 314.98
  A 0.40 0.40 0.0 0 1 347.45 314.75
  L 354.73 314.75
  A 0.14 0.14 0.0 0 1 354.86 314.95
  L 344.39 337.36
  A 4.01 3.99 -32.7 0 0 344.02 339.04
  L 344.01 355.01
  A 0.70 0.70 0.0 0 1 343.43 355.69
  Q 343.05 355.75 340.37 355.75
  Q 337.70 355.74 337.32 355.68
  A 0.70 0.70 0.0 0 1 336.74 355.00
  L 336.78 339.03
  A 4.01 3.99 32.9 0 0 336.41 337.35
  L 326.01 314.91
  A 0.14 0.14 0.0 0 1 326.14 314.71
  L 333.42 314.73
  A 0.40 0.40 0.0 0 1 333.78 314.96
  Q 336.74 321.12 339.69 327.68
  Q 340.14 328.68 340.41 328.68
  Z"
/>
<path fill="#9eba30" d="
  M 122.31 322.93
  A 0.35 0.35 0.0 0 1 122.67 322.58
  L 125.70 322.62
  A 4.38 3.75 0.8 0 1 130.02 326.43
  L 130.02 327.07
  A 4.38 3.75 0.8 0 1 125.58 330.76
  L 122.55 330.72
  A 0.35 0.35 0.0 0 1 122.21 330.37
  L 122.31 322.93
  Z"
/>
<path fill="#9eba30" d="
  M 261.75 323.08
  A 0.43 0.43 0.0 0 1 262.18 322.65
  L 265.95 322.65
  A 10.87 10.52 -90.0 0 1 276.47 333.52
  L 276.47 337.26
  A 10.87 10.52 -90.0 0 1 265.95 348.13
  L 262.18 348.13
  A 0.43 0.43 0.0 0 1 261.75 347.70
  L 261.75 323.08
  Z"
/>
<path fill="#9eba30" d="
  M 231.76 474.14
  L 213.63 474.39
  Q 207.95 462.17 207.35 449.69
  Q 207.03 442.89 207.45 428.51
  Q 207.75 418.20 204.58 406.65
  Q 198.49 384.44 184.58 365.69
  Q 181.21 361.15 177.55 357.66
  A 0.19 0.18 51.8 0 1 177.58 357.37
  L 177.90 357.16
  A 0.01 0.01 0.0 0 1 177.92 357.16
  Q 201.66 377.55 213.16 406.63
  C 217.48 417.56 218.70 428.54 219.58 440.72
  C 220.47 453.07 223.83 464.32 231.76 474.14
  Z"
/>
<path fill="#ffffff" d="
  M 78.32 606.00
  L 75.97 606.00
  Q 55.73 603.32 55.80 582.21
  C 55.84 571.41 61.91 561.32 72.99 559.34
  C 92.11 555.92 103.20 572.31 98.35 589.68
  Q 94.07 605.04 78.32 606.00
  Z
  M 77.5300 567.1500
  A 15.27 10.95 -90.0 0 0 66.5800 582.4200
  A 15.27 10.95 -90.0 0 0 77.5300 597.6900
  A 15.27 10.95 -90.0 0 0 88.4800 582.4200
  A 15.27 10.95 -90.0 0 0 77.5300 567.1500
  Z"
/>
<path fill="#ffffff" d="
  M 115.62 605.25
  L 106.36 605.25
  A 0.36 0.36 0.0 0 1 106.00 604.89
  L 106.00 560.63
  A 0.49 0.48 -4.1 0 1 106.42 560.15
  Q 112.25 559.36 119.74 559.27
  C 127.72 559.18 137.11 560.85 138.40 570.27
  Q 139.41 577.68 133.73 581.99
  Q 132.63 582.82 131.60 583.42
  A 0.41 0.41 0.0 0 0 131.56 584.11
  Q 135.30 586.77 136.55 591.96
  Q 137.06 594.10 140.08 604.59
  A 0.52 0.52 0.0 0 1 139.58 605.25
  L 130.12 605.25
  A 0.95 0.95 0.0 0 1 129.23 604.63
  Q 128.56 602.85 125.82 592.45
  C 124.56 587.70 121.17 587.18 116.82 587.27
  A 0.60 0.59 -1.0 0 0 116.24 587.86
  L 116.24 604.62
  A 0.63 0.62 -90.0 0 1 115.62 605.25
  Z
  M 116.23 567.77
  L 116.27 579.13
  A 0.57 0.57 0.0 0 0 116.84 579.70
  L 121.15 579.68
  A 7.10 6.15 -0.2 0 0 128.23 573.51
  L 128.23 573.31
  A 7.10 6.15 -0.2 0 0 121.11 567.18
  L 116.80 567.20
  A 0.57 0.57 0.0 0 0 116.23 567.77
  Z"
/>
<path fill="#ffffff" d="
  M 298.86 605.25
  L 289.59 605.25
  A 0.59 0.59 0.0 0 1 289.00 604.66
  L 289.00 560.87
  A 0.66 0.65 86.0 0 1 289.56 560.22
  Q 300.27 558.58 309.45 559.82
  C 316.75 560.81 321.75 565.91 321.81 573.52
  C 321.91 586.62 310.85 589.56 300.03 589.14
  A 0.52 0.51 1.1 0 0 299.49 589.65
  L 299.49 604.62
  A 0.63 0.63 0.0 0 1 298.86 605.25
  Z
  M 299.41 568.14
  L 299.57 580.16
  A 0.84 0.84 0.0 0 0 300.43 580.99
  L 304.12 580.94
  A 7.49 6.66 -0.8 0 0 311.51 574.18
  L 311.51 573.80
  A 7.49 6.66 -0.8 0 0 303.92 567.24
  L 300.23 567.29
  A 0.84 0.84 0.0 0 0 299.41 568.14
  Z"
/>
<path fill="#ffffff" d="
  M 50.24 560.13
  L 50.24 567.87
  A 0.38 0.38 0.0 0 1 49.86 568.25
  L 33.38 568.25
  A 0.38 0.38 0.0 0 0 33.00 568.63
  L 33.00 578.12
  A 0.38 0.38 0.0 0 0 33.38 578.50
  L 48.87 578.50
  A 0.38 0.38 0.0 0 1 49.25 578.88
  L 49.25 586.62
  A 0.38 0.38 0.0 0 1 48.87 587.00
  L 33.38 587.00
  A 0.38 0.38 0.0 0 0 33.00 587.38
  L 33.00 604.87
  A 0.38 0.38 0.0 0 1 32.62 605.25
  L 22.63 605.25
  A 0.38 0.38 0.0 0 1 22.25 604.87
  L 22.25 560.13
  A 0.38 0.38 0.0 0 1 22.63 559.75
  L 49.86 559.75
  A 0.38 0.38 0.0 0 1 50.24 560.13
  Z"
/>
<path fill="#ffffff" d="
  M 170.69 559.74
  Q 179.45 559.75 187.76 559.78
  A 0.43 0.43 0.0 0 1 188.19 560.21
  L 188.19 568.10
  A 0.42 0.42 0.0 0 1 187.77 568.52
  L 176.60 568.52
  A 0.61 0.61 0.0 0 0 175.99 569.13
  L 175.93 604.60
  A 0.66 0.66 0.0 0 1 175.43 605.24
  Q 175.31 605.27 170.60 605.26
  Q 165.90 605.25 165.78 605.22
  A 0.66 0.66 0.0 0 1 165.28 604.58
  L 165.36 569.11
  A 0.61 0.61 0.0 0 0 164.75 568.50
  L 153.58 568.45
  A 0.42 0.42 0.0 0 1 153.16 568.03
  L 153.20 560.14
  A 0.43 0.43 0.0 0 1 153.63 559.71
  Q 161.94 559.72 170.69 559.74
  Z"
/>
<path fill="#ffffff" d="
  M 212.25 577.00
  Q 219.46 577.00 219.85 576.99
  A 0.66 0.66 0.0 0 0 220.50 576.33
  L 220.50 560.35
  A 0.61 0.60 0.0 0 1 221.11 559.75
  L 230.41 559.75
  A 0.59 0.59 0.0 0 1 231.00 560.34
  L 231.00 604.64
  A 0.61 0.61 0.0 0 1 230.39 605.25
  L 221.15 605.25
  A 0.65 0.65 0.0 0 1 220.50 604.60
  L 220.50 586.63
  A 0.36 0.36 0.0 0 0 220.15 586.27
  Q 219.74 586.25 212.25 586.25
  Q 204.76 586.25 204.35 586.27
  A 0.36 0.36 0.0 0 0 204.00 586.63
  L 204.00 604.60
  A 0.65 0.65 0.0 0 1 203.35 605.25
  L 194.11 605.25
  A 0.61 0.61 0.0 0 1 193.50 604.64
  L 193.50 560.34
  A 0.59 0.59 0.0 0 1 194.09 559.75
  L 203.39 559.75
  A 0.61 0.60 -0.0 0 1 204.00 560.35
  L 204.00 576.33
  A 0.66 0.66 0.0 0 0 204.65 576.99
  Q 205.04 577.00 212.25 577.00
  Z"
/>
<path fill="#ffffff" d="
  M 239.74 560.44
  A 0.69 0.69 0.0 0 1 240.43 559.75
  L 267.65 559.76
  A 0.34 0.34 0.0 0 1 267.99 560.09
  L 267.98 567.93
  A 0.32 0.32 0.0 0 1 267.66 568.25
  L 250.68 568.25
  A 0.43 0.43 0.0 0 0 250.25 568.68
  L 250.24 577.06
  A 0.44 0.43 90.0 0 0 250.67 577.50
  L 266.44 577.51
  A 0.41 0.41 0.0 0 1 266.85 577.92
  L 266.88 585.56
  A 0.44 0.43 90.0 0 1 266.45 586.00
  L 250.82 586.00
  A 0.59 0.59 0.0 0 0 250.23 586.59
  L 250.24 595.91
  A 0.60 0.59 -0.0 0 0 250.84 596.49
  L 268.38 596.50
  A 0.36 0.36 0.0 0 1 268.74 596.86
  L 268.74 604.86
  A 0.38 0.37 90.0 0 1 268.37 605.24
  L 240.36 605.24
  A 0.61 0.61 0.0 0 1 239.75 604.63
  L 239.74 560.44
  Z"
/>
<path fill="#ffffff" d="
  M 338.75 560.15
  L 338.75 595.86
  A 0.39 0.39 0.0 0 0 339.14 596.25
  L 356.36 596.25
  A 0.39 0.39 0.0 0 1 356.75 596.64
  L 356.75 604.86
  A 0.39 0.39 0.0 0 1 356.36 605.25
  L 328.64 605.25
  A 0.39 0.39 0.0 0 1 328.25 604.86
  L 328.25 560.15
  A 0.39 0.39 0.0 0 1 328.64 559.76
  L 338.36 559.76
  A 0.39 0.39 0.0 0 1 338.75 560.15
  Z"
/>
<path fill="#ffffff" d="
  M 373.65 559.75
  L 386.80 559.75
  A 0.40 0.40 0.0 0 1 387.18 560.03
  L 401.03 604.73
  A 0.40 0.40 0.0 0 1 400.65 605.25
  L 390.19 605.25
  A 0.40 0.40 0.0 0 1 389.81 604.97
  L 386.35 593.78
  A 0.40 0.40 0.0 0 0 385.97 593.50
  L 374.10 593.50
  A 0.40 0.40 0.0 0 0 373.71 593.78
  L 370.30 604.97
  A 0.40 0.40 0.0 0 1 369.91 605.25
  L 359.98 605.25
  A 0.40 0.40 0.0 0 1 359.60 604.73
  L 373.26 560.03
  A 0.40 0.40 0.0 0 1 373.65 559.75
  Z
  M 379.62 568.89
  L 375.40 585.21
  A 0.43 0.43 0.0 0 0 375.82 585.75
  L 384.29 585.75
  A 0.53 0.53 0.0 0 0 384.79 585.06
  L 379.78 568.89
  A 0.08 0.08 0.0 0 0 379.62 568.89
  Z"
/>
<path fill="#ffffff" d="
  M 444.50 560.09
  L 444.50 604.64
  A 0.61 0.61 0.0 0 1 443.89 605.25
  L 434.01 605.25
  A 0.91 0.90 75.3 0 1 433.22 604.78
  L 416.37 573.34
  A 0.02 0.02 0.0 0 0 416.34 573.35
  L 416.56 604.98
  A 0.26 0.26 0.0 0 1 416.30 605.24
  L 407.30 605.24
  A 0.30 0.30 0.0 0 1 407.00 604.94
  L 407.00 560.32
  A 0.58 0.57 -0.0 0 1 407.58 559.75
  L 418.56 559.75
  A 0.96 0.94 -14.4 0 1 419.39 560.23
  C 424.87 569.70 431.27 580.06 435.35 590.56
  A 0.11 0.11 0.0 0 0 435.57 590.51
  Q 434.63 575.30 435.10 560.03
  A 0.29 0.29 0.0 0 1 435.39 559.75
  L 444.16 559.75
  A 0.34 0.34 0.0 0 1 444.50 560.09
  Z"
/>
<path fill="#ffffff" d="
  M 481.50 560.12
  L 481.50 567.88
  A 0.37 0.37 0.0 0 1 481.13 568.25
  L 464.12 568.25
  A 0.37 0.37 0.0 0 0 463.75 568.62
  L 463.75 577.13
  A 0.37 0.37 0.0 0 0 464.12 577.50
  L 480.01 577.50
  A 0.37 0.37 0.0 0 1 480.38 577.87
  L 480.38 585.63
  A 0.37 0.37 0.0 0 1 480.01 586.00
  L 464.12 586.00
  A 0.37 0.37 0.0 0 0 463.75 586.37
  L 463.75 596.14
  A 0.37 0.37 0.0 0 0 464.12 596.51
  L 481.88 596.51
  A 0.37 0.37 0.0 0 1 482.25 596.88
  L 482.25 604.88
  A 0.37 0.37 0.0 0 1 481.88 605.25
  L 453.62 605.25
  A 0.37 0.37 0.0 0 1 453.25 604.88
  L 453.25 560.12
  A 0.37 0.37 0.0 0 1 453.62 559.75
  L 481.13 559.75
  A 0.37 0.37 0.0 0 1 481.50 560.12
  Z"
/>
<path fill="#ffffff" d="
  M 503.51 605.24
  Q 498.81 605.24 498.69 605.21
  A 0.66 0.66 0.0 0 1 498.19 604.57
  L 498.18 569.13
  A 0.61 0.61 0.0 0 0 497.58 568.52
  L 486.42 568.50
  A 0.42 0.42 0.0 0 1 486.00 568.08
  L 486.01 560.20
  A 0.43 0.43 0.0 0 1 486.44 559.77
  Q 494.75 559.75 503.49 559.76
  Q 512.23 559.75 520.54 559.76
  A 0.43 0.43 0.0 0 1 520.97 560.18
  L 520.99 568.07
  A 0.42 0.42 0.0 0 1 520.57 568.49
  L 509.41 568.51
  A 0.61 0.61 0.0 0 0 508.80 569.12
  L 508.83 604.56
  A 0.66 0.66 0.0 0 1 508.33 605.20
  Q 508.21 605.23 503.51 605.24
  Z"
/>
</svg>
