<svg xmlns="http://www.w3.org/2000/svg" 
                      viewBox="0 0 655.1 655.1" 
                      width="655.1" 
                      height="655.1"
                      preserveAspectRatio="none"
                      data-content-extracted="true"
                      data-overflow="horizontal:4,vertical:4"
                      data-original-bounds="-87.4,-87.4,563.7,563.7">
                        <g transform="translate(89.4, 89.4)">
                          
<g stroke-width="713.4" fill="none" stroke-linecap="butt">
<path vector-effect="non-scaling-stroke" d="   M 315.52 563.70   Q 315.60 563.70 315.68 563.68   Q 315.75 563.66 315.81 563.60   Q 330.92 547.85 344.38 531.64   Q 357.17 516.22 366.69 499.63   A 0.11 0.11 0.0 0 1 366.90 499.70   L 361.31 538.36   A 0.40 0.40 0.0 0 0 361.75 538.81   Q 361.89 538.79 362.09 538.52   Q 382.30 511.86 405.85 479.61   Q 422.21 457.19 436.79 432.04   Q 447.10 414.26 453.82 398.10   Q 458.39 387.14 463.43 369.67   C 467.62 355.18 470.89 344.95 472.36 337.15   A 4.74 4.62 46.5 0 0 472.38 335.60   L 468.82 312.28   A 0.21 0.20 11.4 0 1 469.13 312.08   L 511.87 338.72   A 0.33 0.32 24.2 0 0 512.36 338.54   C 512.60 337.77 494.16 307.56 480.49 284.80   C 468.58 264.98 451.49 245.67 431.00 236.62   A 0.54 0.54 0.0 0 1 430.73 235.90   Q 432.62 231.83 433.86 228.12   Q 438.92 213.02 447.04 187.99   A 0.43 0.43 0.0 0 0 446.42 187.49   L 432.77 195.37   A 0.32 0.32 0.0 0 1 432.30 195.00   C 438.67 173.45 438.90 152.02 437.73 128.75   Q 436.70 108.31 433.45 49.66   A 0.37 0.36 52.8 0 0 432.74 49.56   Q 419.79 88.31 410.69 115.42   C 404.67 133.35 399.06 147.37 390.52 162.33   A 0.67 0.66 28.2 0 1 389.64 162.59   Q 367.15 150.85 341.49 147.59   Q 332.44 146.44 328.23 145.56   A 6.57 6.57 0.0 0 0 326.71 145.42   Q 321.05 145.53 315.53 145.53   Q 310.02 145.53 304.35 145.42   A 6.57 6.57 0.0 0 0 302.83 145.56   Q 298.62 146.44 289.57 147.59   Q 263.91 150.85 241.42 162.59   A 0.67 0.66 -28.2 0 1 240.54 162.33   C 232.00 147.37 226.39 133.35 220.37 115.42   Q 211.27 88.31 198.33 49.56   A 0.37 0.36 -52.8 0 0 197.62 49.66   Q 194.36 108.31 193.33 128.75   C 192.16 152.02 192.39 173.45 198.76 195.00   A 0.32 0.32 0.0 0 1 198.29 195.37   L 184.64 187.49   A 0.43 0.43 0.0 0 0 184.02 187.99   Q 192.14 213.02 197.20 228.12   Q 198.44 231.83 200.33 235.90   A 0.54 0.54 0.0 0 1 200.06 236.62   C 179.57 245.67 162.48 264.98 150.57 284.79   C 136.90 307.55 118.46 337.76 118.70 338.53   A 0.33 0.32 -24.2 0 0 119.19 338.71   L 161.93 312.08   A 0.21 0.20 -11.4 0 1 162.24 312.28   L 158.68 335.59   A 4.74 4.62 -46.5 0 0 158.70 337.14   C 160.17 344.95 163.44 355.18 167.63 369.67   Q 172.66 387.14 177.23 398.10   Q 183.95 414.26 194.26 432.04   Q 208.84 457.19 225.20 479.61   Q 248.75 511.86 268.96 538.52   Q 269.16 538.79 269.30 538.81   A 0.40 0.40 0.0 0 0 269.74 538.36   L 264.15 499.70   A 0.11 0.11 0.0 0 1 264.36 499.63   Q 273.88 516.22 286.67 531.64   Q 300.13 547.85 315.24 563.60   Q 315.30 563.66 315.37 563.68   Q 315.44 563.70 315.52 563.70"/>
<path vector-effect="non-scaling-stroke" d="   M 315.53 150.36   C 311.89 150.36 308.53 150.21 304.85 150.59   Q 298.63 151.24 291.05 152.15   Q 263.55 155.47 239.96 168.80   A 0.87 0.86 59.3 0 1 238.79 168.50   Q 226.58 148.35 218.93 125.78   Q 207.14 90.97 201.53 73.94   A 0.25 0.25 0.0 0 0 201.05 74.00   Q 198.24 124.51 197.88 130.78   Q 197.64 135.03 197.61 153.00   Q 197.56 180.04 207.10 205.11   A 0.32 0.32 0.0 0 1 206.64 205.50   L 192.66 197.43   A 0.31 0.31 0.0 0 0 192.21 197.79   Q 198.27 216.68 201.67 226.54   Q 203.83 232.83 206.65 238.44   A 0.46 0.46 0.0 0 1 206.41 239.08   C 183.51 248.34 167.39 266.16 154.71 286.98   Q 153.87 288.34 132.19 324.58   A 0.20 0.20 0.0 0 0 132.47 324.85   Q 146.91 315.95 169.13 302.09   Q 170.66 301.14 172.26 300.77   A 0.24 0.24 0.0 0 1 172.52 301.12   Q 168.32 308.36 167.04 314.01   Q 165.19 322.17 163.63 334.22   Q 163.52 335.07 163.58 337.21   A 6.60 6.60 0.0 0 0 163.82 338.82   Q 174.23 376.27 177.36 385.18   Q 183.70 403.22 193.16 420.55   Q 206.92 445.73 224.09 469.94   Q 241.76 494.86 262.30 521.79   A 0.17 0.17 0.0 0 0 262.60 521.66   Q 259.42 500.48 256.45 478.75   Q 256.09 476.10 256.11 471.50   A 0.35 0.35 0.0 0 1 256.79 471.38   C 265.02 493.92 276.45 512.26 292.11 530.90   Q 302.54 543.32 315.31 556.89   C 315.36 556.94 315.45 556.94 315.52 556.94   C 315.60 556.94 315.69 556.94 315.73 556.89   Q 328.51 543.32 338.94 530.90   C 354.60 512.26 366.03 493.92 374.26 471.38   A 0.35 0.35 0.0 0 1 374.94 471.50   Q 374.96 476.10 374.60 478.75   Q 371.63 500.48 368.45 521.66   A 0.17 0.17 0.0 0 0 368.75 521.79   Q 389.29 494.86 406.96 469.94   Q 424.13 445.73 437.89 420.55   Q 447.35 403.22 453.69 385.18   Q 456.82 376.27 467.23 338.83   A 6.60 6.60 0.0 0 0 467.47 337.22   Q 467.53 335.08 467.42 334.23   Q 465.86 322.17 464.01 314.01   Q 462.73 308.36 458.53 301.12   A 0.24 0.24 0.0 0 1 458.79 300.77   Q 460.39 301.14 461.92 302.09   Q 484.14 315.96 498.58 324.86   A 0.20 0.20 0.0 0 0 498.86 324.59   Q 477.19 288.35 476.35 286.99   C 463.67 266.16 447.55 248.34 424.65 239.08   A 0.46 0.46 0.0 0 1 424.41 238.44   Q 427.23 232.83 429.39 226.54   Q 432.79 216.68 438.85 197.79   A 0.31 0.31 0.0 0 0 438.40 197.43   L 424.42 205.50   A 0.32 0.32 0.0 0 1 423.96 205.11   Q 433.50 180.04 433.45 153.00   Q 433.42 135.03 433.18 130.78   Q 432.82 124.51 430.01 74.00   A 0.25 0.25 0.0 0 0 429.53 73.94   Q 423.92 90.97 412.13 125.78   Q 404.48 148.35 392.27 168.50   A 0.87 0.86 -59.3 0 1 391.10 168.80   Q 367.51 155.47 340.01 152.15   Q 332.43 151.24 326.21 150.59   C 322.53 150.21 319.17 150.36 315.53 150.36"/>
<path vector-effect="non-scaling-stroke" d="   M 374.90 172.13   Q 357.60 164.31 336.70 161.88   Q 317.16 159.60 301.68 161.00   C 283.20 162.67 267.01 166.51 249.71 174.91   Q 247.98 175.75 248.36 177.79   Q 250.93 191.60 256.52 204.01   A 0.31 0.30 8.4 0 1 256.04 204.36   Q 243.89 194.02 234.22 179.77   Q 217.75 155.52 208.99 127.43   A 0.35 0.35 0.0 0 0 208.31 127.51   C 206.23 153.42 207.48 177.75 216.58 201.66   Q 223.62 220.11 230.05 233.28   A 0.23 0.22 -82.3 0 1 229.70 233.55   Q 221.32 226.04 212.10 220.17   Q 211.04 219.49 210.12 219.17   A 0.24 0.24 0.0 0 0 209.82 219.48   L 215.95 234.61"/>
<path vector-effect="non-scaling-stroke" d="   M 215.95 234.61   L 217.72 244.65   A 3.87 3.86 -77.4 0 0 219.27 247.10   C 222.54 249.43 225.98 251.58 228.75 254.82   Q 230.48 256.84 234.22 260.88   A 4.21 4.12 14.2 0 1 235.11 262.34   L 238.37 271.60   A 6.32 6.31 -78.9 0 0 240.12 274.21   L 248.02 281.29   A 1.11 1.10 11.1 0 1 248.29 281.69   L 250.58 287.83"/>
<path vector-effect="non-scaling-stroke" d="   M 250.58 287.83   Q 250.24 289.77 249.90 291.78   C 248.88 297.77 251.72 302.63 257.35 304.91   C 263.44 307.38 267.02 304.85 272.17 302.18   A 0.30 0.30 0.0 0 0 272.23 301.68   L 263.26 294.19"/>
<path vector-effect="non-scaling-stroke" d="   M 263.26 294.19   Q 261.05 290.83 259.17 287.24   C 258.05 285.10 258.01 283.78 258.25 281.68   A 0.53 0.52 68.6 0 0 257.33 281.27   C 254.92 284.12 256.85 286.03 257.51 289.02"/>
<path vector-effect="non-scaling-stroke" d="   M 257.51 289.02   L 253.21 285.76"/>
<path vector-effect="non-scaling-stroke" d="   M 253.21 285.76   L 250.49 279.63   A 3.17 3.15 5.6 0 0 249.39 278.30   L 241.01 272.50   A 1.64 1.64 0.0 0 1 240.47 271.88   Q 238.79 268.73 238.55 264.92"/>
<path vector-effect="non-scaling-stroke" d="   M 238.55 264.92   Q 242.81 269.10 247.52 271.52   A 7.47 7.24 -10.4 0 1 248.84 272.40   L 286.61 303.64   A 1.20 1.18 49.8 0 0 287.94 303.76   L 307.76 292.50"/>
<path vector-effect="non-scaling-stroke" d="   M 307.76 292.50   L 308.23 292.72"/>
<path vector-effect="non-scaling-stroke" d="   M 308.23 292.72   L 296.84 302.38"/>
<path vector-effect="non-scaling-stroke" d="   M 296.84 302.38   L 282.01 315.33   A 6.23 6.22 -75.3 0 1 280.06 316.47   Q 273.69 318.73 267.14 320.38   C 273.23 317.87 277.58 315.61 281.55 310.94   A 0.35 0.35 0.0 0 0 281.31 310.36   Q 280.89 310.33 280.39 310.63   C 277.71 312.26 274.75 313.83 270.64 314.43   Q 268.93 314.68 265.08 315.56   A 0.18 0.17 75.0 0 1 264.88 315.44   A 0.19 0.19 0.0 0 1 264.99 315.21   Q 268.99 313.64 269.71 313.41   C 273.72 312.12 275.66 310.38 278.52 307.43   A 0.81 0.81 0.0 0 0 278.20 306.10   Q 277.14 305.75 276.53 306.01   C 268.75 309.39 258.82 312.61 251.59 305.86   C 245.33 300.00 245.80 291.62 247.55 284.03   C 248.19 281.30 245.49 279.21 243.28 281.38   C 241.12 283.49 239.91 284.63 240.37 287.79   Q 241.39 294.94 241.51 305.34   A 2.26 2.24 18.5 0 0 242.40 307.11   Q 250.76 313.41 256.74 318.48   Q 258.04 319.58 257.37 321.40   A 2.23 2.23 0.0 0 1 256.86 322.19   C 254.45 324.53 246.46 326.40 242.47 327.59   A 0.33 0.33 0.0 0 0 242.26 328.04   Q 247.23 338.82 249.90 350.60   Q 250.44 352.98 253.12 355.19   Q 255.13 356.84 256.22 357.07   C 267.39 359.46 277.06 361.82 286.30 367.94   A 0.23 0.22 -4.6 0 0 286.59 367.60   Q 280.12 360.62 274.23 355.30   Q 265.13 347.09 254.84 352.52   A 0.58 0.58 0.0 0 1 254.04 352.24   C 251.15 345.50 249.57 338.86 250.38 331.84   A 1.52 1.50 80.5 0 1 251.20 330.67   L 263.18 324.54   A 0.59 0.58 57.6 0 1 263.91 324.71   Q 269.23 331.50 276.43 337.30"/>
<path vector-effect="non-scaling-stroke" d="   M 276.43 337.30   L 278.60 339.69"/>
<path vector-effect="non-scaling-stroke" d="   M 278.60 339.69   Q 281.22 341.32 282.75 343.85"/>
<path vector-effect="non-scaling-stroke" d="   M 282.75 343.85   Q 281.45 342.66 280.72 342.27   Q 269.56 336.20 258.40 330.06   A 0.36 0.36 0.0 0 0 257.87 330.36   L 257.45 339.35"/>
<path vector-effect="non-scaling-stroke" d="   M 257.45 339.35   Q 257.01 340.98 257.47 342.49   A 0.83 0.83 0.0 0 0 258.14 343.07   Q 264.68 344.09 270.28 346.69   C 276.80 349.72 282.15 356.25 286.12 362.13   Q 291.73 370.46 297.31 379.81   C 301.32 386.52 303.98 393.37 306.08 400.31   Q 310.47 414.82 312.27 425.21   C 312.84 428.53 314.08 431.22 314.88 434.27   A 0.45 0.44 45.5 0 0 315.74 434.28   C 316.59 431.14 317.81 428.43 318.35 425.12   Q 319.67 416.94 323.49 403.75   Q 327.03 391.49 330.35 385.08   Q 334.20 377.65 343.49 363.50   C 347.16 357.91 352.55 350.83 358.40 347.64   Q 364.73 344.19 372.42 343.04   A 0.85 0.84 3.7 0 0 373.11 342.44   Q 373.57 340.85 372.97 339.35"/>
<path vector-effect="non-scaling-stroke" d="   M 372.97 339.35   L 372.66 331.78"/>
<path vector-effect="non-scaling-stroke" d="   M 372.66 331.78   Q 372.93 330.87 372.61 330.48   Q 372.27 330.06 371.42 330.51   Q 359.60 336.76 348.03 343.43"/>
<path vector-effect="non-scaling-stroke" d="   M 348.03 343.43   Q 347.72 343.18 349.28 341.63"/>
<path vector-effect="non-scaling-stroke" d="   M 349.28 341.63   Q 351.09 340.44 351.94 339.26"/>
<path vector-effect="non-scaling-stroke" d="   M 351.94 339.26   Q 360.47 332.39 365.94 325.68   Q 367.53 323.73 368.53 324.41"/>
<path vector-effect="non-scaling-stroke" d="   M 368.53 324.41   Q 367.94 325.06 368.29 325.23   Q 375.14 328.49 379.58 330.75   A 1.07 1.06 -78.7 0 1 380.14 331.60   Q 380.68 338.65 379.95 341.49   Q 378.80 345.95 376.63 352.28   A 0.42 0.41 18.9 0 1 376.09 352.54   C 370.27 350.38 365.82 348.81 360.11 352.63   Q 351.21 358.58 344.57 367.36   A 0.25 0.25 0.0 0 0 344.92 367.71   C 352.04 362.29 363.02 359.32 371.51 357.79   C 375.14 357.13 375.98 356.21 378.96 354.02   Q 380.21 353.11 380.97 349.76   Q 383.50 338.60 388.34 328.24   A 0.51 0.50 21.7 0 0 388.03 327.54   L 375.42 323.44   A 2.35 2.33 51.9 0 0 374.54 323.33   L 373.05 323.43"/>
<path vector-effect="non-scaling-stroke" d="   M 373.05 323.43   Q 372.75 322.85 373.31 322.39   A 0.83 0.83 0.0 0 0 373.51 321.37   Q 373.39 321.16 373.17 320.79   A 1.70 1.55 55.6 0 1 373.47 318.66   Q 386.55 308.30 387.97 307.09   A 3.12 3.11 71.5 0 0 389.07 304.87   L 389.92 288.99   A 0.27 0.27 0.0 0 1 390.20 288.73   L 390.62 288.75   A 0.55 0.55 0.0 0 1 391.14 289.30   L 391.14 306.30   A 1.00 0.99 -23.2 0 1 390.86 306.99   C 388.50 309.41 379.25 316.38 380.28 319.92   Q 380.84 321.82 384.24 322.38"/>
<path vector-effect="non-scaling-stroke" d="   M 384.24 322.38   Q 391.32 323.83 399.16 323.77"/>
<path vector-effect="non-scaling-stroke" d="   M 399.16 323.77   Q 397.26 324.87 395.21 327.46   Q 394.00 328.99 393.58 330.07   Q 391.50 335.47 384.25 355.83   A 2.51 2.49 77.8 0 1 383.67 356.74   Q 380.87 359.53 378.38 360.96   Q 376.93 361.79 371.48 362.34   Q 351.74 364.30 340.91 381.43   Q 331.27 396.66 325.55 414.28"/>
<path vector-effect="non-scaling-stroke" d="   M 325.55 414.28   Q 322.78 420.53 320.03 427.57   C 319.43 429.12 319.32 430.97 318.49 431.88   C 316.94 433.59 316.15 435.99 315.72 438.16   A 0.30 0.30 0.0 0 1 315.15 438.20   C 308.63 420.63 301.88 403.11 293.06 386.94   C 286.15 374.26 276.75 364.77 261.95 362.51   Q 258.17 361.94 253.31 361.74"/>
<path vector-effect="non-scaling-stroke" d="   M 253.31 361.74   L 247.37 357.09   A 2.76 2.75 9.1 0 1 246.47 355.85   Q 238.16 332.90 237.94 332.26   C 236.69 328.56 235.40 326.90 232.86 324.66   A 0.59 0.59 0.0 0 1 233.24 323.63   Q 234.19 323.62 234.76 323.32"/>
<path vector-effect="non-scaling-stroke" d="   M 234.76 323.32   C 239.26 323.66 246.19 323.60 249.93 321.03   A 1.87 1.86 63.8 0 0 250.65 318.90   Q 249.44 315.31 245.75 313.21"/>
<path vector-effect="non-scaling-stroke" d="   M 245.75 313.21   L 239.34 306.66"/>
<path vector-effect="non-scaling-stroke" d="   M 239.34 306.66   L 239.87 287.73   A 0.35 0.34 77.4 0 0 239.37 287.41   Q 238.83 287.69 238.54 288.57   Q 237.58 291.56 235.44 296.78   A 0.16 0.16 0.0 0 1 235.14 296.71   L 236.16 277.46   A 2.13 2.13 0.0 0 0 235.76 276.10   L 231.91 270.83   A 0.57 0.57 0.0 0 0 231.00 270.82   Q 228.33 274.24 227.66 279.02   Q 226.53 287.18 228.95 296.42"/>
<path vector-effect="non-scaling-stroke" d="   M 228.95 296.42   C 218.12 282.77 212.87 265.93 210.58 248.91   A 0.49 0.48 74.8 0 0 209.92 248.53   C 189.06 257.11 173.58 274.62 162.39 293.90   A 0.21 0.21 0.0 0 0 162.68 294.19   Q 173.28 288.08 185.51 286.81   Q 196.22 285.70 202.35 285.98"/>
<path vector-effect="non-scaling-stroke" d="   M 202.35 285.98   C 191.28 293.21 180.28 303.62 176.70 316.71   Q 176.02 319.19 173.71 334.76   A 4.62 4.49 -46.6 0 0 173.73 336.23   Q 174.01 337.73 174.38 339.11   Q 180.79 362.71 186.99 382.73   Q 187.91 385.67 189.86 387.92"/>
<path vector-effect="non-scaling-stroke" d="   M 189.86 387.92   Q 192.43 398.51 198.00 406.74"/>
<path vector-effect="non-scaling-stroke" d="   M 198.00 406.74   Q 201.99 416.44 209.44 428.81   Q 226.27 456.78 246.34 483.43   A 0.21 0.21 0.0 0 0 246.71 483.36   Q 246.80 483.00 246.75 482.53   Q 245.53 469.31 246.04 460.76   Q 247.17 441.75 249.55 427.25   Q 249.61 426.86 249.78 423.23   Q 249.89 420.98 251.01 419.44"/>
<path vector-effect="non-scaling-stroke" d="   M 251.01 419.44   Q 252.92 428.57 255.72 434.73"/>
<path vector-effect="non-scaling-stroke" d="   M 255.72 434.73   Q 258.18 445.43 264.08 461.97   C 271.35 482.31 279.27 497.82 292.24 514.74   Q 304.11 530.24 314.96 541.32   Q 315.52 541.90 315.85 541.01"/>
<path vector-effect="non-scaling-stroke" d="   M 315.85 541.01   Q 316.79 540.49 317.50 539.75   C 332.58 523.74 347.89 504.90 357.47 484.98   C 366.62 465.94 372.36 446.45 378.75 424.77   A 14.68 14.67 53.0 0 0 379.35 420.48   Q 379.28 414.83 379.63 411.37   Q 379.73 409.27 379.62 411.56   Q 379.60 412.14 380.04 412.29"/>
<path vector-effect="non-scaling-stroke" d="   M 380.04 412.29   Q 379.65 415.94 380.86 422.58   Q 383.52 437.13 384.98 461.78   Q 385.62 472.57 384.09 483.20   A 0.35 0.35 0.0 0 0 384.72 483.46   L 391.92 473.74"/>
<path vector-effect="non-scaling-stroke" d="   M 391.92 473.74   Q 410.18 448.66 425.58 421.85   Q 433.04 408.87 438.63 396.09   Q 443.32 385.35 448.20 368.89   Q 453.57 350.75 457.16 337.29   A 6.79 6.71 -41.5 0 0 457.34 334.62   Q 456.81 330.61 455.53 322.88   Q 454.28 315.37 452.52 311.46   C 447.96 301.29 439.13 292.99 429.99 286.89"/>
<path vector-effect="non-scaling-stroke" d="   M 429.99 286.89   Q 429.58 286.42 429.09 285.99   Q 428.73 285.67 428.82 285.37   Q 428.92 285.06 429.27 284.75"/>
<path vector-effect="non-scaling-stroke" d="   M 429.27 284.75   Q 431.18 285.94 435.49 285.93   Q 448.50 285.90 464.89 291.47"/>
<path vector-effect="non-scaling-stroke" d="   M 464.89 291.47   L 468.05 293.91   A 0.27 0.27 0.0 0 0 468.45 293.56   Q 458.56 276.51 444.46 263.30   Q 436.49 255.84 426.56 251.04"/>
<path vector-effect="non-scaling-stroke" d="   M 426.56 251.04   L 421.28 248.60   A 0.51 0.51 0.0 0 0 420.56 249.00   Q 418.29 265.70 411.62 281.17   Q 410.73 283.23 407.82 287.96   Q 405.79 291.24 404.12 294.84"/>
<path vector-effect="non-scaling-stroke" d="   M 404.12 294.84   Q 403.54 295.75 402.33 296.39   A 0.37 0.37 0.0 0 1 401.79 296.12   Q 401.56 294.58 402.03 293.50"/>
<path vector-effect="non-scaling-stroke" d="   M 402.03 293.50   Q 404.95 286.58 403.30 278.20   Q 402.44 273.77 399.91 270.69   A 0.49 0.49 0.0 0 0 399.13 270.73   L 394.48 277.45   A 1.49 1.49 0.0 0 0 394.21 278.45   L 395.72 297.85   A 0.35 0.35 0.0 0 1 395.03 297.97   C 393.99 294.14 392.66 289.21 390.94 287.26   A 2.26 2.25 -71.5 0 1 390.44 286.25   Q 389.58 282.42 386.75 281.82"/>
<path vector-effect="non-scaling-stroke" d="   M 386.75 281.82   Q 385.37 278.86 382.78 281.32   A 0.91 0.91 0.0 0 0 382.52 282.22   Q 383.63 286.46 384.07 290.88   C 384.99 300.09 380.32 308.12 370.75 309.65   C 365.43 310.50 358.67 308.15 353.82 305.87   A 1.23 1.23 0.0 0 0 352.47 307.89   L 356.52 311.61   A 1.24 1.21 74.6 0 0 356.95 311.86   L 366.20 315.05"/>
<path vector-effect="non-scaling-stroke" d="   M 366.20 315.05   Q 366.03 316.09 365.43 317.17"/>
<path vector-effect="non-scaling-stroke" d="   M 365.43 317.17   Q 362.23 315.26 358.71 314.25   Q 354.60 313.08 353.70 312.59   Q 351.35 311.33 349.01 310.06   A 0.26 0.26 0.0 0 0 348.67 310.43   Q 354.07 318.27 363.48 318.56"/>
<path vector-effect="non-scaling-stroke" d="   M 363.48 318.56   Q 363.63 319.55 362.97 320.30"/>
<path vector-effect="non-scaling-stroke" d="   M 362.97 320.30   L 350.66 316.65   A 4.86 4.81 73.6 0 1 348.87 315.66   L 322.92 292.90"/>
<path vector-effect="non-scaling-stroke" d="   M 322.92 292.90   L 328.60 295.97"/>
<path vector-effect="non-scaling-stroke" d="   M 328.60 295.97   L 335.62 299.77"/>
<path vector-effect="non-scaling-stroke" d="   M 335.62 299.77   L 342.54 303.78   A 1.07 1.06 -49.3 0 0 343.76 303.68   L 370.50 281.55"/>
<path vector-effect="non-scaling-stroke" d="   M 370.50 281.55   Q 371.45 283.95 370.57 285.56   Q 368.26 289.79 366.38 294.09"/>
<path vector-effect="non-scaling-stroke" d="   M 366.38 294.09   L 358.37 301.34   A 0.46 0.45 42.0 0 0 358.41 302.04   Q 369.21 310.00 377.84 301.71   C 382.14 297.57 381.16 290.82 379.08 285.81"/>
<path vector-effect="non-scaling-stroke" d="   M 379.08 285.81   Q 380.29 281.78 381.35 280.85   Q 386.94 275.94 389.11 273.92   A 5.10 5.07 78.8 0 0 390.41 271.97   L 395.72 257.55   A 1.28 1.26 -8.7 0 1 396.16 256.96   L 409.95 246.90   A 2.87 2.86 77.5 0 0 411.09 245.10   L 413.95 230.06"/>
<path vector-effect="non-scaling-stroke" d="   M 413.95 230.06   Q 413.89 229.46 414.29 229.03"/>
<path vector-effect="non-scaling-stroke" d="   M 414.29 229.03   Q 415.08 228.83 414.83 230.22   Q 414.42 232.55 414.10 235.40   A 0.47 0.46 -31.8 0 0 415.00 235.61   L 419.62 223.07   A 0.54 0.53 22.7 0 0 419.34 222.40   L 418.94 222.22"/>
<path vector-effect="non-scaling-stroke" d="   M 418.94 222.22   L 421.09 219.72   A 0.40 0.39 4.3 0 0 420.58 219.13   Q 410.52 225.34 401.55 233.31   Q 399.92 234.76 398.92 234.89"/>
<path vector-effect="non-scaling-stroke" d="   M 398.92 234.89   Q 386.88 233.15 377.04 236.42"/>
<path vector-effect="non-scaling-stroke" d="   M 377.04 236.42   L 376.52 236.20   A 0.54 0.54 0.0 0 1 376.29 235.40   L 376.93 234.46"/>
<path vector-effect="non-scaling-stroke" d="   M 376.93 234.46   Q 378.94 235.39 380.72 234.38   A 2.12 2.05 27.5 0 1 381.63 234.11   Q 382.18 234.07 382.72 233.97   Q 390.94 232.55 399.06 233.61   A 1.42 1.38 -57.5 0 0 399.99 233.39   Q 401.36 232.51 401.98 231.19   C 407.67 219.03 413.33 205.56 417.29 193.24   Q 421.53 180.08 422.55 166.87   Q 423.55 153.70 423.59 149.13   Q 423.67 140.43 422.27 131.43"/>
<path vector-effect="non-scaling-stroke" d="   M 422.27 131.43   L 422.68 127.51   A 0.28 0.28 0.0 0 0 422.14 127.40   C 412.71 156.31 398.11 183.84 375.33 204.05   A 0.38 0.38 0.0 0 1 374.73 203.61   Q 380.39 190.79 382.86 176.78   A 1.24 1.24 0.0 0 0 382.15 175.43   L 374.90 172.13"/>
<path vector-effect="non-scaling-stroke" d="   M 422.27 131.43   Q 418.30 144.48 415.07 156.07   Q 407.02 184.96 391.73 210.73   Q 384.57 222.80 376.93 234.46"/>
<path vector-effect="non-scaling-stroke" d="   M 377.04 236.42   Q 370.58 238.54 367.27 240.51   Q 356.84 246.72 343.81 257.79"/>
<path vector-effect="non-scaling-stroke" d="   M 343.81 257.79   L 355.60 235.33   A 0.23 0.23 0.0 0 0 355.25 235.05   C 345.01 243.61 333.27 253.72 320.99 261.00   Q 315.70 264.13 310.49 261.25   Q 304.18 257.76 301.69 255.81   Q 289.04 245.95 275.51 235.38"/>
<path vector-effect="non-scaling-stroke" d="   M 275.51 235.38   L 270.03 225.49   A 0.39 0.39 0.0 0 1 270.60 224.99   Q 283.77 234.83 297.62 241.89   Q 302.45 244.35 307.30 245.74   C 324.14 250.55 340.29 236.20 351.62 224.80   A 0.27 0.27 0.0 0 0 351.32 224.37   C 340.53 229.38 328.05 234.58 316.44 235.67   A 1.11 1.11 0.0 0 1 315.22 234.56   L 315.22 169.38   A 1.68 1.67 -7.4 0 1 316.47 167.76   Q 321.88 166.34 328.67 166.78   Q 351.39 168.25 374.90 172.13"/>
<path vector-effect="non-scaling-stroke" d="   M 275.51 235.38   Q 280.70 246.60 286.30 255.94   Q 291.03 263.82 295.86 269.41   Q 302.68 277.33 314.98 288.45   A 0.64 0.63 -44.6 0 0 315.83 288.45   C 323.56 281.67 331.75 274.02 338.07 265.56   Q 341.15 261.44 343.81 257.79"/>
<path vector-effect="non-scaling-stroke" d="   M 398.92 234.89   Q 386.03 242.55 373.96 249.51   Q 360.03 257.56 353.27 263.04   Q 345.85 269.04 338.81 276.93   A 0.43 0.42 -79.8 0 0 339.28 277.61   L 356.79 270.83   A 0.27 0.27 0.0 0 1 357.06 271.28   L 328.60 295.97"/>
<path vector-effect="non-scaling-stroke" d="   M 322.92 292.90   Q 320.79 290.50 316.18 289.11   A 0.63 0.63 0.0 0 0 315.37 289.70   L 315.19 298.03"/>
<path vector-effect="non-scaling-stroke" d="   M 315.19 298.03   L 315.06 299.79   A 1.08 1.08 0.0 0 1 314.28 300.76   Q 312.89 301.15 312.41 302.26   A 1.52 1.51 -81.3 0 1 311.17 303.18   Q 308.15 303.51 307.31 305.07"/>
<path vector-effect="non-scaling-stroke" d="   M 307.31 305.07   L 295.00 309.97   A 2.97 2.95 2.2 0 0 293.46 311.39   L 285.21 327.78"/>
<path vector-effect="non-scaling-stroke" d="   M 285.21 327.78   Q 283.57 330.22 282.44 333.03   Q 282.42 333.08 282.40 333.13   L 278.60 339.69"/>
<path vector-effect="non-scaling-stroke" d="   M 276.43 337.30   L 271.27 324.91   A 0.64 0.64 0.0 0 1 271.77 324.02   L 280.04 322.75   A 1.16 1.13 16.5 0 0 280.71 322.40   L 291.01 311.16   A 2.97 2.68 -84.8 0 1 291.40 310.80   L 304.71 300.45   A 0.11 0.10 54.1 0 0 304.73 300.30   L 304.54 300.06   A 0.23 0.21 -31.6 0 0 304.25 300.00   Q 300.76 301.91 296.84 302.38"/>
<path vector-effect="non-scaling-stroke" d="   M 308.23 292.72   Q 308.44 292.67 308.55 292.56   A 0.25 0.24 -70.1 0 0 308.35 292.13   Q 308.11 292.17 307.76 292.50"/>
<path vector-effect="non-scaling-stroke" d="   M 238.55 264.92   L 236.70 255.27   A 1.52 1.49 22.6 0 0 236.48 254.75   Q 235.44 253.18 234.11 252.15   Q 231.06 249.79 224.78 245.64   C 220.80 243.00 219.43 239.80 218.96 235.71   A 1.20 1.20 0.0 0 0 218.48 234.88   Q 217.30 234.03 215.95 234.61"/>
<path vector-effect="non-scaling-stroke" d="   M 349.28 341.63   Q 349.14 336.11 345.88 331.89   Q 336.59 319.89 335.42 317.70   C 333.82 314.68 329.22 311.92 326.58 310.25   C 323.35 308.19 319.29 305.45 317.07 310.18   Q 316.34 311.71 315.93 312.33   A 0.75 0.75 0.0 0 1 314.66 312.29   L 312.71 308.92   A 2.08 2.08 0.0 0 0 311.88 308.12   Q 309.43 306.79 306.86 308.41   Q 299.87 312.79 296.67 315.15   A 1.01 0.89 -87.4 0 0 296.43 315.40   L 285.70 330.90   A 0.42 0.42 0.0 0 1 284.95 330.54   L 285.48 328.76"/>
<path vector-effect="non-scaling-stroke" d="   M 285.48 328.76   Q 289.86 322.16 294.37 315.63   Q 295.95 313.33 298.28 311.80   Q 302.81 308.81 307.31 305.07"/>
<path vector-effect="non-scaling-stroke" d="   M 321.80 304.28   L 317.97 301.67   A 2.09 1.98 66.3 0 0 317.26 301.37   Q 314.74 300.88 315.19 298.03"/>
<path vector-effect="non-scaling-stroke" d="   M 253.21 285.76   Q 253.75 289.60 255.73 292.61   A 1.38 1.34 80.0 0 0 256.52 293.18   Q 257.72 293.47 258.70 293.00   A 0.75 0.74 -21.6 0 0 259.08 292.13   Q 258.48 290.13 257.51 289.02"/>
<path vector-effect="non-scaling-stroke" d="   M 263.26 294.19   Q 261.44 296.24 260.44 298.78   A 2.09 2.09 0.0 0 1 257.37 299.77   C 254.29 297.81 253.37 294.51 252.35 291.56   A 2.20 2.18 15.0 0 0 251.93 290.84   Q 250.73 289.46 250.58 287.83"/>
<path vector-effect="non-scaling-stroke" d="   M 285.48 328.76   Q 284.98 328.29 285.21 327.78"/>
<path vector-effect="non-scaling-stroke" d="   M 348.03 343.43   Q 343.64 348.12 339.37 352.86   Q 326.59 367.04 324.54 385.72"/>
<path vector-effect="non-scaling-stroke" d="   M 324.54 385.72   Q 320.10 398.10 317.63 411.51   C 316.47 417.82 316.18 423.28 315.56 429.71   A 0.25 0.25 0.0 0 1 315.07 429.71   Q 314.46 422.86 313.49 415.49   Q 311.36 399.32 305.04 384.29"/>
<path vector-effect="non-scaling-stroke" d="   M 305.04 384.29   Q 305.72 384.47 305.82 384.39   A 1.17 1.17 0.0 0 0 306.24 383.20   Q 303.54 371.52 297.63 361.29   Q 295.38 357.40 290.59 352.27   Q 286.63 348.04 282.75 343.85"/>
<path vector-effect="non-scaling-stroke" d="   M 418.94 222.22   C 416.74 223.88 413.95 226.39 414.29 229.03"/>
<path vector-effect="non-scaling-stroke" d="   M 413.95 230.06   Q 413.42 228.99 412.41 229.23"/>
<path vector-effect="non-scaling-stroke" d="   M 412.41 229.23   L 412.38 228.88   A 0.15 0.14 61.5 0 0 412.12 228.80   Q 410.53 230.97 409.99 231.49   Q 403.56 237.70 400.06 241.08   C 391.23 249.64 380.98 257.11 370.62 262.60   A 0.22 0.22 0.0 0 0 370.68 263.01   L 380.62 264.44   A 0.30 0.30 0.0 0 1 380.76 264.98   L 335.62 299.77"/>
<path vector-effect="non-scaling-stroke" d="   M 373.05 323.43   L 368.53 324.41"/>
<path vector-effect="non-scaling-stroke" d="   M 351.94 339.26   Q 349.88 334.99 347.19 331.33   Q 341.94 324.19 341.92 324.15   Q 338.63 319.23 335.22 314.38   A 6.46 6.27 89.7 0 0 333.76 312.89   L 321.80 304.28"/>
<path vector-effect="non-scaling-stroke" d="   M 321.80 304.28   L 335.82 310.06   A 2.32 2.30 88.0 0 1 336.97 311.14   Q 339.33 315.79 339.89 317.01   C 342.23 322.11 346.12 325.64 350.72 328.01   A 3.61 3.60 46.2 0 0 353.87 328.08   Q 359.74 325.37 364.56 321.48   A 0.42 0.42 0.0 0 0 364.42 320.75   L 362.97 320.30"/>
<path vector-effect="non-scaling-stroke" d="   M 363.48 318.56   L 366.03 318.31   A 0.37 0.37 0.0 0 0 366.29 317.73   Q 366.03 317.35 365.43 317.17"/>
<path vector-effect="non-scaling-stroke" d="   M 366.20 315.05   C 369.13 314.60 371.66 315.41 374.36 313.10   C 379.35 308.81 384.34 304.50 386.35 298.38   A 6.28 6.15 -36.3 0 0 386.65 296.54   L 386.75 281.82"/>
<path vector-effect="non-scaling-stroke" d="   M 372.66 331.78   Q 368.54 333.80 365.39 337.15   A 0.29 0.28 -70.0 0 0 365.61 337.63   L 366.24 337.59"/>
<path vector-effect="non-scaling-stroke" d="   M 366.24 337.59   Q 365.56 337.72 365.01 338.02   Q 358.77 341.37 352.90 345.45   Q 340.44 354.12 333.94 368.25"/>
<path vector-effect="non-scaling-stroke" d="   M 333.94 368.25   L 324.54 385.72"/>
<path vector-effect="non-scaling-stroke" d="   M 305.04 384.29   L 296.61 368.25"/>
<path vector-effect="non-scaling-stroke" d="   M 296.61 368.25   C 292.43 359.43 286.89 352.19 278.88 346.39   Q 270.73 340.49 261.71 335.98   A 0.51 0.50 17.1 0 0 260.98 336.36   L 260.59 339.36"/>
<path vector-effect="non-scaling-stroke" d="   M 260.59 339.36   Q 259.33 340.01 257.45 339.35"/>
<path vector-effect="non-scaling-stroke" d="   M 412.41 229.23   L 408.17 242.72   A 2.70 2.70 0.0 0 1 407.11 244.15   L 394.49 252.61   A 3.27 3.26 -9.8 0 0 393.16 254.49   L 390.49 265.14"/>
<path vector-effect="non-scaling-stroke" d="   M 390.49 265.14   Q 388.09 269.60 384.82 270.76   Q 382.73 271.50 381.88 272.21   Q 376.80 276.41 371.43 280.62"/>
<path vector-effect="non-scaling-stroke" d="   M 371.43 280.62   Q 371.30 280.23 370.87 280.45   A 0.32 0.31 -8.9 0 0 370.71 280.66   L 370.50 281.55"/>
<path vector-effect="non-scaling-stroke" d="   M 379.08 285.81   Q 377.45 288.88 376.36 292.26   Q 375.12 296.12 374.51 296.93   Q 372.95 298.99 370.57 300.12   A 1.09 1.09 0.0 0 1 369.12 299.62   L 366.38 294.09"/>
<path vector-effect="non-scaling-stroke" d="   M 371.43 280.62   C 373.69 284.14 372.58 285.99 370.99 289.93"/>
<path vector-effect="non-scaling-stroke" d="   M 370.99 289.93   Q 369.88 291.30 370.42 292.68   A 1.28 1.27 55.5 0 0 372.55 293.08   Q 374.30 291.15 374.46 288.46"/>
<path vector-effect="non-scaling-stroke" d="   M 374.46 288.46   L 378.65 279.61   A 3.59 3.56 85.6 0 1 379.84 278.21   L 387.92 272.64   A 1.85 1.84 87.7 0 0 388.48 272.03   Q 390.16 269.14 390.49 265.14"/>
<path vector-effect="non-scaling-stroke" d="   M 464.89 291.47   Q 456.73 283.64 447.72 279.27   C 440.58 275.79 432.63 276.74 429.27 284.75"/>
<path vector-effect="non-scaling-stroke" d="   M 429.99 286.89   Q 429.56 286.79 429.50 287.16   A 0.22 0.20 34.8 0 0 429.54 287.33   Q 437.49 298.87 441.72 312.52   Q 444.43 321.28 444.64 327.26   C 445.67 356.25 438.18 386.81 425.65 412.68   C 415.73 433.15 403.98 452.93 391.97 472.23   Q 391.64 472.76 391.52 473.18   Q 391.27 474.06 391.92 473.74"/>
<path vector-effect="non-scaling-stroke" d="   M 380.04 412.29   L 379.02 395.00   A 0.22 0.22 0.0 0 0 378.59 394.97   Q 377.60 400.12 375.85 405.17   C 363.87 439.79 340.98 471.19 315.41 497.39"/>
<path vector-effect="non-scaling-stroke" d="   M 315.41 497.39   Q 314.85 497.30 314.45 497.06"/>
<path vector-effect="non-scaling-stroke" d="   M 325.55 414.28   Q 333.77 401.38 344.54 388.54   Q 350.72 381.17 358.02 376.70   C 365.24 372.27 372.60 370.77 380.86 370.47   A 5.13 5.10 27.0 0 0 383.53 369.61   L 395.08 361.86   A 2.37 2.24 -3.6 0 0 395.78 361.11   Q 397.04 358.93 397.79 356.26   Q 400.55 346.43 404.46 331.87   A 2.03 2.02 -17.0 0 1 404.87 331.10   L 410.28 325.00   A 0.26 0.26 0.0 0 0 410.11 324.57   L 399.16 323.77"/>
<path vector-effect="non-scaling-stroke" d="   M 384.24 322.38   Q 388.59 313.57 396.90 307.93   A 0.85 0.84 -32.0 0 0 397.16 306.81   L 394.99 303.06   A 0.41 0.40 -4.5 0 1 395.49 302.48   Q 397.13 303.11 398.58 304.38   A 0.54 0.54 0.0 0 0 399.48 303.94   L 398.35 284.75   A 0.31 0.31 0.0 0 1 398.48 284.48   Q 399.14 284.06 399.66 285.41   Q 401.04 289.01 402.03 293.50"/>
<path vector-effect="non-scaling-stroke" d="   M 370.01 339.43   Q 363.26 342.30 356.77 345.59   C 347.06 350.52 340.34 359.88 334.59 368.90   A 0.36 0.35 49.3 0 1 333.97 368.85   Q 333.87 368.64 333.94 368.25"/>
<path vector-effect="non-scaling-stroke" d="   M 372.97 339.35   Q 371.37 339.86 370.01 339.43"/>
<path vector-effect="non-scaling-stroke" d="   M 370.01 339.43   Q 369.44 337.49 369.60 336.61   A 0.56 0.56 0.0 0 0 368.76 336.04   L 366.24 337.59"/>
<path vector-effect="non-scaling-stroke" d="   M 296.61 368.25   Q 296.69 368.77 296.56 368.91   A 0.41 0.41 0.0 0 1 295.90 368.86   C 290.09 359.47 282.17 349.05 271.97 344.58   Q 263.57 340.90 260.59 339.36"/>
<path vector-effect="non-scaling-stroke" d="   M 374.46 288.46   Q 372.74 288.97 371.62 290.46   A 0.33 0.32 59.0 0 1 371.04 290.31   Q 371.01 290.15 370.99 289.93"/>
<path vector-effect="non-scaling-stroke" d="   M 315.85 541.01   Q 315.28 538.95 315.28 535.75   Q 315.24 508.50 315.41 497.39"/>
<path vector-effect="non-scaling-stroke" d="   M 426.56 251.04   Q 427.20 259.64 423.12 267.88   Q 416.39 281.44 408.61 290.86   Q 406.77 293.10 404.12 294.84"/>
<path vector-effect="non-scaling-stroke" d="   M 228.95 296.42   Q 232.79 301.73 239.34 306.66"/>
<path vector-effect="non-scaling-stroke" d="   M 245.75 313.21   Q 247.12 318.60 243.17 320.13   Q 239.14 321.69 234.76 323.32"/>
<path vector-effect="non-scaling-stroke" d="   M 253.31 361.74   Q 261.72 369.45 269.24 377.43   C 273.18 381.61 277.34 387.44 278.86 392.37   Q 285.45 413.70 286.52 416.22   Q 290.73 426.15 298.30 436.72   Q 306.72 448.47 314.57 458.76   A 3.81 3.74 26.7 0 1 315.35 461.05   Q 315.33 478.92 315.33 496.50   Q 315.33 496.97 314.45 497.06"/>
<path vector-effect="non-scaling-stroke" d="   M 314.45 497.06   Q 301.99 490.29 292.76 481.73   Q 271.64 462.12 255.72 434.73"/>
<path vector-effect="non-scaling-stroke" d="   M 251.01 419.44   Q 252.29 399.04 259.21 378.93   A 0.44 0.44 0.0 0 0 258.48 378.49   C 248.07 389.57 239.53 400.91 234.36 415.64   C 231.61 423.47 228.80 433.23 227.02 441.49   A 0.23 0.23 0.0 0 1 226.62 441.59   L 198.00 406.74"/>
<path vector-effect="non-scaling-stroke" d="   M 189.86 387.92   Q 187.87 378.78 185.80 369.97   Q 184.18 363.10 182.70 351.32   C 180.98 337.69 181.50 324.69 187.80 312.31   C 192.88 302.33 201.28 293.65 209.98 286.06   A 0.56 0.55 -69.0 0 0 209.55 285.09   L 202.35 285.98"/>
<path vector-effect="non-scaling-stroke" d="   M 396.09 261.41   L 402.41 254.64   A 0.08 0.08 0.0 0 0 402.42 254.53   L 402.27 254.33   A 0.30 0.29 52.7 0 0 401.86 254.27   Q 399.50 256.02 397.98 256.94   Q 396.67 257.74 395.77 261.23   A 0.19 0.19 0.0 0 0 396.09 261.41"/>
<path vector-effect="non-scaling-stroke" d="   M 212.74 354.87   C 217.27 364.10 229.55 370.06 238.96 373.81   Q 241.51 374.83 243.74 375.15   A 0.40 0.40 0.0 0 0 244.06 374.46   C 236.21 367.60 229.44 360.93 222.71 351.86   C 213.71 339.73 210.27 326.48 212.50 312.08   A 0.52 0.51 83.5 0 0 211.80 311.52   Q 211.32 311.71 210.95 312.46   C 204.52 325.62 200.12 337.11 200.24 351.14   C 200.34 362.89 205.17 374.90 210.12 385.87   A 0.47 0.47 0.0 0 0 211.02 385.64   Q 209.83 370.04 212.22 354.95   A 0.28 0.28 0.0 0 1 212.74 354.87"/>
<path vector-effect="non-scaling-stroke" d="   M 427.30 304.62   A 0.33 0.33 0.0 0 0 426.65 304.62   Q 422.07 331.43 417.26 356.80   C 416.96 358.37 416.32 359.99 415.30 361.05   Q 403.68 373.18 395.06 382.42   A 1.53 1.53 0.0 0 0 394.65 383.58   L 398.15 428.29   A 0.33 0.32 56.9 0 0 398.76 428.42   Q 411.24 405.57 421.70 383.96   Q 425.68 375.74 428.74 367.97   A 12.66 12.44 -32.8 0 0 429.58 364.23   Q 431.57 333.33 427.30 304.62"/>
<path vector-effect="non-scaling-stroke" d="   M 326.42 469.60   Q 344.33 446.79 357.18 421.22   Q 364.41 406.83 368.11 391.41   A 0.44 0.44 0.0 0 0 367.33 391.04   Q 350.34 414.23 328.60 443.24   C 327.23 445.06 326.33 445.99 326.32 448.51   Q 326.30 459.23 325.91 469.41   A 0.29 0.29 0.0 0 0 326.42 469.60"/>
<path vector-effect="non-scaling-stroke" d="   M 314.76 387.92   A 0.12 0.12 0.0 0 0 314.99 387.90   Q 319.87 357.84 322.60 334.26   Q 323.04 330.48 321.96 328.75   Q 318.60 323.39 316.01 319.80   A 0.43 0.42 -43.9 0 0 315.33 319.79   Q 311.73 324.34 308.45 329.24   Q 307.23 331.05 307.37 334.01   C 308.06 349.32 310.18 361.12 313.06 379.96   Q 313.65 383.84 314.76 387.92"/>
<path vector-effect="non-scaling-stroke" d="   M 302.84 320.50   Q 296.72 325.27 298.20 332.93   A 0.57 0.56 74.2 0 0 298.95 333.35   Q 301.97 332.25 302.55 329.93   Q 303.49 326.13 303.09 320.61   A 0.16 0.15 -21.1 0 0 302.84 320.50"/>
<path vector-effect="non-scaling-stroke" d="   M 327.87 320.68   A 0.15 0.15 0.0 0 0 327.62 320.78   Q 327.14 326.24 328.01 330.01   Q 328.55 332.31 331.52 333.45   A 0.56 0.56 0.0 0 0 332.27 333.04   Q 333.85 325.49 327.87 320.68"/>
</g>

<path fill="#efa529" d="   M 315.53 145.53   Q 321.05 145.53 326.71 145.42   A 6.57 6.57 0.0 0 1 328.23 145.56   Q 332.44 146.44 341.49 147.59   Q 367.15 150.85 389.64 162.59   A 0.67 0.66 28.2 0 0 390.52 162.33   C 399.06 147.37 404.67 133.35 410.69 115.42   Q 419.79 88.31 432.74 49.56   A 0.37 0.36 52.8 0 1 433.45 49.66   Q 436.70 108.31 437.73 128.75   C 438.90 152.02 438.67 173.45 432.30 195.00   A 0.32 0.32 0.0 0 0 432.77 195.37   L 446.42 187.49   A 0.43 0.43 0.0 0 1 447.04 187.99   Q 438.92 213.02 433.86 228.12   Q 432.62 231.83 430.73 235.90   A 0.54 0.54 0.0 0 0 431.00 236.62   C 451.49 245.67 468.58 264.98 480.49 284.80   C 494.16 307.56 512.60 337.77 512.36 338.54   A 0.33 0.32 24.2 0 1 511.87 338.72   L 469.13 312.08   A 0.21 0.20 11.4 0 0 468.82 312.28   L 472.38 335.60   A 4.74 4.62 46.5 0 1 472.36 337.15   C 470.89 344.95 467.62 355.18 463.43 369.67   Q 458.39 387.14 453.82 398.10   Q 447.10 414.26 436.79 432.04   Q 422.21 457.19 405.85 479.61   Q 382.30 511.86 362.09 538.52   Q 361.89 538.79 361.75 538.81   A 0.40 0.40 0.0 0 1 361.31 538.36   L 366.90 499.70   A 0.11 0.11 0.0 0 0 366.69 499.63   Q 357.17 516.22 344.38 531.64   Q 330.92 547.85 315.81 563.60   Q 315.75 563.66 315.68 563.68   Q 315.60 563.70 315.52 563.70   Q 315.44 563.70 315.37 563.68   Q 315.30 563.66 315.24 563.60   Q 300.13 547.85 286.67 531.64   Q 273.88 516.22 264.36 499.63   A 0.11 0.11 0.0 0 0 264.15 499.70   L 269.74 538.36   A 0.40 0.40 0.0 0 1 269.30 538.81   Q 269.16 538.79 268.96 538.52   Q 248.75 511.86 225.20 479.61   Q 208.84 457.19 194.26 432.04   Q 183.95 414.26 177.23 398.10   Q 172.66 387.14 167.63 369.67   C 163.44 355.18 160.17 344.95 158.70 337.14   A 4.74 4.62 -46.5 0 1 158.68 335.59   L 162.24 312.28   A 0.21 0.20 -11.4 0 0 161.93 312.08   L 119.19 338.71   A 0.33 0.32 -24.2 0 1 118.70 338.53   C 118.46 337.76 136.90 307.55 150.57 284.79   C 162.48 264.98 179.57 245.67 200.06 236.62   A 0.54 0.54 0.0 0 0 200.33 235.90   Q 198.44 231.83 197.20 228.12   Q 192.14 213.02 184.02 187.99   A 0.43 0.43 0.0 0 1 184.64 187.49   L 198.29 195.37   A 0.32 0.32 0.0 0 0 198.76 195.00   C 192.39 173.45 192.16 152.02 193.33 128.75   Q 194.36 108.31 197.62 49.66   A 0.37 0.36 -52.8 0 1 198.33 49.56   Q 211.27 88.31 220.37 115.42   C 226.39 133.35 232.00 147.37 240.54 162.33   A 0.67 0.66 -28.2 0 0 241.42 162.59   Q 263.91 150.85 289.57 147.59   Q 298.62 146.44 302.83 145.56   A 6.57 6.57 0.0 0 1 304.35 145.42   Q 310.02 145.53 315.53 145.53   Z   M 315.53 150.36   C 311.89 150.36 308.53 150.21 304.85 150.59   Q 298.63 151.24 291.05 152.15   Q 263.55 155.47 239.96 168.80   A 0.87 0.86 59.3 0 1 238.79 168.50   Q 226.58 148.35 218.93 125.78   Q 207.14 90.97 201.53 73.94   A 0.25 0.25 0.0 0 0 201.05 74.00   Q 198.24 124.51 197.88 130.78   Q 197.64 135.03 197.61 153.00   Q 197.56 180.04 207.10 205.11   A 0.32 0.32 0.0 0 1 206.64 205.50   L 192.66 197.43   A 0.31 0.31 0.0 0 0 192.21 197.79   Q 198.27 216.68 201.67 226.54   Q 203.83 232.83 206.65 238.44   A 0.46 0.46 0.0 0 1 206.41 239.08   C 183.51 248.34 167.39 266.16 154.71 286.98   Q 153.87 288.34 132.19 324.58   A 0.20 0.20 0.0 0 0 132.47 324.85   Q 146.91 315.95 169.13 302.09   Q 170.66 301.14 172.26 300.77   A 0.24 0.24 0.0 0 1 172.52 301.12   Q 168.32 308.36 167.04 314.01   Q 165.19 322.17 163.63 334.22   Q 163.52 335.07 163.58 337.21   A 6.60 6.60 0.0 0 0 163.82 338.82   Q 174.23 376.27 177.36 385.18   Q 183.70 403.22 193.16 420.55   Q 206.92 445.73 224.09 469.94   Q 241.76 494.86 262.30 521.79   A 0.17 0.17 0.0 0 0 262.60 521.66   Q 259.42 500.48 256.45 478.75   Q 256.09 476.10 256.11 471.50   A 0.35 0.35 0.0 0 1 256.79 471.38   C 265.02 493.92 276.45 512.26 292.11 530.90   Q 302.54 543.32 315.31 556.89   C 315.36 556.94 315.45 556.94 315.52 556.94   C 315.60 556.94 315.69 556.94 315.73 556.89   Q 328.51 543.32 338.94 530.90   C 354.60 512.26 366.03 493.92 374.26 471.38   A 0.35 0.35 0.0 0 1 374.94 471.50   Q 374.96 476.10 374.60 478.75   Q 371.63 500.48 368.45 521.66   A 0.17 0.17 0.0 0 0 368.75 521.79   Q 389.29 494.86 406.96 469.94   Q 424.13 445.73 437.89 420.55   Q 447.35 403.22 453.69 385.18   Q 456.82 376.27 467.23 338.83   A 6.60 6.60 0.0 0 0 467.47 337.22   Q 467.53 335.08 467.42 334.23   Q 465.86 322.17 464.01 314.01   Q 462.73 308.36 458.53 301.12   A 0.24 0.24 0.0 0 1 458.79 300.77   Q 460.39 301.14 461.92 302.09   Q 484.14 315.96 498.58 324.86   A 0.20 0.20 0.0 0 0 498.86 324.59   Q 477.19 288.35 476.35 286.99   C 463.67 266.16 447.55 248.34 424.65 239.08   A 0.46 0.46 0.0 0 1 424.41 238.44   Q 427.23 232.83 429.39 226.54   Q 432.79 216.68 438.85 197.79   A 0.31 0.31 0.0 0 0 438.40 197.43   L 424.42 205.50   A 0.32 0.32 0.0 0 1 423.96 205.11   Q 433.50 180.04 433.45 153.00   Q 433.42 135.03 433.18 130.78   Q 432.82 124.51 430.01 74.00   A 0.25 0.25 0.0 0 0 429.53 73.94   Q 423.92 90.97 412.13 125.78   Q 404.48 148.35 392.27 168.50   A 0.87 0.86 -59.3 0 1 391.10 168.80   Q 367.51 155.47 340.01 152.15   Q 332.43 151.24 326.21 150.59   C 322.53 150.21 319.17 150.36 315.53 150.36   Z"/>

<path fill="#bfbfbf" d="   M 422.27 131.43   Q 418.30 144.48 415.07 156.07   Q 407.02 184.96 391.73 210.73   Q 384.57 222.80 376.93 234.46   L 376.29 235.40   A 0.54 0.54 0.0 0 0 376.52 236.20   L 377.04 236.42   Q 370.58 238.54 367.27 240.51   Q 356.84 246.72 343.81 257.79   L 355.60 235.33   A 0.23 0.23 0.0 0 0 355.25 235.05   C 345.01 243.61 333.27 253.72 320.99 261.00   Q 315.70 264.13 310.49 261.25   Q 304.18 257.76 301.69 255.81   Q 289.04 245.95 275.51 235.38   L 270.03 225.49   A 0.39 0.39 0.0 0 1 270.60 224.99   Q 283.77 234.83 297.62 241.89   Q 302.45 244.35 307.30 245.74   C 324.14 250.55 340.29 236.20 351.62 224.80   A 0.27 0.27 0.0 0 0 351.32 224.37   C 340.53 229.38 328.05 234.58 316.44 235.67   A 1.11 1.11 0.0 0 1 315.22 234.56   L 315.22 169.38   A 1.68 1.67 -7.4 0 1 316.47 167.76   Q 321.88 166.34 328.67 166.78   Q 351.39 168.25 374.90 172.13   L 382.15 175.43   A 1.24 1.24 0.0 0 1 382.86 176.78   Q 380.39 190.79 374.73 203.61   A 0.38 0.38 0.0 0 0 375.33 204.05   C 398.11 183.84 412.71 156.31 422.14 127.40   A 0.28 0.28 0.0 0 1 422.68 127.51   L 422.27 131.43   Z"/>
<path fill="#ffffff" d="   M 374.90 172.13   Q 351.39 168.25 328.67 166.78   Q 321.88 166.34 316.47 167.76   A 1.68 1.67 -7.4 0 0 315.22 169.38   L 315.22 234.56   A 1.11 1.11 0.0 0 0 316.44 235.67   C 328.05 234.58 340.53 229.38 351.32 224.37   A 0.27 0.27 0.0 0 1 351.62 224.80   C 340.29 236.20 324.14 250.55 307.30 245.74   Q 302.45 244.35 297.62 241.89   Q 283.77 234.83 270.60 224.99   A 0.39 0.39 0.0 0 0 270.03 225.49   L 275.51 235.38   Q 280.70 246.60 286.30 255.94   Q 291.03 263.82 295.86 269.41   Q 302.68 277.33 314.98 288.45   A 0.64 0.63 -44.6 0 0 315.83 288.45   C 323.56 281.67 331.75 274.02 338.07 265.56   Q 341.15 261.44 343.81 257.79   Q 356.84 246.72 367.27 240.51   Q 370.58 238.54 377.04 236.42   Q 386.88 233.15 398.92 234.89   Q 386.03 242.55 373.96 249.51   Q 360.03 257.56 353.27 263.04   Q 345.85 269.04 338.81 276.93   A 0.43 0.42 -79.8 0 0 339.28 277.61   L 356.79 270.83   A 0.27 0.27 0.0 0 1 357.06 271.28   L 328.60 295.97   L 322.92 292.90   Q 320.79 290.50 316.18 289.11   A 0.63 0.63 0.0 0 0 315.37 289.70   L 315.19 298.03   L 315.06 299.79   A 1.08 1.08 0.0 0 1 314.28 300.76   Q 312.89 301.15 312.41 302.26   A 1.52 1.51 -81.3 0 1 311.17 303.18   Q 308.15 303.51 307.31 305.07   L 295.00 309.97   A 2.97 2.95 2.2 0 0 293.46 311.39   L 285.21 327.78   Q 283.57 330.22 282.44 333.03   Q 282.42 333.08 282.40 333.13   L 278.60 339.69   L 276.43 337.30   L 271.27 324.91   A 0.64 0.64 0.0 0 1 271.77 324.02   L 280.04 322.75   A 1.16 1.13 16.5 0 0 280.71 322.40   L 291.01 311.16   A 2.97 2.68 -84.8 0 1 291.40 310.80   L 304.71 300.45   A 0.11 0.10 54.1 0 0 304.73 300.30   L 304.54 300.06   A 0.23 0.21 -31.6 0 0 304.25 300.00   Q 300.76 301.91 296.84 302.38   L 308.23 292.72   Q 308.44 292.67 308.55 292.56   A 0.25 0.24 -70.1 0 0 308.35 292.13   Q 308.11 292.17 307.76 292.50   L 287.94 303.76   A 1.20 1.18 49.8 0 1 286.61 303.64   L 248.84 272.40   A 7.47 7.24 -10.4 0 0 247.52 271.52   Q 242.81 269.10 238.55 264.92   L 236.70 255.27   A 1.52 1.49 22.6 0 0 236.48 254.75   Q 235.44 253.18 234.11 252.15   Q 231.06 249.79 224.78 245.64   C 220.80 243.00 219.43 239.80 218.96 235.71   A 1.20 1.20 0.0 0 0 218.48 234.88   Q 217.30 234.03 215.95 234.61   L 209.82 219.48   A 0.24 0.24 0.0 0 1 210.12 219.17   Q 211.04 219.49 212.10 220.17   Q 221.32 226.04 229.70 233.55   A 0.23 0.22 -82.3 0 0 230.05 233.28   Q 223.62 220.11 216.58 201.66   C 207.48 177.75 206.23 153.42 208.31 127.51   A 0.35 0.35 0.0 0 1 208.99 127.43   Q 217.75 155.52 234.22 179.77   Q 243.89 194.02 256.04 204.36   A 0.31 0.30 8.4 0 0 256.52 204.01   Q 250.93 191.60 248.36 177.79   Q 247.98 175.75 249.71 174.91   C 267.01 166.51 283.20 162.67 301.68 161.00   Q 317.16 159.60 336.70 161.88   Q 357.60 164.31 374.90 172.13   Z"/>
<path fill="#484848" d="   M 422.27 131.43   Q 423.67 140.43 423.59 149.13   Q 423.55 153.70 422.55 166.87   Q 421.53 180.08 417.29 193.24   C 413.33 205.56 407.67 219.03 401.98 231.19   Q 401.36 232.51 399.99 233.39   A 1.42 1.38 -57.5 0 1 399.06 233.61   Q 390.94 232.55 382.72 233.97   Q 382.18 234.07 381.63 234.11   A 2.12 2.05 27.5 0 0 380.72 234.38   Q 378.94 235.39 376.93 234.46   Q 384.57 222.80 391.73 210.73   Q 407.02 184.96 415.07 156.07   Q 418.30 144.48 422.27 131.43   Z"/>
<path fill="#bfbfbf" d="   M 418.94 222.22   C 416.74 223.88 413.95 226.39 414.29 229.03   Q 413.89 229.46 413.95 230.06   Q 413.42 228.99 412.41 229.23   L 412.38 228.88   A 0.15 0.14 61.5 0 0 412.12 228.80   Q 410.53 230.97 409.99 231.49   Q 403.56 237.70 400.06 241.08   C 391.23 249.64 380.98 257.11 370.62 262.60   A 0.22 0.22 0.0 0 0 370.68 263.01   L 380.62 264.44   A 0.30 0.30 0.0 0 1 380.76 264.98   L 335.62 299.77   L 328.60 295.97   L 357.06 271.28   A 0.27 0.27 0.0 0 0 356.79 270.83   L 339.28 277.61   A 0.43 0.42 -79.8 0 1 338.81 276.93   Q 345.85 269.04 353.27 263.04   Q 360.03 257.56 373.96 249.51   Q 386.03 242.55 398.92 234.89   Q 399.92 234.76 401.55 233.31   Q 410.52 225.34 420.58 219.13   A 0.40 0.39 4.3 0 1 421.09 219.72   L 418.94 222.22   Z"/>
<path fill="#484848" d="   M 418.94 222.22   L 419.34 222.40   A 0.54 0.53 22.7 0 1 419.62 223.07   L 415.00 235.61   A 0.47 0.46 -31.8 0 1 414.10 235.40   Q 414.42 232.55 414.83 230.22   Q 415.08 228.83 414.29 229.03   C 413.95 226.39 416.74 223.88 418.94 222.22   Z"/>
<path fill="#484848" d="   M 412.41 229.23   L 408.17 242.72   A 2.70 2.70 0.0 0 1 407.11 244.15   L 394.49 252.61   A 3.27 3.26 -9.8 0 0 393.16 254.49   L 390.49 265.14   Q 388.09 269.60 384.82 270.76   Q 382.73 271.50 381.88 272.21   Q 376.80 276.41 371.43 280.62   Q 371.30 280.23 370.87 280.45   A 0.32 0.31 -8.9 0 0 370.71 280.66   L 370.50 281.55   L 343.76 303.68   A 1.07 1.06 -49.3 0 1 342.54 303.78   L 335.62 299.77   L 380.76 264.98   A 0.30 0.30 0.0 0 0 380.62 264.44   L 370.68 263.01   A 0.22 0.22 0.0 0 1 370.62 262.60   C 380.98 257.11 391.23 249.64 400.06 241.08   Q 403.56 237.70 409.99 231.49   Q 410.53 230.97 412.12 228.80   A 0.15 0.14 61.5 0 1 412.38 228.88   L 412.41 229.23   Z"/>
<path fill="#ffea3c" d="   M 413.95 230.06   L 411.09 245.10   A 2.87 2.86 77.5 0 1 409.95 246.90   L 396.16 256.96   A 1.28 1.26 -8.7 0 0 395.72 257.55   L 390.41 271.97   A 5.10 5.07 78.8 0 1 389.11 273.92   Q 386.94 275.94 381.35 280.85   Q 380.29 281.78 379.08 285.81   Q 377.45 288.88 376.36 292.26   Q 375.12 296.12 374.51 296.93   Q 372.95 298.99 370.57 300.12   A 1.09 1.09 0.0 0 1 369.12 299.62   L 366.38 294.09   Q 368.26 289.79 370.57 285.56   Q 371.45 283.95 370.50 281.55   L 370.71 280.66   A 0.32 0.31 -8.9 0 1 370.87 280.45   Q 371.30 280.23 371.43 280.62   C 373.69 284.14 372.58 285.99 370.99 289.93   Q 369.88 291.30 370.42 292.68   A 1.28 1.27 55.5 0 0 372.55 293.08   Q 374.30 291.15 374.46 288.46   L 378.65 279.61   A 3.59 3.56 85.6 0 1 379.84 278.21   L 387.92 272.64   A 1.85 1.84 87.7 0 0 388.48 272.03   Q 390.16 269.14 390.49 265.14   L 393.16 254.49   A 3.27 3.26 -9.8 0 1 394.49 252.61   L 407.11 244.15   A 2.70 2.70 0.0 0 0 408.17 242.72   L 412.41 229.23   Q 413.42 228.99 413.95 230.06   Z"/>
<path fill="#ffea3c" d="   M 238.55 264.92   Q 238.79 268.73 240.47 271.88   A 1.64 1.64 0.0 0 0 241.01 272.50   L 249.39 278.30   A 3.17 3.15 5.6 0 1 250.49 279.63   L 253.21 285.76   Q 253.75 289.60 255.73 292.61   A 1.38 1.34 80.0 0 0 256.52 293.18   Q 257.72 293.47 258.70 293.00   A 0.75 0.74 -21.6 0 0 259.08 292.13   Q 258.48 290.13 257.51 289.02   C 256.85 286.03 254.92 284.12 257.33 281.27   A 0.53 0.52 68.6 0 1 258.25 281.68   C 258.01 283.78 258.05 285.10 259.17 287.24   Q 261.05 290.83 263.26 294.19   Q 261.44 296.24 260.44 298.78   A 2.09 2.09 0.0 0 1 257.37 299.77   C 254.29 297.81 253.37 294.51 252.35 291.56   A 2.20 2.18 15.0 0 0 251.93 290.84   Q 250.73 289.46 250.58 287.83   L 248.29 281.69   A 1.11 1.10 11.1 0 0 248.02 281.29   L 240.12 274.21   A 6.32 6.31 -78.9 0 1 238.37 271.60   L 235.11 262.34   A 4.21 4.12 14.2 0 0 234.22 260.88   Q 230.48 256.84 228.75 254.82   C 225.98 251.58 222.54 249.43 219.27 247.10   A 3.87 3.86 -77.4 0 1 217.72 244.65   L 215.95 234.61   Q 217.30 234.03 218.48 234.88   A 1.20 1.20 0.0 0 1 218.96 235.71   C 219.43 239.80 220.80 243.00 224.78 245.64   Q 231.06 249.79 234.11 252.15   Q 235.44 253.18 236.48 254.75   A 1.52 1.49 22.6 0 1 236.70 255.27   L 238.55 264.92   Z"/>

<path fill="#ffffff" d="   M 228.95 296.42   Q 232.79 301.73 239.34 306.66   L 245.75 313.21   Q 247.12 318.60 243.17 320.13   Q 239.14 321.69 234.76 323.32   Q 234.19 323.62 233.24 323.63   A 0.59 0.59 0.0 0 0 232.86 324.66   C 235.40 326.90 236.69 328.56 237.94 332.26   Q 238.16 332.90 246.47 355.85   A 2.76 2.75 9.1 0 0 247.37 357.09   L 253.31 361.74   Q 261.72 369.45 269.24 377.43   C 273.18 381.61 277.34 387.44 278.86 392.37   Q 285.45 413.70 286.52 416.22   Q 290.73 426.15 298.30 436.72   Q 306.72 448.47 314.57 458.76   A 3.81 3.74 26.7 0 1 315.35 461.05   Q 315.33 478.92 315.33 496.50   Q 315.33 496.97 314.45 497.06   Q 301.99 490.29 292.76 481.73   Q 271.64 462.12 255.72 434.73   Q 252.92 428.57 251.01 419.44   Q 252.29 399.04 259.21 378.93   A 0.44 0.44 0.0 0 0 258.48 378.49   C 248.07 389.57 239.53 400.91 234.36 415.64   C 231.61 423.47 228.80 433.23 227.02 441.49   A 0.23 0.23 0.0 0 1 226.62 441.59   L 198.00 406.74   Q 192.43 398.51 189.86 387.92   Q 187.87 378.78 185.80 369.97   Q 184.18 363.10 182.70 351.32   C 180.98 337.69 181.50 324.69 187.80 312.31   C 192.88 302.33 201.28 293.65 209.98 286.06   A 0.56 0.55 -69.0 0 0 209.55 285.09   L 202.35 285.98   Q 196.22 285.70 185.51 286.81   Q 173.28 288.08 162.68 294.19   A 0.21 0.21 0.0 0 1 162.39 293.90   C 173.58 274.62 189.06 257.11 209.92 248.53   A 0.49 0.48 74.8 0 1 210.58 248.91   C 212.87 265.93 218.12 282.77 228.95 296.42   Z   M 212.74 354.87   C 217.27 364.10 229.55 370.06 238.96 373.81   Q 241.51 374.83 243.74 375.15   A 0.40 0.40 0.0 0 0 244.06 374.46   C 236.21 367.60 229.44 360.93 222.71 351.86   C 213.71 339.73 210.27 326.48 212.50 312.08   A 0.52 0.51 83.5 0 0 211.80 311.52   Q 211.32 311.71 210.95 312.46   C 204.52 325.62 200.12 337.11 200.24 351.14   C 200.34 362.89 205.17 374.90 210.12 385.87   A 0.47 0.47 0.0 0 0 211.02 385.64   Q 209.83 370.04 212.22 354.95   A 0.28 0.28 0.0 0 1 212.74 354.87   Z"/>
<path fill="#484848" d="   M 426.56 251.04   Q 427.20 259.64 423.12 267.88   Q 416.39 281.44 408.61 290.86   Q 406.77 293.10 404.12 294.84   Q 405.79 291.24 407.82 287.96   Q 410.73 283.23 411.62 281.17   Q 418.29 265.70 420.56 249.00   A 0.51 0.51 0.0 0 1 421.28 248.60   L 426.56 251.04   Z"/>
<path fill="#bfbfbf" d="   M 464.89 291.47   Q 456.73 283.64 447.72 279.27   C 440.58 275.79 432.63 276.74 429.27 284.75   Q 428.92 285.06 428.82 285.37   Q 428.73 285.67 429.09 285.99   Q 429.58 286.42 429.99 286.89   Q 429.56 286.79 429.50 287.16   A 0.22 0.20 34.8 0 0 429.54 287.33   Q 437.49 298.87 441.72 312.52   Q 444.43 321.28 444.64 327.26   C 445.67 356.25 438.18 386.81 425.65 412.68   C 415.73 433.15 403.98 452.93 391.97 472.23   Q 391.64 472.76 391.52 473.18   Q 391.27 474.06 391.92 473.74   L 384.72 483.46   A 0.35 0.35 0.0 0 1 384.09 483.20   Q 385.62 472.57 384.98 461.78   Q 383.52 437.13 380.86 422.58   Q 379.65 415.94 380.04 412.29   L 379.02 395.00   A 0.22 0.22 0.0 0 0 378.59 394.97   Q 377.60 400.12 375.85 405.17   C 363.87 439.79 340.98 471.19 315.41 497.39   Q 314.85 497.30 314.45 497.06   Q 315.33 496.97 315.33 496.50   Q 315.33 478.92 315.35 461.05   A 3.81 3.74 26.7 0 0 314.57 458.76   Q 306.72 448.47 298.30 436.72   Q 290.73 426.15 286.52 416.22   Q 285.45 413.70 278.86 392.37   C 277.34 387.44 273.18 381.61 269.24 377.43   Q 261.72 369.45 253.31 361.74   Q 258.17 361.94 261.95 362.51   C 276.75 364.77 286.15 374.26 293.06 386.94   C 301.88 403.11 308.63 420.63 315.15 438.20   A 0.30 0.30 0.0 0 0 315.72 438.16   C 316.15 435.99 316.94 433.59 318.49 431.88   C 319.32 430.97 319.43 429.12 320.03 427.57   Q 322.78 420.53 325.55 414.28   Q 333.77 401.38 344.54 388.54   Q 350.72 381.17 358.02 376.70   C 365.24 372.27 372.60 370.77 380.86 370.47   A 5.13 5.10 27.0 0 0 383.53 369.61   L 395.08 361.86   A 2.37 2.24 -3.6 0 0 395.78 361.11   Q 397.04 358.93 397.79 356.26   Q 400.55 346.43 404.46 331.87   A 2.03 2.02 -17.0 0 1 404.87 331.10   L 410.28 325.00   A 0.26 0.26 0.0 0 0 410.11 324.57   L 399.16 323.77   Q 391.32 323.83 384.24 322.38   Q 388.59 313.57 396.90 307.93   A 0.85 0.84 -32.0 0 0 397.16 306.81   L 394.99 303.06   A 0.41 0.40 -4.5 0 1 395.49 302.48   Q 397.13 303.11 398.58 304.38   A 0.54 0.54 0.0 0 0 399.48 303.94   L 398.35 284.75   A 0.31 0.31 0.0 0 1 398.48 284.48   Q 399.14 284.06 399.66 285.41   Q 401.04 289.01 402.03 293.50   Q 401.56 294.58 401.79 296.12   A 0.37 0.37 0.0 0 0 402.33 296.39   Q 403.54 295.75 404.12 294.84   Q 406.77 293.10 408.61 290.86   Q 416.39 281.44 423.12 267.88   Q 427.20 259.64 426.56 251.04   Q 436.49 255.84 444.46 263.30   Q 458.56 276.51 468.45 293.56   A 0.27 0.27 0.0 0 1 468.05 293.91   L 464.89 291.47   Z   M 427.30 304.62   A 0.33 0.33 0.0 0 0 426.65 304.62   Q 422.07 331.43 417.26 356.80   C 416.96 358.37 416.32 359.99 415.30 361.05   Q 403.68 373.18 395.06 382.42   A 1.53 1.53 0.0 0 0 394.65 383.58   L 398.15 428.29   A 0.33 0.32 56.9 0 0 398.76 428.42   Q 411.24 405.57 421.70 383.96   Q 425.68 375.74 428.74 367.97   A 12.66 12.44 -32.8 0 0 429.58 364.23   Q 431.57 333.33 427.30 304.62   Z   M 326.42 469.60   Q 344.33 446.79 357.18 421.22   Q 364.41 406.83 368.11 391.41   A 0.44 0.44 0.0 0 0 367.33 391.04   Q 350.34 414.23 328.60 443.24   C 327.23 445.06 326.33 445.99 326.32 448.51   Q 326.30 459.23 325.91 469.41   A 0.29 0.29 0.0 0 0 326.42 469.60   Z"/>
<path fill="#484848" d="   M 395.77 261.23   Q 396.67 257.74 397.98 256.94   Q 399.50 256.02 401.86 254.27   A 0.30 0.29 52.7 0 1 402.27 254.33   L 402.42 254.53   A 0.08 0.08 0.0 0 1 402.41 254.64   L 396.09 261.41   A 0.19 0.19 0.0 0 1 395.77 261.23   Z"/>

<path fill="#898989" d="   M 239.34 306.66   Q 232.79 301.73 228.95 296.42   Q 226.53 287.18 227.66 279.02   Q 228.33 274.24 231.00 270.82   A 0.57 0.57 0.0 0 1 231.91 270.83   L 235.76 276.10   A 2.13 2.13 0.0 0 1 236.16 277.46   L 235.14 296.71   A 0.16 0.16 0.0 0 0 235.44 296.78   Q 237.58 291.56 238.54 288.57   Q 238.83 287.69 239.37 287.41   A 0.35 0.34 77.4 0 1 239.87 287.73   L 239.34 306.66   Z"/>
<path fill="#484848" d="   M 402.03 293.50   Q 401.04 289.01 399.66 285.41   Q 399.14 284.06 398.48 284.48   A 0.31 0.31 0.0 0 0 398.35 284.75   L 399.48 303.94   A 0.54 0.54 0.0 0 1 398.58 304.38   Q 397.13 303.11 395.49 302.48   A 0.41 0.40 -4.5 0 0 394.99 303.06   L 397.16 306.81   A 0.85 0.84 -32.0 0 1 396.90 307.93   Q 388.59 313.57 384.24 322.38   Q 380.84 321.82 380.28 319.92   C 379.25 316.38 388.50 309.41 390.86 306.99   A 1.00 0.99 -23.2 0 0 391.14 306.30   L 391.14 289.30   A 0.55 0.55 0.0 0 0 390.62 288.75   L 390.20 288.73   A 0.27 0.27 0.0 0 0 389.92 288.99   L 389.07 304.87   A 3.12 3.11 71.5 0 1 387.97 307.09   Q 386.55 308.30 373.47 318.66   A 1.70 1.55 55.6 0 0 373.17 320.79   Q 373.39 321.16 373.51 321.37   A 0.83 0.83 0.0 0 1 373.31 322.39   Q 372.75 322.85 373.05 323.43   L 368.53 324.41   Q 367.53 323.73 365.94 325.68   Q 360.47 332.39 351.94 339.26   Q 349.88 334.99 347.19 331.33   Q 341.94 324.19 341.92 324.15   Q 338.63 319.23 335.22 314.38   A 6.46 6.27 89.7 0 0 333.76 312.89   L 321.80 304.28   L 335.82 310.06   A 2.32 2.30 88.0 0 1 336.97 311.14   Q 339.33 315.79 339.89 317.01   C 342.23 322.11 346.12 325.64 350.72 328.01   A 3.61 3.60 46.2 0 0 353.87 328.08   Q 359.74 325.37 364.56 321.48   A 0.42 0.42 0.0 0 0 364.42 320.75   L 362.97 320.30   Q 363.63 319.55 363.48 318.56   L 366.03 318.31   A 0.37 0.37 0.0 0 0 366.29 317.73   Q 366.03 317.35 365.43 317.17   Q 366.03 316.09 366.20 315.05   C 369.13 314.60 371.66 315.41 374.36 313.10   C 379.35 308.81 384.34 304.50 386.35 298.38   A 6.28 6.15 -36.3 0 0 386.65 296.54   L 386.75 281.82   Q 389.58 282.42 390.44 286.25   A 2.26 2.25 -71.5 0 0 390.94 287.26   C 392.66 289.21 393.99 294.14 395.03 297.97   A 0.35 0.35 0.0 0 0 395.72 297.85   L 394.21 278.45   A 1.49 1.49 0.0 0 1 394.48 277.45   L 399.13 270.73   A 0.49 0.49 0.0 0 1 399.91 270.69   Q 402.44 273.77 403.30 278.20   Q 404.95 286.58 402.03 293.50   Z"/>
<path fill="#484848" d="   M 464.89 291.47   Q 448.50 285.90 435.49 285.93   Q 431.18 285.94 429.27 284.75   C 432.63 276.74 440.58 275.79 447.72 279.27   Q 456.73 283.64 464.89 291.47   Z"/>
<path fill="#bfbfbf" d="   M 386.75 281.82   L 386.65 296.54   A 6.28 6.15 -36.3 0 1 386.35 298.38   C 384.34 304.50 379.35 308.81 374.36 313.10   C 371.66 315.41 369.13 314.60 366.20 315.05   L 356.95 311.86   A 1.24 1.21 74.6 0 1 356.52 311.61   L 352.47 307.89   A 1.23 1.23 0.0 0 1 353.82 305.87   C 358.67 308.15 365.43 310.50 370.75 309.65   C 380.32 308.12 384.99 300.09 384.07 290.88   Q 383.63 286.46 382.52 282.22   A 0.91 0.91 0.0 0 1 382.78 281.32   Q 385.37 278.86 386.75 281.82   Z"/>
<path fill="#898989" d="   M 296.84 302.38   Q 300.76 301.91 304.25 300.00   A 0.23 0.21 -31.6 0 1 304.54 300.06   L 304.73 300.30   A 0.11 0.10 54.1 0 1 304.71 300.45   L 291.40 310.80   A 2.97 2.68 -84.8 0 0 291.01 311.16   L 280.71 322.40   A 1.16 1.13 16.5 0 1 280.04 322.75   L 271.77 324.02   A 0.64 0.64 0.0 0 0 271.27 324.91   L 276.43 337.30   Q 269.23 331.50 263.91 324.71   A 0.59 0.58 57.6 0 0 263.18 324.54   L 251.20 330.67   A 1.52 1.50 80.5 0 0 250.38 331.84   C 249.57 338.86 251.15 345.50 254.04 352.24   A 0.58 0.58 0.0 0 0 254.84 352.52   Q 265.13 347.09 274.23 355.30   Q 280.12 360.62 286.59 367.60   A 0.23 0.22 -4.6 0 1 286.30 367.94   C 277.06 361.82 267.39 359.46 256.22 357.07   Q 255.13 356.84 253.12 355.19   Q 250.44 352.98 249.90 350.60   Q 247.23 338.82 242.26 328.04   A 0.33 0.33 0.0 0 1 242.47 327.59   C 246.46 326.40 254.45 324.53 256.86 322.19   A 2.23 2.23 0.0 0 0 257.37 321.40   Q 258.04 319.58 256.74 318.48   Q 250.76 313.41 242.40 307.11   A 2.26 2.24 18.5 0 1 241.51 305.34   Q 241.39 294.94 240.37 287.79   C 239.91 284.63 241.12 283.49 243.28 281.38   C 245.49 279.21 248.19 281.30 247.55 284.03   C 245.80 291.62 245.33 300.00 251.59 305.86   C 258.82 312.61 268.75 309.39 276.53 306.01   Q 277.14 305.75 278.20 306.10   A 0.81 0.81 0.0 0 1 278.52 307.43   C 275.66 310.38 273.72 312.12 269.71 313.41   Q 268.99 313.64 264.99 315.21   A 0.19 0.19 0.0 0 0 264.88 315.44   A 0.18 0.17 75.0 0 0 265.08 315.56   Q 268.93 314.68 270.64 314.43   C 274.75 313.83 277.71 312.26 280.39 310.63   Q 280.89 310.33 281.31 310.36   A 0.35 0.35 0.0 0 1 281.55 310.94   C 277.58 315.61 273.23 317.87 267.14 320.38   Q 273.69 318.73 280.06 316.47   A 6.23 6.22 -75.3 0 0 282.01 315.33   L 296.84 302.38   Z"/>
<path fill="#898989" d="   M 189.86 387.92   Q 187.91 385.67 186.99 382.73   Q 180.79 362.71 174.38 339.11   Q 174.01 337.73 173.73 336.23   A 4.62 4.49 -46.6 0 1 173.71 334.76   Q 176.02 319.19 176.70 316.71   C 180.28 303.62 191.28 293.21 202.35 285.98   L 209.55 285.09   A 0.56 0.55 -69.0 0 1 209.98 286.06   C 201.28 293.65 192.88 302.33 187.80 312.31   C 181.50 324.69 180.98 337.69 182.70 351.32   Q 184.18 363.10 185.80 369.97   Q 187.87 378.78 189.86 387.92   Z"/>
<path fill="#efa529" d="   M 253.21 285.76   L 257.51 289.02   Q 258.48 290.13 259.08 292.13   A 0.75 0.74 -21.6 0 1 258.70 293.00   Q 257.72 293.47 256.52 293.18   A 1.38 1.34 80.0 0 1 255.73 292.61   Q 253.75 289.60 253.21 285.76   Z"/>
<path fill="#efa529" d="   M 379.08 285.81   C 381.16 290.82 382.14 297.57 377.84 301.71   Q 369.21 310.00 358.41 302.04   A 0.46 0.45 42.0 0 1 358.37 301.34   L 366.38 294.09   L 369.12 299.62   A 1.09 1.09 0.0 0 0 370.57 300.12   Q 372.95 298.99 374.51 296.93   Q 375.12 296.12 376.36 292.26   Q 377.45 288.88 379.08 285.81   Z"/>
<path fill="#ffffff" d="   M 429.99 286.89   C 439.13 292.99 447.96 301.29 452.52 311.46   Q 454.28 315.37 455.53 322.88   Q 456.81 330.61 457.34 334.62   A 6.79 6.71 -41.5 0 1 457.16 337.29   Q 453.57 350.75 448.20 368.89   Q 443.32 385.35 438.63 396.09   Q 433.04 408.87 425.58 421.85   Q 410.18 448.66 391.92 473.74   Q 391.27 474.06 391.52 473.18   Q 391.64 472.76 391.97 472.23   C 403.98 452.93 415.73 433.15 425.65 412.68   C 438.18 386.81 445.67 356.25 444.64 327.26   Q 444.43 321.28 441.72 312.52   Q 437.49 298.87 429.54 287.33   A 0.22 0.20 34.8 0 1 429.50 287.16   Q 429.56 286.79 429.99 286.89   Z"/>
<path fill="#efa529" d="   M 263.26 294.19   L 272.23 301.68   A 0.30 0.30 0.0 0 1 272.17 302.18   C 267.02 304.85 263.44 307.38 257.35 304.91   C 251.72 302.63 248.88 297.77 249.90 291.78   Q 250.24 289.77 250.58 287.83   Q 250.73 289.46 251.93 290.84   A 2.20 2.18 15.0 0 1 252.35 291.56   C 253.37 294.51 254.29 297.81 257.37 299.77   A 2.09 2.09 0.0 0 0 260.44 298.78   Q 261.44 296.24 263.26 294.19   Z"/>
<path fill="#efa529" d="   M 374.46 288.46   Q 374.30 291.15 372.55 293.08   A 1.28 1.27 55.5 0 1 370.42 292.68   Q 369.88 291.30 370.99 289.93   Q 371.01 290.15 371.04 290.31   A 0.33 0.32 59.0 0 0 371.62 290.46   Q 372.74 288.97 374.46 288.46   Z"/>
<path fill="#bfbfbf" d="   M 322.92 292.90   L 348.87 315.66   A 4.86 4.81 73.6 0 0 350.66 316.65   L 362.97 320.30   L 364.42 320.75   A 0.42 0.42 0.0 0 1 364.56 321.48   Q 359.74 325.37 353.87 328.08   A 3.61 3.60 46.2 0 1 350.72 328.01   C 346.12 325.64 342.23 322.11 339.89 317.01   Q 339.33 315.79 336.97 311.14   A 2.32 2.30 88.0 0 0 335.82 310.06   L 321.80 304.28   L 317.97 301.67   A 2.09 1.98 66.3 0 0 317.26 301.37   Q 314.74 300.88 315.19 298.03   L 315.37 289.70   A 0.63 0.63 0.0 0 1 316.18 289.11   Q 320.79 290.50 322.92 292.90   Z"/>
<path fill="#bfbfbf" d="   M 308.23 292.72   L 307.76 292.50   Q 308.11 292.17 308.35 292.13   A 0.25 0.24 -70.1 0 1 308.55 292.56   Q 308.44 292.67 308.23 292.72   Z"/>
<path fill="#ffea3c" d="   M 315.19 298.03   Q 314.74 300.88 317.26 301.37   A 2.09 1.98 66.3 0 1 317.97 301.67   L 321.80 304.28   L 333.76 312.89   A 6.46 6.27 89.7 0 1 335.22 314.38   Q 338.63 319.23 341.92 324.15   Q 341.94 324.19 347.19 331.33   Q 349.88 334.99 351.94 339.26   Q 351.09 340.44 349.28 341.63   Q 349.14 336.11 345.88 331.89   Q 336.59 319.89 335.42 317.70   C 333.82 314.68 329.22 311.92 326.58 310.25   C 323.35 308.19 319.29 305.45 317.07 310.18   Q 316.34 311.71 315.93 312.33   A 0.75 0.75 0.0 0 1 314.66 312.29   L 312.71 308.92   A 2.08 2.08 0.0 0 0 311.88 308.12   Q 309.43 306.79 306.86 308.41   Q 299.87 312.79 296.67 315.15   A 1.01 0.89 -87.4 0 0 296.43 315.40   L 285.70 330.90   A 0.42 0.42 0.0 0 1 284.95 330.54   L 285.48 328.76   Q 289.86 322.16 294.37 315.63   Q 295.95 313.33 298.28 311.80   Q 302.81 308.81 307.31 305.07   Q 308.15 303.51 311.17 303.18   A 1.52 1.51 -81.3 0 0 312.41 302.26   Q 312.89 301.15 314.28 300.76   A 1.08 1.08 0.0 0 0 315.06 299.79   L 315.19 298.03   Z"/>
<path fill="#ffffff" d="   M 427.30 304.62   Q 431.57 333.33 429.58 364.23   A 12.66 12.44 -32.8 0 1 428.74 367.97   Q 425.68 375.74 421.70 383.96   Q 411.24 405.57 398.76 428.42   A 0.33 0.32 56.9 0 1 398.15 428.29   L 394.65 383.58   A 1.53 1.53 0.0 0 1 395.06 382.42   Q 403.68 373.18 415.30 361.05   C 416.32 359.99 416.96 358.37 417.26 356.80   Q 422.07 331.43 426.65 304.62   A 0.33 0.33 0.0 0 1 427.30 304.62   Z"/>

<path fill="#efa529" d="   M 349.28 341.63   Q 347.72 343.18 348.03 343.43   Q 343.64 348.12 339.37 352.86   Q 326.59 367.04 324.54 385.72   Q 320.10 398.10 317.63 411.51   C 316.47 417.82 316.18 423.28 315.56 429.71   A 0.25 0.25 0.0 0 1 315.07 429.71   Q 314.46 422.86 313.49 415.49   Q 311.36 399.32 305.04 384.29   Q 305.72 384.47 305.82 384.39   A 1.17 1.17 0.0 0 0 306.24 383.20   Q 303.54 371.52 297.63 361.29   Q 295.38 357.40 290.59 352.27   Q 286.63 348.04 282.75 343.85   Q 281.22 341.32 278.60 339.69   L 282.40 333.13   Q 282.42 333.08 282.44 333.03   Q 283.57 330.22 285.21 327.78   Q 284.98 328.29 285.48 328.76   L 284.95 330.54   A 0.42 0.42 0.0 0 0 285.70 330.90   L 296.43 315.40   A 1.01 0.89 -87.4 0 1 296.67 315.15   Q 299.87 312.79 306.86 308.41   Q 309.43 306.79 311.88 308.12   A 2.08 2.08 0.0 0 1 312.71 308.92   L 314.66 312.29   A 0.75 0.75 0.0 0 0 315.93 312.33   Q 316.34 311.71 317.07 310.18   C 319.29 305.45 323.35 308.19 326.58 310.25   C 329.22 311.92 333.82 314.68 335.42 317.70   Q 336.59 319.89 345.88 331.89   Q 349.14 336.11 349.28 341.63   Z   M 314.76 387.92   A 0.12 0.12 0.0 0 0 314.99 387.90   Q 319.87 357.84 322.60 334.26   Q 323.04 330.48 321.96 328.75   Q 318.60 323.39 316.01 319.80   A 0.43 0.42 -43.9 0 0 315.33 319.79   Q 311.73 324.34 308.45 329.24   Q 307.23 331.05 307.37 334.01   C 308.06 349.32 310.18 361.12 313.06 379.96   Q 313.65 383.84 314.76 387.92   Z   M 302.84 320.50   Q 296.72 325.27 298.20 332.93   A 0.57 0.56 74.2 0 0 298.95 333.35   Q 301.97 332.25 302.55 329.93   Q 303.49 326.13 303.09 320.61   A 0.16 0.15 -21.1 0 0 302.84 320.50   Z   M 327.87 320.68   A 0.15 0.15 0.0 0 0 327.62 320.78   Q 327.14 326.24 328.01 330.01   Q 328.55 332.31 331.52 333.45   A 0.56 0.56 0.0 0 0 332.27 333.04   Q 333.85 325.49 327.87 320.68   Z"/>
<path fill="#bfbfbf" d="   M 365.43 317.17   Q 366.03 317.35 366.29 317.73   A 0.37 0.37 0.0 0 1 366.03 318.31   L 363.48 318.56   Q 354.07 318.27 348.67 310.43   A 0.26 0.26 0.0 0 1 349.01 310.06   Q 351.35 311.33 353.70 312.59   Q 354.60 313.08 358.71 314.25   Q 362.23 315.26 365.43 317.17   Z"/>
<path fill="#bfbfbf" d="   M 212.74 354.87   A 0.28 0.28 0.0 0 0 212.22 354.95   Q 209.83 370.04 211.02 385.64   A 0.47 0.47 0.0 0 1 210.12 385.87   C 205.17 374.90 200.34 362.89 200.24 351.14   C 200.12 337.11 204.52 325.62 210.95 312.46   Q 211.32 311.71 211.80 311.52   A 0.52 0.51 83.5 0 1 212.50 312.08   C 210.27 326.48 213.71 339.73 222.71 351.86   C 229.44 360.93 236.21 367.60 244.06 374.46   A 0.40 0.40 0.0 0 1 243.74 375.15   Q 241.51 374.83 238.96 373.81   C 229.55 370.06 217.27 364.10 212.74 354.87   Z"/>
<path fill="#898989" d="   M 234.76 323.32   Q 239.14 321.69 243.17 320.13   Q 247.12 318.60 245.75 313.21   Q 249.44 315.31 250.65 318.90   A 1.87 1.86 63.8 0 1 249.93 321.03   C 246.19 323.60 239.26 323.66 234.76 323.32   Z"/>
<path fill="#ffea3c" d="   M 314.76 387.92   Q 313.65 383.84 313.06 379.96   C 310.18 361.12 308.06 349.32 307.37 334.01   Q 307.23 331.05 308.45 329.24   Q 311.73 324.34 315.33 319.79   A 0.43 0.42 -43.9 0 1 316.01 319.80   Q 318.60 323.39 321.96 328.75   Q 323.04 330.48 322.60 334.26   Q 319.87 357.84 314.99 387.90   A 0.12 0.12 0.0 0 1 314.76 387.92   Z"/>


<path fill="#bfbfbf" d="   M 368.53 324.41   L 373.05 323.43   L 374.54 323.33   A 2.35 2.33 51.9 0 1 375.42 323.44   L 388.03 327.54   A 0.51 0.50 21.7 0 1 388.34 328.24   Q 383.50 338.60 380.97 349.76   Q 380.21 353.11 378.96 354.02   C 375.98 356.21 375.14 357.13 371.51 357.79   C 363.02 359.32 352.04 362.29 344.92 367.71   A 0.25 0.25 0.0 0 1 344.57 367.36   Q 351.21 358.58 360.11 352.63   C 365.82 348.81 370.27 350.38 376.09 352.54   A 0.42 0.41 18.9 0 0 376.63 352.28   Q 378.80 345.95 379.95 341.49   Q 380.68 338.65 380.14 331.60   A 1.07 1.06 -78.7 0 0 379.58 330.75   Q 375.14 328.49 368.29 325.23   Q 367.94 325.06 368.53 324.41   Z"/>
<path fill="#484848" d="   M 325.55 414.28   Q 331.27 396.66 340.91 381.43   Q 351.74 364.30 371.48 362.34   Q 376.93 361.79 378.38 360.96   Q 380.87 359.53 383.67 356.74   A 2.51 2.49 77.8 0 0 384.25 355.83   Q 391.50 335.47 393.58 330.07   Q 394.00 328.99 395.21 327.46   Q 397.26 324.87 399.16 323.77   L 410.11 324.57   A 0.26 0.26 0.0 0 1 410.28 325.00   L 404.87 331.10   A 2.03 2.02 -17.0 0 0 404.46 331.87   Q 400.55 346.43 397.79 356.26   Q 397.04 358.93 395.78 361.11   A 2.37 2.24 -3.6 0 1 395.08 361.86   L 383.53 369.61   A 5.13 5.10 27.0 0 1 380.86 370.47   C 372.60 370.77 365.24 372.27 358.02 376.70   Q 350.72 381.17 344.54 388.54   Q 333.77 401.38 325.55 414.28   Z"/>
<path fill="#ffea3c" d="   M 282.75 343.85   Q 286.63 348.04 290.59 352.27   Q 295.38 357.40 297.63 361.29   Q 303.54 371.52 306.24 383.20   A 1.17 1.17 0.0 0 1 305.82 384.39   Q 305.72 384.47 305.04 384.29   L 296.61 368.25   C 292.43 359.43 286.89 352.19 278.88 346.39   Q 270.73 340.49 261.71 335.98   A 0.51 0.50 17.1 0 0 260.98 336.36   L 260.59 339.36   Q 259.33 340.01 257.45 339.35   L 257.87 330.36   A 0.36 0.36 0.0 0 1 258.40 330.06   Q 269.56 336.20 280.72 342.27   Q 281.45 342.66 282.75 343.85   Z"/>
<path fill="#ffea3c" d="   M 372.66 331.78   Q 368.54 333.80 365.39 337.15   A 0.29 0.28 -70.0 0 0 365.61 337.63   L 366.24 337.59   Q 365.56 337.72 365.01 338.02   Q 358.77 341.37 352.90 345.45   Q 340.44 354.12 333.94 368.25   L 324.54 385.72   Q 326.59 367.04 339.37 352.86   Q 343.64 348.12 348.03 343.43   Q 359.60 336.76 371.42 330.51   Q 372.27 330.06 372.61 330.48   Q 372.93 330.87 372.66 331.78   Z"/>
<path fill="#efa529" d="   M 372.66 331.78   L 372.97 339.35   Q 371.37 339.86 370.01 339.43   Q 369.44 337.49 369.60 336.61   A 0.56 0.56 0.0 0 0 368.76 336.04   L 366.24 337.59   L 365.61 337.63   A 0.29 0.28 -70.0 0 1 365.39 337.15   Q 368.54 333.80 372.66 331.78   Z"/>



<path fill="#898989" d="   M 251.01 419.44   Q 249.89 420.98 249.78 423.23   Q 249.61 426.86 249.55 427.25   Q 247.17 441.75 246.04 460.76   Q 245.53 469.31 246.75 482.53   Q 246.80 483.00 246.71 483.36   A 0.21 0.21 0.0 0 1 246.34 483.43   Q 226.27 456.78 209.44 428.81   Q 201.99 416.44 198.00 406.74   L 226.62 441.59   A 0.23 0.23 0.0 0 0 227.02 441.49   C 228.80 433.23 231.61 423.47 234.36 415.64   C 239.53 400.91 248.07 389.57 258.48 378.49   A 0.44 0.44 0.0 0 1 259.21 378.93   Q 252.29 399.04 251.01 419.44   Z"/>
<path fill="#ffffff" d="   M 326.42 469.60   A 0.29 0.29 0.0 0 1 325.91 469.41   Q 326.30 459.23 326.32 448.51   C 326.33 445.99 327.23 445.06 328.60 443.24   Q 350.34 414.23 367.33 391.04   A 0.44 0.44 0.0 0 1 368.11 391.41   Q 364.41 406.83 357.18 421.22   Q 344.33 446.79 326.42 469.60   Z"/>
<path fill="#484848" d="   M 380.04 412.29   Q 379.60 412.14 379.62 411.56   Q 379.73 409.27 379.63 411.37   Q 379.28 414.83 379.35 420.48   A 14.68 14.67 53.0 0 1 378.75 424.77   C 372.36 446.45 366.62 465.94 357.47 484.98   C 347.89 504.90 332.58 523.74 317.50 539.75   Q 316.79 540.49 315.85 541.01   Q 315.28 538.95 315.28 535.75   Q 315.24 508.50 315.41 497.39   C 340.98 471.19 363.87 439.79 375.85 405.17   Q 377.60 400.12 378.59 394.97   A 0.22 0.22 0.0 0 1 379.02 395.00   L 380.04 412.29   Z"/>
<path fill="#898989" d="   M 314.45 497.06   Q 314.85 497.30 315.41 497.39   Q 315.24 508.50 315.28 535.75   Q 315.28 538.95 315.85 541.01   Q 315.52 541.90 314.96 541.32   Q 304.11 530.24 292.24 514.74   C 279.27 497.82 271.35 482.31 264.08 461.97   Q 258.18 445.43 255.72 434.73   Q 271.64 462.12 292.76 481.73   Q 301.99 490.29 314.45 497.06   Z"/>

                        </g>
                    </svg>