<svg data-content-extracted="true" xmlns="http://www.w3.org/2000/svg" 
                      viewBox="-92.7 -92.7 1136.56 1136.56" 
                      width="1136.56" 
                      height="1136.56"
                      preserveAspectRatio="none"
                      data-content-extracted="true"
                      data-overflow="horizontal:4,vertical:4"
                      data-original-bounds="-90.7,-90.7,921.17,905.11">
                        <g transform="translate(92.7, 92.7)">
                          
<g stroke-width="1136.56" fill="none" stroke-linecap="butt">
<path vector-effect="non-scaling-stroke" d="   M 823.66 133.74   Q 815.30 114.72 798.47 102.00   C 781.37 89.07 758.42 83.88 737.45 87.35   Q 717.51 90.65 701.76 102.65   C 682.59 117.27 672.98 138.33 662.28 160.29   A 0.54 0.54 0.0 0 1 661.48 160.49   Q 634.01 140.44 601.48 128.51   A 0.52 0.52 0.0 0 1 601.22 127.74   C 613.06 109.24 620.64 95.04 637.14 65.65   C 644.60 52.35 655.16 24.91 637.62 14.54   Q 632.60 11.57 624.38 11.90   Q 611.17 12.44 599.52 20.16   Q 573.51 37.40 569.90 68.46   C 568.99 76.31 570.21 86.03 571.67 93.54   Q 574.62 108.66 575.95 121.02   A 0.56 0.56 0.0 0 1 575.28 121.63   Q 532.94 112.85 489.73 121.63   A 0.43 0.43 0.0 0 1 489.22 121.23   Q 489.00 115.20 490.01 108.75   Q 491.80 97.26 493.78 85.76   C 494.94 79.02 495.60 71.29 494.22 64.10   C 489.84 41.10 473.62 20.96 451.13 13.67   Q 445.43 11.83 437.58 11.88   C 425.14 11.96 416.89 19.79 416.82 32.51   C 416.73 50.02 426.74 65.99 435.43 80.66   C 442.72 92.95 449.23 105.49 456.72 118.28   Q 459.60 123.18 462.82 127.69   A 0.58 0.58 0.0 0 1 462.53 128.58   Q 429.93 139.51 402.45 160.34   A 0.55 0.54 -31.7 0 1 401.63 160.15   C 392.85 142.53 385.39 125.71 372.49 112.07   Q 354.75 93.30 330.53 88.11   C 293.40 80.16 255.64 98.67 240.27 133.59   A 0.23 0.23 0.0 0 0 240.65 133.83   C 250.12 123.35 259.43 113.55 274.33 113.98   A 0.47 0.47 0.0 0 1 274.76 114.60   Q 266.27 140.45 276.66 165.38   C 289.30 195.69 320.22 207.29 350.64 214.14   A 0.44 0.44 0.0 0 1 350.92 214.79   Q 347.03 221.51 344.21 226.42   Q 319.79 269.06 316.12 317.84   A 1.31 1.28 -14.3 0 1 315.52 318.83   C 279.48 341.44 259.72 381.90 260.88 424.23   Q 261.95 463.63 281.38 498.25   A 0.54 0.54 0.0 0 1 281.05 499.04   C 274.51 500.81 266.87 507.37 268.15 515.01   A 1.52 1.50 14.3 0 0 268.71 515.94   Q 271.51 518.07 274.20 515.53   A 2.30 2.22 80.2 0 0 274.71 514.78   Q 275.99 511.66 276.77 510.28   Q 278.89 506.54 282.70 505.39   A 0.29 0.29 0.0 0 1 283.04 505.80   C 280.11 511.53 278.81 520.46 282.71 526.05   Q 283.99 527.88 285.40 527.37   C 289.22 525.96 289.29 517.42 289.21 512.66   A 0.28 0.28 0.0 0 1 289.69 512.45   L 297.19 519.86   A 1.65 1.13 16.0 0 1 297.38 520.09   Q 298.67 522.00 300.18 523.58   A 1.86 1.53 49.9 0 0 302.36 523.98   C 306.97 520.79 299.83 508.74 297.41 505.39   A 0.40 0.40 0.0 0 1 297.75 504.76   Q 304.18 505.09 306.27 506.18   C 309.67 507.95 315.66 511.95 317.66 508.71   C 318.71 507.01 317.77 504.28 316.76 502.63   Q 309.56 490.95 295.25 491.01   Q 292.83 491.03 290.62 492.25   A 0.27 0.27 0.0 0 1 290.22 492.06   C 282.70 449.98 286.09 406.75 318.53 375.41   A 0.34 0.33 62.5 0 1 319.09 375.59   Q 332.17 443.75 382.07 492.16   Q 404.65 514.07 433.01 528.39   A 1.20 1.19 9.3 0 1 433.65 529.28   Q 435.64 543.45 440.48 558.83   Q 441.33 561.54 444.38 571.08   C 448.53 584.06 437.23 593.56 425.23 594.52   C 412.17 595.57 402.03 596.51 390.81 601.93   C 382.86 605.77 376.76 614.75 372.87 622.42   A 0.44 0.44 0.0 0 0 373.26 623.06   Q 438.19 623.10 453.51 623.08   C 458.05 623.07 462.76 623.26 466.59 621.66   Q 475.70 617.83 479.03 609.03   Q 480.47 605.22 480.53 596.72   Q 480.70 572.82 484.15 548.30   A 0.51 0.50 -80.1 0 1 484.76 547.87   C 515.55 554.60 548.36 553.76 579.14 547.84   A 0.59 0.59 0.0 0 1 579.84 548.34   Q 583.12 573.03 583.42 593.92   Q 583.58 605.59 584.93 609.09   C 587.73 616.39 595.09 623.02 603.25 623.07   Q 611.14 623.12 690.76 623.06   A 0.37 0.37 0.0 0 0 691.08 622.51   C 684.41 610.77 678.22 602.33 664.56 598.46   Q 655.84 596.00 647.75 595.36   C 636.46 594.47 629.58 594.13 622.35 586.14   Q 617.61 580.90 619.10 573.56   Q 619.89 569.65 620.40 568.38   Q 627.79 549.92 630.11 530.03   A 2.49 2.48 80.1 0 1 631.45 528.11   Q 653.95 516.52 673.20 499.70   Q 730.14 449.94 745.00 375.53   A 0.31 0.30 28.5 0 1 745.52 375.38   C 776.74 407.19 780.04 449.39 773.81 491.82   A 0.51 0.49 -77.4 0 1 773.18 492.23   C 763.74 489.46 753.22 493.41 747.80 501.55   Q 745.97 504.29 745.92 506.74   C 745.77 513.69 754.86 507.47 757.38 506.17   Q 759.75 504.94 766.27 504.82   A 0.36 0.35 17.2 0 1 766.57 505.38   C 764.30 508.55 756.47 521.09 762.09 523.65   C 764.15 524.59 766.47 519.73 767.67 518.60   Q 770.72 515.72 774.10 512.26   A 0.30 0.30 0.0 0 1 774.62 512.45   C 774.85 516.46 774.21 525.21 778.47 527.24   C 780.32 528.11 782.20 525.70 782.69 524.28   Q 785.73 515.45 780.82 506.53   A 0.30 0.29 88.1 0 1 781.20 506.12   Q 786.58 508.60 788.50 514.13   Q 789.23 516.24 790.11 516.89   C 793.44 519.34 796.67 517.10 795.88 512.95   Q 793.81 502.18 782.92 499.98   A 0.45 0.45 0.0 0 1 782.61 499.32   C 801.00 466.10 808.49 426.75 798.80 389.46   Q 787.26 345.03 749.27 320.67   A 1.17 1.17 0.0 0 1 748.75 319.80   Q 744.23 263.67 713.82 216.79   A 0.51 0.51 0.0 0 1 714.14 216.01   Q 732.91 211.89 749.40 204.66   C 765.85 197.45 779.48 185.80 786.79 169.07   Q 798.22 142.88 790.27 116.73   A 0.67 0.67 0.0 0 1 790.74 115.89   Q 792.11 115.53 794.36 115.56   C 806.52 115.72 815.64 124.86 823.28 133.98   A 0.23 0.23 0.0 0 0 823.66 133.74"/>
<path vector-effect="non-scaling-stroke" d="   M 112.62 804.42   C 117.65 804.42 122.12 801.85 124.59 797.60   Q 129.84 788.58 174.39 710.38   A 0.22 0.21 60.2 0 1 174.79 710.49   L 174.79 801.67   A 0.58 0.58 0.0 0 0 175.37 802.25   L 202.72 802.25   A 0.37 0.37 0.0 0 0 203.09 801.88   Q 203.21 780.51 203.08 658.82   C 203.07 650.35 195.72 643.74 187.28 644.77   Q 180.20 645.65 177.34 650.61   Q 138.26 718.34 112.86 762.55   Q 112.76 762.72 112.61 762.72   Q 112.46 762.72 112.36 762.55   Q 86.93 718.35 47.82 650.64   Q 44.96 645.69 37.88 644.81   C 29.44 643.78 22.09 650.40 22.08 658.87   Q 22.02 780.56 22.15 801.93   A 0.37 0.37 0.0 0 0 22.52 802.30   L 49.87 802.28   A 0.58 0.58 0.0 0 0 50.45 801.70   L 50.40 710.52   A 0.22 0.21 -60.2 0 1 50.80 710.41   Q 95.39 788.59 100.64 797.61   C 103.11 801.85 107.59 804.42 112.62 804.42"/>
<path vector-effect="non-scaling-stroke" d="   M 698.24 801.84   A 0.43 0.43 0.0 0 0 698.67 802.27   L 726.34 802.27   A 0.43 0.43 0.0 0 0 726.77 801.84   L 726.77 713.69   A 0.43 0.43 0.0 0 1 727.20 713.26   L 775.59 713.26   A 0.43 0.43 0.0 0 0 776.02 712.83   L 776.02 685.43   A 0.43 0.43 0.0 0 0 775.59 685.00   L 727.20 685.00   A 0.43 0.43 0.0 0 1 726.77 684.57   L 726.77 647.18   A 0.43 0.43 0.0 0 0 726.34 646.75   L 698.66 646.75   A 0.43 0.43 0.0 0 0 698.23 647.18   L 698.23 684.57   A 0.43 0.43 0.0 0 1 697.80 685.00   L 661.97 685.00   A 0.43 0.43 0.0 0 0 661.54 685.43   L 661.54 712.83   A 0.43 0.43 0.0 0 0 661.97 713.26   L 697.81 713.26   A 0.43 0.43 0.0 0 1 698.24 713.69   L 698.24 801.84"/>
<path vector-effect="non-scaling-stroke" d="   M 359.4287 723.0935   A 38.30 38.30 0.0 0 0 320.9953 684.9274   L 267.7556 685.1133   A 38.30 38.30 0.0 0 0 229.5895 723.5467   L 229.7313 764.1465   A 38.30 38.30 0.0 0 0 268.1647 802.3126   L 321.4044 802.1267   A 38.30 38.30 0.0 0 0 359.5705 763.6933   L 359.4287 723.0935"/>
<path vector-effect="non-scaling-stroke" d="   M 485.97 802.25   L 512.97 802.25   A 0.50 0.50 0.0 0 0 513.47 801.75   Q 513.54 761.29 513.47 738.50   C 513.41 718.96 506.51 702.96 489.46 692.82   Q 476.58 685.16 460.75 685.02   Q 457.85 685.00 403.24 684.99   C 394.32 684.99 389.18 685.34 384.97 692.55   Q 383.43 695.18 383.50 706.22   Q 383.61 724.06 383.55 801.87   A 0.39 0.39 0.0 0 0 383.94 802.26   L 411.44 802.26   A 0.35 0.35 0.0 0 0 411.79 801.91   L 411.79 713.64   A 0.37 0.37 0.0 0 1 412.16 713.27   Q 435.04 713.25 457.86 713.24   C 461.63 713.24 467.35 713.53 470.28 714.72   Q 483.42 720.02 485.07 734.51   Q 485.30 736.53 485.30 743.29   Q 485.30 789.91 485.27 801.55   A 0.70 0.70 0.0 0 0 485.97 802.25"/>
<path vector-effect="non-scaling-stroke" d="   M 636.95 684.99   Q 612.55 685.01 572.84 684.99   C 565.03 684.99 558.18 685.69 552.14 688.82   C 536.18 697.08 530.46 714.44 536.59 730.83   C 541.23 743.25 553.73 751.19 566.78 751.21   Q 610.92 751.27 612.51 751.33   Q 622.53 751.67 623.26 761.50   Q 623.85 769.47 618.56 772.47   Q 615.69 774.09 606.17 774.05   Q 583.18 773.95 536.01 774.02   A 0.42 0.41 -0.0 0 0 535.59 774.43   L 535.59 801.72   A 0.55 0.54 0.0 0 0 536.14 802.26   Q 588.84 802.26 606.38 802.29   C 615.87 802.31 623.39 801.56 631.13 797.64   C 654.29 785.90 657.27 755.92 642.32 736.66   C 634.92 727.11 623.54 723.23 611.75 723.23   Q 569.82 723.23 567.12 723.23   A 4.69 4.68 -89.9 0 1 562.45 718.54   L 562.45 717.64   A 4.38 4.38 0.0 0 1 566.83 713.26   L 637.22 713.26   A 0.39 0.39 0.0 0 0 637.61 712.87   L 637.61 685.65   A 0.66 0.66 0.0 0 0 636.95 684.99"/>
<path vector-effect="non-scaling-stroke" d="   M 880.72 775.25   Q 851.61 775.20 831.00 775.29   Q 823.27 775.32 820.10 769.95   Q 818.22 766.76 818.49 757.79   Q 818.50 757.60 818.54 724.51   Q 818.56 716.43 824.12 713.37   Q 827.14 711.72 836.09 711.72   Q 879.23 711.74 881.98 711.85   C 897.74 712.51 897.03 735.44 881.46 735.87   Q 872.71 736.10 830.94 735.96   A 0.43 0.42 -90.0 0 0 830.52 736.39   L 830.52 762.35   A 0.40 0.40 0.0 0 0 830.92 762.75   Q 857.30 762.76 874.23 762.76   C 883.33 762.76 890.23 762.91 896.83 759.89   Q 916.48 750.90 919.69 729.28   Q 921.17 719.36 918.47 711.23   Q 912.39 692.92 893.55 686.97   Q 887.55 685.08 882.24 685.06   Q 849.40 684.96 831.25 684.98   Q 806.56 685.01 795.83 706.41   C 793.06 711.93 791.71 718.83 791.71 724.77   Q 791.71 728.87 791.65 754.98   Q 791.61 770.42 793.18 775.42   Q 796.68 786.60 806.03 793.94   C 814.45 800.55 824.13 802.34 834.75 802.31   Q 872.91 802.19 880.87 802.20   A 0.54 0.53 -90.0 0 0 881.40 801.66   L 881.40 775.93   A 0.68 0.68 0.0 0 0 880.72 775.25"/>
<path vector-effect="non-scaling-stroke" d="   M 966.73 801.56   Q 966.87 781.01 966.71 732.24   Q 966.68 721.33 967.53 719.35   Q 970.09 713.38 978.01 713.33   Q 998.66 713.19 1041.51 713.27   A 0.35 0.35 0.0 0 0 1041.86 712.92   L 1041.86 685.52   A 0.49 0.49 0.0 0 0 1041.38 685.03   Q 1023.41 684.93 979.76 685.05   C 955.93 685.12 938.59 700.34 938.59 725.01   Q 938.59 742.92 938.60 801.74   A 0.52 0.52 0.0 0 0 939.12 802.26   L 966.02 802.26   A 0.71 0.70 0.0 0 0 966.73 801.56"/>
<path vector-effect="non-scaling-stroke" d="   M 440.83 875.59   C 440.86 890.11 448.31 904.31 464.60 904.28   C 480.88 904.25 488.28 890.01 488.25 875.50   C 488.23 860.98 480.77 846.77 464.48 846.80   C 448.20 846.83 440.80 861.07 440.83 875.59"/>
<path vector-effect="non-scaling-stroke" d="   M 557.24 873.25   A 0.40 0.39 -82.3 0 0 556.86 873.55   Q 554.66 881.90 549.56 889.31   A 0.54 0.54 0.0 0 1 548.78 889.42   Q 541.03 883.13 535.43 874.69   A 0.66 0.66 0.0 0 1 535.60 873.78   C 542.34 869.08 550.26 862.65 546.80 853.20   C 544.86 847.87 538.84 845.80 533.62 847.17   Q 524.32 849.61 523.88 859.90   C 523.69 864.52 525.81 868.42 527.20 872.51   A 0.72 0.71 -27.1 0 1 526.93 873.32   C 520.32 878.00 515.46 883.31 516.84 891.71   C 518.38 901.10 527.17 905.11 536.01 904.16   Q 543.42 903.36 548.95 898.30   A 0.74 0.73 41.1 0 1 549.86 898.24   Q 555.44 902.14 561.64 904.17   A 0.71 0.70 17.5 0 0 562.52 903.72   L 563.93 899.26   A 0.71 0.71 0.0 0 0 563.47 898.36   Q 558.87 896.80 554.07 893.54   A 0.45 0.45 0.0 0 1 553.96 892.90   Q 560.33 884.08 563.29 873.50   A 0.20 0.19 8.6 0 0 563.10 873.25   L 557.24 873.25"/>
<path vector-effect="non-scaling-stroke" d="   M 838.34 875.57   C 838.36 890.09 845.81 904.30 862.10 904.28   C 878.39 904.26 885.80 890.02 885.78 875.50   C 885.76 860.98 878.31 846.76 862.03 846.79   C 845.74 846.81 838.33 861.04 838.34 875.57"/>
<path vector-effect="non-scaling-stroke" d="   M 200.89 886.49   Q 210.20 886.50 210.46 886.52   A 0.95 0.94 83.7 0 1 211.27 887.18   L 216.12 903.01   A 0.40 0.39 -7.7 0 0 216.50 903.29   L 223.38 903.29   A 0.16 0.16 0.0 0 0 223.53 903.09   L 205.16 848.47   A 0.93 0.92 82.4 0 0 204.35 847.85   Q 202.66 847.73 200.95 847.72   Q 199.24 847.72 197.55 847.84   A 0.93 0.92 -82.3 0 0 196.74 848.46   L 178.21 903.02   A 0.16 0.16 0.0 0 0 178.36 903.22   L 185.24 903.24   A 0.40 0.39 7.9 0 0 185.62 902.96   L 190.51 887.15   A 0.95 0.94 -83.5 0 1 191.33 886.50   Q 191.58 886.47 200.89 886.49"/>
<path vector-effect="non-scaling-stroke" d="   M 271.28 904.28   C 284.81 904.25 291.00 894.98 291.05 882.24   Q 291.10 867.17 291.01 848.11   A 0.41 0.41 0.0 0 0 290.60 847.70   L 284.55 847.70   A 0.44 0.44 0.0 0 0 284.11 848.14   Q 284.22 870.53 284.18 881.49   C 284.16 889.88 281.23 898.15 271.27 898.18   C 261.30 898.20 258.34 889.94 258.27 881.56   Q 258.17 870.60 258.17 848.20   A 0.44 0.44 0.0 0 0 257.73 847.77   L 251.68 847.80   A 0.41 0.41 0.0 0 0 251.27 848.21   Q 251.28 867.27 251.41 882.34   C 251.52 895.08 257.76 904.31 271.28 904.28"/>
<path vector-effect="non-scaling-stroke" d="   M 327.29 848.23   L 327.19 902.73   A 0.57 0.57 0.0 0 0 327.76 903.31   L 342.93 903.33   A 24.73 24.42 -89.9 0 0 367.39 878.65   L 367.41 872.47   A 24.73 24.42 -89.9 0 0 343.03 847.69   L 327.86 847.67   A 0.57 0.57 0.0 0 0 327.29 848.23"/>
<path vector-effect="non-scaling-stroke" d="   M 407.50 848.26   A 0.57 0.57 0.0 0 0 406.93 847.69   L 401.07 847.69   A 0.57 0.57 0.0 0 0 400.50 848.26   L 400.50 902.64   A 0.57 0.57 0.0 0 0 401.07 903.21   L 406.93 903.21   A 0.57 0.57 0.0 0 0 407.50 902.64   L 407.50 848.26"/>
<path vector-effect="non-scaling-stroke" d="   M 608.53 903.26   Q 612.03 903.26 612.20 903.22   A 0.88 0.88 0.0 0 0 612.86 902.63   L 630.24 847.97   A 0.18 0.18 0.0 0 0 630.07 847.73   L 623.20 847.73   A 0.33 0.33 0.0 0 0 622.88 847.97   Q 615.90 871.32 609.11 894.90   Q 608.86 895.78 608.53 895.78   Q 608.19 895.78 607.94 894.90   Q 601.10 871.33 594.08 848.00   A 0.33 0.33 0.0 0 0 593.76 847.76   L 586.89 847.77   A 0.18 0.18 0.0 0 0 586.72 848.01   L 604.20 902.64   A 0.88 0.88 0.0 0 0 604.87 903.23   Q 605.04 903.26 608.53 903.26"/>
<path vector-effect="non-scaling-stroke" d="   M 666.00 848.06   A 0.33 0.33 0.0 0 0 665.67 847.73   L 659.33 847.73   A 0.33 0.33 0.0 0 0 659.00 848.06   L 659.00 902.92   A 0.33 0.33 0.0 0 0 659.33 903.25   L 665.67 903.25   A 0.33 0.33 0.0 0 0 666.00 902.92   L 666.00 848.06"/>
<path vector-effect="non-scaling-stroke" d="   M 702.50 848.17   L 702.50 902.87   A 0.43 0.43 0.0 0 0 702.93 903.30   L 718.12 903.30   A 24.38 24.34 90.0 0 0 742.46 878.92   L 742.46 872.12   A 24.38 24.34 -90.0 0 0 718.12 847.74   L 702.93 847.74   A 0.43 0.43 0.0 0 0 702.50 848.17"/>
<path vector-effect="non-scaling-stroke" d="   M 783.20 871.24   A 0.44 0.44 0.0 0 1 782.76 870.80   L 782.76 854.19   A 0.44 0.44 0.0 0 1 783.20 853.75   L 807.35 853.75   A 0.44 0.44 0.0 0 0 807.79 853.31   L 807.79 848.19   A 0.44 0.44 0.0 0 0 807.35 847.75   L 776.19 847.75   A 0.44 0.44 0.0 0 0 775.75 848.19   L 775.75 902.83   A 0.44 0.44 0.0 0 0 776.19 903.27   L 808.08 903.27   A 0.44 0.44 0.0 0 0 808.52 902.83   L 808.52 897.68   A 0.44 0.44 0.0 0 0 808.08 897.24   L 783.20 897.24   A 0.44 0.44 0.0 0 1 782.76 896.80   L 782.76 877.70   A 0.44 0.44 0.0 0 1 783.20 877.26   L 803.30 877.26   A 0.44 0.44 0.0 0 0 803.74 876.82   L 803.74 871.68   A 0.44 0.44 0.0 0 0 803.30 871.24   L 783.20 871.24"/>
<path vector-effect="non-scaling-stroke" d="   M 469.6534 194.3403   A 50.59 48.66 -90.2 0 0 421.1703 245.0999   A 50.59 48.66 -90.2 0 0 470.0066 295.5197   A 50.59 48.66 -90.2 0 0 518.4897 244.7601   A 50.59 48.66 -90.2 0 0 469.6534 194.3403"/>
<path vector-effect="non-scaling-stroke" d="   M 593.4222 194.3838   A 50.57 48.66 -90.7 0 0 545.3836 245.5445   A 50.57 48.66 -90.7 0 0 594.6578 295.5162   A 50.57 48.66 -90.7 0 0 642.6964 244.3555   A 50.57 48.66 -90.7 0 0 593.4222 194.3838"/>
<path vector-effect="non-scaling-stroke" d="   M 645.50 324.31   C 622.27 349.69 586.54 361.92 553.22 365.71   Q 510.89 370.53 470.90 359.31   C 447.54 352.75 426.21 341.28 409.59 324.14   A 0.17 0.17 0.0 0 0 409.32 324.34   C 417.99 340.78 433.21 353.39 449.31 362.17   A 0.49 0.48 31.7 0 1 449.48 362.88   Q 445.19 368.96 441.98 375.47   C 440.09 379.31 438.11 383.68 439.77 387.47   C 443.93 396.99 452.58 401.12 462.82 402.91   Q 468.37 403.88 475.07 401.38   C 481.92 398.83 484.74 382.78 485.99 376.23   A 0.55 0.54 -77.8 0 1 486.65 375.80   Q 505.57 380.37 524.90 380.48   A 0.41 0.41 0.0 0 1 525.29 380.97   C 524.16 386.89 522.96 392.94 523.49 398.20   Q 523.85 401.76 527.14 404.32   Q 533.81 409.50 542.01 411.45   C 552.90 414.03 566.60 413.62 576.12 407.36   C 579.15 405.37 584.36 400.87 584.35 397.03   C 584.33 390.45 578.15 380.83 574.29 375.37   A 0.32 0.32 0.0 0 1 574.45 374.88   L 590.78 369.38   A 0.52 0.52 0.0 0 1 591.41 369.66   Q 595.28 378.56 600.16 386.08   Q 602.84 390.23 607.01 392.68   A 4.06 3.86 65.8 0 0 608.11 393.13   Q 614.42 394.62 621.77 391.79   Q 634.34 386.93 639.78 375.25   Q 642.33 369.78 638.82 364.70   Q 633.09 356.38 624.42 350.44   A 0.72 0.72 0.0 0 1 624.39 349.28   Q 637.64 338.91 645.87 324.57   A 0.23 0.23 0.0 0 0 645.50 324.31"/>
<path vector-effect="non-scaling-stroke" d="   M 490.49 242.55   C 486.20 248.32 476.04 245.92 477.73 237.78   Q 478.29 235.07 480.74 232.83   A 0.44 0.44 0.0 0 0 480.51 232.07   C 478.43 231.76 475.71 230.67 473.32 230.68   Q 462.88 230.71 457.18 238.83   C 453.19 244.50 452.64 251.36 455.91 257.40   Q 459.80 264.61 466.15 267.17   C 481.88 273.50 497.80 258.81 491.25 242.65   A 0.44 0.44 0.0 0 0 490.49 242.55"/>
<path vector-effect="non-scaling-stroke" d="   M 596.99 232.13   Q 585.88 228.34 577.76 234.64   C 570.42 240.32 567.94 250.37 572.66 258.56   C 579.44 270.32 595.42 272.19 604.27 262.58   C 609.46 256.94 610.53 250.02 607.93 242.67   A 0.31 0.31 0.0 0 0 607.38 242.60   Q 607.00 243.16 605.08 244.48   C 601.51 246.91 596.19 246.01 594.60 241.67   C 593.32 238.17 594.90 235.55 597.18 232.80   A 0.42 0.42 0.0 0 0 596.99 232.13"/>
<path vector-effect="non-scaling-stroke" d="   M 471.2438 250.0000   A 4.82 4.61 -48.5 0 0 464.5973 250.5553   A 4.82 4.61 -48.5 0 0 464.8562 257.2200   A 4.82 4.61 -48.5 0 0 471.5027 256.6647   A 4.82 4.61 -48.5 0 0 471.2438 250.0000"/>
<path vector-effect="non-scaling-stroke" d="   M 590.25 253.50   A 4.80 4.80 0.0 0 0 585.45 248.70   A 4.80 4.80 0.0 0 0 580.65 253.50   A 4.80 4.80 0.0 0 0 585.45 258.30   A 4.80 4.80 0.0 0 0 590.25 253.50"/>
<path vector-effect="non-scaling-stroke" d="   M 331.39 723.38   A 10.11 10.11 0.0 0 0 321.28 713.27   L 267.96 713.27   A 10.11 10.11 0.0 0 0 257.85 723.38   L 257.85 763.86   A 10.11 10.11 0.0 0 0 267.96 773.97   L 321.28 773.97   A 10.11 10.11 0.0 0 0 331.39 763.86   L 331.39 723.38"/>
<path vector-effect="non-scaling-stroke" d="   M 448.16 875.53   C 448.15 885.66 452.35 898.10 464.51 898.12   C 476.66 898.13 480.89 885.70 480.90 875.57   C 480.91 865.44 476.71 852.99 464.55 852.98   C 452.40 852.97 448.17 865.40 448.16 875.53"/>
<path vector-effect="non-scaling-stroke" d="   M 532.35 869.36   Q 532.43 869.39 532.47 869.37   C 537.01 866.83 542.50 862.59 541.81 856.87   Q 541.36 853.11 538.14 852.03   Q 534.91 850.95 532.29 853.69   C 528.31 857.85 530.15 864.54 532.25 869.29   Q 532.27 869.34 532.35 869.36"/>
<path vector-effect="non-scaling-stroke" d="   M 544.24 893.94   C 541.76 891.11 537.34 887.44 534.79 883.89   Q 534.73 883.81 530.60 878.39   A 0.56 0.56 0.0 0 0 529.81 878.29   Q 526.30 881.05 524.82 883.68   C 520.69 891.06 525.93 898.54 534.01 898.73   Q 538.80 898.85 544.14 894.90   A 0.66 0.65 51.3 0 0 544.24 893.94"/>
<path vector-effect="non-scaling-stroke" d="   M 845.67 875.54   C 845.66 885.67 849.88 898.12 862.04 898.12   C 874.19 898.12 878.41 885.68 878.42 875.55   C 878.42 865.41 874.20 852.97 862.05 852.97   C 849.89 852.97 845.67 865.41 845.67 875.54"/>
<path vector-effect="non-scaling-stroke" d="   M 200.80 880.75   Q 208.04 880.75 208.73 880.71   A 0.34 0.34 0.0 0 0 209.04 880.27   L 201.11 854.06   A 0.37 0.27 8.8 0 0 200.91 853.86   Q 200.85 853.83 200.78 853.83   Q 200.71 853.83 200.65 853.86   A 0.37 0.27 -8.9 0 0 200.46 854.06   L 192.57 880.28   A 0.34 0.34 0.0 0 0 192.87 880.72   Q 193.57 880.76 200.80 880.75"/>
<path vector-effect="non-scaling-stroke" d="   M 334.27 854.02   L 334.27 897.00   A 0.54 0.54 0.0 0 0 334.81 897.54   L 341.80 897.54   A 18.67 18.17 90.0 0 0 359.97 878.87   L 359.97 872.15   A 18.67 18.17 -90.0 0 0 341.80 853.48   L 334.81 853.48   A 0.54 0.54 0.0 0 0 334.27 854.02"/>
<path vector-effect="non-scaling-stroke" d="   M 709.55 854.02   L 709.47 897.00   A 0.56 0.56 0.0 0 0 710.03 897.56   L 717.05 897.57   A 18.81 18.08 -89.9 0 0 735.16 878.79   L 735.18 872.31   A 18.81 18.08 -89.9 0 0 717.13 853.47   L 710.11 853.46   A 0.56 0.56 0.0 0 0 709.55 854.02"/>
</g>

<path fill="#333333" d="   M 823.66 133.74   A 0.23 0.23 0.0 0 1 823.28 133.98   C 815.64 124.86 806.52 115.72 794.36 115.56   Q 792.11 115.53 790.74 115.89   A 0.67 0.67 0.0 0 0 790.27 116.73   Q 798.22 142.88 786.79 169.07   C 779.48 185.80 765.85 197.45 749.40 204.66   Q 732.91 211.89 714.14 216.01   A 0.51 0.51 0.0 0 0 713.82 216.79   Q 744.23 263.67 748.75 319.80   A 1.17 1.17 0.0 0 0 749.27 320.67   Q 787.26 345.03 798.80 389.46   C 808.49 426.75 801.00 466.10 782.61 499.32   A 0.45 0.45 0.0 0 0 782.92 499.98   Q 793.81 502.18 795.88 512.95   C 796.67 517.10 793.44 519.34 790.11 516.89   Q 789.23 516.24 788.50 514.13   Q 786.58 508.60 781.20 506.12   A 0.30 0.29 88.1 0 0 780.82 506.53   Q 785.73 515.45 782.69 524.28   C 782.20 525.70 780.32 528.11 778.47 527.24   C 774.21 525.21 774.85 516.46 774.62 512.45   A 0.30 0.30 0.0 0 0 774.10 512.26   Q 770.72 515.72 767.67 518.60   C 766.47 519.73 764.15 524.59 762.09 523.65   C 756.47 521.09 764.30 508.55 766.57 505.38   A 0.36 0.35 17.2 0 0 766.27 504.82   Q 759.75 504.94 757.38 506.17   C 754.86 507.47 745.77 513.69 745.92 506.74   Q 745.97 504.29 747.80 501.55   C 753.22 493.41 763.74 489.46 773.18 492.23   A 0.51 0.49 -77.4 0 0 773.81 491.82   C 780.04 449.39 776.74 407.19 745.52 375.38   A 0.31 0.30 28.5 0 0 745.00 375.53   Q 730.14 449.94 673.20 499.70   Q 653.95 516.52 631.45 528.11   A 2.49 2.48 80.1 0 0 630.11 530.03   Q 627.79 549.92 620.40 568.38   Q 619.89 569.65 619.10 573.56   Q 617.61 580.90 622.35 586.14   C 629.58 594.13 636.46 594.47 647.75 595.36   Q 655.84 596.00 664.56 598.46   C 678.22 602.33 684.41 610.77 691.08 622.51   A 0.37 0.37 0.0 0 1 690.76 623.06   Q 611.14 623.12 603.25 623.07   C 595.09 623.02 587.73 616.39 584.93 609.09   Q 583.58 605.59 583.42 593.92   Q 583.12 573.03 579.84 548.34   A 0.59 0.59 0.0 0 0 579.14 547.84   C 548.36 553.76 515.55 554.60 484.76 547.87   A 0.51 0.50 -80.1 0 0 484.15 548.30   Q 480.70 572.82 480.53 596.72   Q 480.47 605.22 479.03 609.03   Q 475.70 617.83 466.59 621.66   C 462.76 623.26 458.05 623.07 453.51 623.08   Q 438.19 623.10 373.26 623.06   A 0.44 0.44 0.0 0 1 372.87 622.42   C 376.76 614.75 382.86 605.77 390.81 601.93   C 402.03 596.51 412.17 595.57 425.23 594.52   C 437.23 593.56 448.53 584.06 444.38 571.08   Q 441.33 561.54 440.48 558.83   Q 435.64 543.45 433.65 529.28   A 1.20 1.19 9.3 0 0 433.01 528.39   Q 404.65 514.07 382.07 492.16   Q 332.17 443.75 319.09 375.59   A 0.34 0.33 62.5 0 0 318.53 375.41   C 286.09 406.75 282.70 449.98 290.22 492.06   A 0.27 0.27 0.0 0 0 290.62 492.25   Q 292.83 491.03 295.25 491.01   Q 309.56 490.95 316.76 502.63   C 317.77 504.28 318.71 507.01 317.66 508.71   C 315.66 511.95 309.67 507.95 306.27 506.18   Q 304.18 505.09 297.75 504.76   A 0.40 0.40 0.0 0 0 297.41 505.39   C 299.83 508.74 306.97 520.79 302.36 523.98   A 1.86 1.53 49.9 0 1 300.18 523.58   Q 298.67 522.00 297.38 520.09   A 1.65 1.13 16.0 0 0 297.19 519.86   L 289.69 512.45   A 0.28 0.28 0.0 0 0 289.21 512.66   C 289.29 517.42 289.22 525.96 285.40 527.37   Q 283.99 527.88 282.71 526.05   C 278.81 520.46 280.11 511.53 283.04 505.80   A 0.29 0.29 0.0 0 0 282.70 505.39   Q 278.89 506.54 276.77 510.28   Q 275.99 511.66 274.71 514.78   A 2.30 2.22 80.2 0 1 274.20 515.53   Q 271.51 518.07 268.71 515.94   A 1.52 1.50 14.3 0 1 268.15 515.01   C 266.87 507.37 274.51 500.81 281.05 499.04   A 0.54 0.54 0.0 0 0 281.38 498.25   Q 261.95 463.63 260.88 424.23   C 259.72 381.90 279.48 341.44 315.52 318.83   A 1.31 1.28 -14.3 0 0 316.12 317.84   Q 319.79 269.06 344.21 226.42   Q 347.03 221.51 350.92 214.79   A 0.44 0.44 0.0 0 0 350.64 214.14   C 320.22 207.29 289.30 195.69 276.66 165.38   Q 266.27 140.45 274.76 114.60   A 0.47 0.47 0.0 0 0 274.33 113.98   C 259.43 113.55 250.12 123.35 240.65 133.83   A 0.23 0.23 0.0 0 1 240.27 133.59   C 255.64 98.67 293.40 80.16 330.53 88.11   Q 354.75 93.30 372.49 112.07   C 385.39 125.71 392.85 142.53 401.63 160.15   A 0.55 0.54 -31.7 0 0 402.45 160.34   Q 429.93 139.51 462.53 128.58   A 0.58 0.58 0.0 0 0 462.82 127.69   Q 459.60 123.18 456.72 118.28   C 449.23 105.49 442.72 92.95 435.43 80.66   C 426.74 65.99 416.73 50.02 416.82 32.51   C 416.89 19.79 425.14 11.96 437.58 11.88   Q 445.43 11.83 451.13 13.67   C 473.62 20.96 489.84 41.10 494.22 64.10   C 495.60 71.29 494.94 79.02 493.78 85.76   Q 491.80 97.26 490.01 108.75   Q 489.00 115.20 489.22 121.23   A 0.43 0.43 0.0 0 0 489.73 121.63   Q 532.94 112.85 575.28 121.63   A 0.56 0.56 0.0 0 0 575.95 121.02   Q 574.62 108.66 571.67 93.54   C 570.21 86.03 568.99 76.31 569.90 68.46   Q 573.51 37.40 599.52 20.16   Q 611.17 12.44 624.38 11.90   Q 632.60 11.57 637.62 14.54   C 655.16 24.91 644.60 52.35 637.14 65.65   C 620.64 95.04 613.06 109.24 601.22 127.74   A 0.52 0.52 0.0 0 0 601.48 128.51   Q 634.01 140.44 661.48 160.49   A 0.54 0.54 0.0 0 0 662.28 160.29   C 672.98 138.33 682.59 117.27 701.76 102.65   Q 717.51 90.65 737.45 87.35   C 758.42 83.88 781.37 89.07 798.47 102.00   Q 815.30 114.72 823.66 133.74   Z   M 469.6534 194.3403   A 50.59 48.66 -90.2 0 0 421.1703 245.0999   A 50.59 48.66 -90.2 0 0 470.0066 295.5197   A 50.59 48.66 -90.2 0 0 518.4897 244.7601   A 50.59 48.66 -90.2 0 0 469.6534 194.3403   Z   M 593.4222 194.3838   A 50.57 48.66 -90.7 0 0 545.3836 245.5445   A 50.57 48.66 -90.7 0 0 594.6578 295.5162   A 50.57 48.66 -90.7 0 0 642.6964 244.3555   A 50.57 48.66 -90.7 0 0 593.4222 194.3838   Z   M 645.50 324.31   C 622.27 349.69 586.54 361.92 553.22 365.71   Q 510.89 370.53 470.90 359.31   C 447.54 352.75 426.21 341.28 409.59 324.14   A 0.17 0.17 0.0 0 0 409.32 324.34   C 417.99 340.78 433.21 353.39 449.31 362.17   A 0.49 0.48 31.7 0 1 449.48 362.88   Q 445.19 368.96 441.98 375.47   C 440.09 379.31 438.11 383.68 439.77 387.47   C 443.93 396.99 452.58 401.12 462.82 402.91   Q 468.37 403.88 475.07 401.38   C 481.92 398.83 484.74 382.78 485.99 376.23   A 0.55 0.54 -77.8 0 1 486.65 375.80   Q 505.57 380.37 524.90 380.48   A 0.41 0.41 0.0 0 1 525.29 380.97   C 524.16 386.89 522.96 392.94 523.49 398.20   Q 523.85 401.76 527.14 404.32   Q 533.81 409.50 542.01 411.45   C 552.90 414.03 566.60 413.62 576.12 407.36   C 579.15 405.37 584.36 400.87 584.35 397.03   C 584.33 390.45 578.15 380.83 574.29 375.37   A 0.32 0.32 0.0 0 1 574.45 374.88   L 590.78 369.38   A 0.52 0.52 0.0 0 1 591.41 369.66   Q 595.28 378.56 600.16 386.08   Q 602.84 390.23 607.01 392.68   A 4.06 3.86 65.8 0 0 608.11 393.13   Q 614.42 394.62 621.77 391.79   Q 634.34 386.93 639.78 375.25   Q 642.33 369.78 638.82 364.70   Q 633.09 356.38 624.42 350.44   A 0.72 0.72 0.0 0 1 624.39 349.28   Q 637.64 338.91 645.87 324.57   A 0.23 0.23 0.0 0 0 645.50 324.31   Z"/>


<path fill="#333333" d="   M 490.49 242.55   A 0.44 0.44 0.0 0 1 491.25 242.65   C 497.80 258.81 481.88 273.50 466.15 267.17   Q 459.80 264.61 455.91 257.40   C 452.64 251.36 453.19 244.50 457.18 238.83   Q 462.88 230.71 473.32 230.68   C 475.71 230.67 478.43 231.76 480.51 232.07   A 0.44 0.44 0.0 0 1 480.74 232.83   Q 478.29 235.07 477.73 237.78   C 476.04 245.92 486.20 248.32 490.49 242.55   Z   M 471.2438 250.0000   A 4.82 4.61 -48.5 0 0 464.5973 250.5553   A 4.82 4.61 -48.5 0 0 464.8562 257.2200   A 4.82 4.61 -48.5 0 0 471.5027 256.6647   A 4.82 4.61 -48.5 0 0 471.2438 250.0000   Z"/>
<path fill="#333333" d="   M 597.18 232.80   C 594.90 235.55 593.32 238.17 594.60 241.67   C 596.19 246.01 601.51 246.91 605.08 244.48   Q 607.00 243.16 607.38 242.60   A 0.31 0.31 0.0 0 1 607.93 242.67   C 610.53 250.02 609.46 256.94 604.27 262.58   C 595.42 272.19 579.44 270.32 572.66 258.56   C 567.94 250.37 570.42 240.32 577.76 234.64   Q 585.88 228.34 596.99 232.13   A 0.42 0.42 0.0 0 1 597.18 232.80   Z   M 590.25 253.50   A 4.80 4.80 0.0 0 0 585.45 248.70   A 4.80 4.80 0.0 0 0 580.65 253.50   A 4.80 4.80 0.0 0 0 585.45 258.30   A 4.80 4.80 0.0 0 0 590.25 253.50   Z"/>



<path fill="#333333" d="   M 112.61 762.72   Q 112.76 762.72 112.86 762.55   Q 138.26 718.34 177.34 650.61   Q 180.20 645.65 187.28 644.77   C 195.72 643.74 203.07 650.35 203.08 658.82   Q 203.21 780.51 203.09 801.88   A 0.37 0.37 0.0 0 1 202.72 802.25   L 175.37 802.25   A 0.58 0.58 0.0 0 1 174.79 801.67   L 174.79 710.49   A 0.22 0.21 60.2 0 0 174.39 710.38   Q 129.84 788.58 124.59 797.60   C 122.12 801.85 117.65 804.42 112.62 804.42   C 107.59 804.42 103.11 801.85 100.64 797.61   Q 95.39 788.59 50.80 710.41   A 0.22 0.21 -60.2 0 0 50.40 710.52   L 50.45 801.70   A 0.58 0.58 0.0 0 1 49.87 802.28   L 22.52 802.30   A 0.37 0.37 0.0 0 1 22.15 801.93   Q 22.02 780.56 22.08 658.87   C 22.09 650.40 29.44 643.78 37.88 644.81   Q 44.96 645.69 47.82 650.64   Q 86.93 718.35 112.36 762.55   Q 112.46 762.72 112.61 762.72   Z"/>
<path fill="#333333" d="   M 698.24 801.84   L 698.24 713.69   A 0.43 0.43 0.0 0 0 697.81 713.26   L 661.97 713.26   A 0.43 0.43 0.0 0 1 661.54 712.83   L 661.54 685.43   A 0.43 0.43 0.0 0 1 661.97 685.00   L 697.80 685.00   A 0.43 0.43 0.0 0 0 698.23 684.57   L 698.23 647.18   A 0.43 0.43 0.0 0 1 698.66 646.75   L 726.34 646.75   A 0.43 0.43 0.0 0 1 726.77 647.18   L 726.77 684.57   A 0.43 0.43 0.0 0 0 727.20 685.00   L 775.59 685.00   A 0.43 0.43 0.0 0 1 776.02 685.43   L 776.02 712.83   A 0.43 0.43 0.0 0 1 775.59 713.26   L 727.20 713.26   A 0.43 0.43 0.0 0 0 726.77 713.69   L 726.77 801.84   A 0.43 0.43 0.0 0 1 726.34 802.27   L 698.67 802.27   A 0.43 0.43 0.0 0 1 698.24 801.84   Z"/>
<path fill="#333333" d="   M 359.5705 763.6933   A 38.30 38.30 0.0 0 1 321.4044 802.1267   L 268.1647 802.3126   A 38.30 38.30 0.0 0 1 229.7313 764.1465   L 229.5895 723.5467   A 38.30 38.30 0.0 0 1 267.7556 685.1133   L 320.9953 684.9274   A 38.30 38.30 0.0 0 1 359.4287 723.0935   L 359.5705 763.6933   Z   M 331.39 723.38   A 10.11 10.11 0.0 0 0 321.28 713.27   L 267.96 713.27   A 10.11 10.11 0.0 0 0 257.85 723.38   L 257.85 763.86   A 10.11 10.11 0.0 0 0 267.96 773.97   L 321.28 773.97   A 10.11 10.11 0.0 0 0 331.39 763.86   L 331.39 723.38   Z"/>
<path fill="#333333" d="   M 485.27 801.55   Q 485.30 789.91 485.30 743.29   Q 485.30 736.53 485.07 734.51   Q 483.42 720.02 470.28 714.72   C 467.35 713.53 461.63 713.24 457.86 713.24   Q 435.04 713.25 412.16 713.27   A 0.37 0.37 0.0 0 0 411.79 713.64   L 411.79 801.91   A 0.35 0.35 0.0 0 1 411.44 802.26   L 383.94 802.26   A 0.39 0.39 0.0 0 1 383.55 801.87   Q 383.61 724.06 383.50 706.22   Q 383.43 695.18 384.97 692.55   C 389.18 685.34 394.32 684.99 403.24 684.99   Q 457.85 685.00 460.75 685.02   Q 476.58 685.16 489.46 692.82   C 506.51 702.96 513.41 718.96 513.47 738.50   Q 513.54 761.29 513.47 801.75   A 0.50 0.50 0.0 0 1 512.97 802.25   L 485.97 802.25   A 0.70 0.70 0.0 0 1 485.27 801.55   Z"/>
<path fill="#333333" d="   M 637.61 685.65   L 637.61 712.87   A 0.39 0.39 0.0 0 1 637.22 713.26   L 566.83 713.26   A 4.38 4.38 0.0 0 0 562.45 717.64   L 562.45 718.54   A 4.69 4.68 -89.9 0 0 567.12 723.23   Q 569.82 723.23 611.75 723.23   C 623.54 723.23 634.92 727.11 642.32 736.66   C 657.27 755.92 654.29 785.90 631.13 797.64   C 623.39 801.56 615.87 802.31 606.38 802.29   Q 588.84 802.26 536.14 802.26   A 0.55 0.54 -0.0 0 1 535.59 801.72   L 535.59 774.43   A 0.42 0.41 -0.0 0 1 536.01 774.02   Q 583.18 773.95 606.17 774.05   Q 615.69 774.09 618.56 772.47   Q 623.85 769.47 623.26 761.50   Q 622.53 751.67 612.51 751.33   Q 610.92 751.27 566.78 751.21   C 553.73 751.19 541.23 743.25 536.59 730.83   C 530.46 714.44 536.18 697.08 552.14 688.82   C 558.18 685.69 565.03 684.99 572.84 684.99   Q 612.55 685.01 636.95 684.99   A 0.66 0.66 0.0 0 1 637.61 685.65   Z"/>
<path fill="#333333" d="   M 881.40 775.93   L 881.40 801.66   A 0.54 0.53 90.0 0 1 880.87 802.20   Q 872.91 802.19 834.75 802.31   C 824.13 802.34 814.45 800.55 806.03 793.94   Q 796.68 786.60 793.18 775.42   Q 791.61 770.42 791.65 754.98   Q 791.71 728.87 791.71 724.77   C 791.71 718.83 793.06 711.93 795.83 706.41   Q 806.56 685.01 831.25 684.98   Q 849.40 684.96 882.24 685.06   Q 887.55 685.08 893.55 686.97   Q 912.39 692.92 918.47 711.23   Q 921.17 719.36 919.69 729.28   Q 916.48 750.90 896.83 759.89   C 890.23 762.91 883.33 762.76 874.23 762.76   Q 857.30 762.76 830.92 762.75   A 0.40 0.40 0.0 0 1 830.52 762.35   L 830.52 736.39   A 0.43 0.42 90.0 0 1 830.94 735.96   Q 872.71 736.10 881.46 735.87   C 897.03 735.44 897.74 712.51 881.98 711.85   Q 879.23 711.74 836.09 711.72   Q 827.14 711.72 824.12 713.37   Q 818.56 716.43 818.54 724.51   Q 818.50 757.60 818.49 757.79   Q 818.22 766.76 820.10 769.95   Q 823.27 775.32 831.00 775.29   Q 851.61 775.20 880.72 775.25   A 0.68 0.68 0.0 0 1 881.40 775.93   Z"/>
<path fill="#333333" d="   M 966.02 802.26   L 939.12 802.26   A 0.52 0.52 0.0 0 1 938.60 801.74   Q 938.59 742.92 938.59 725.01   C 938.59 700.34 955.93 685.12 979.76 685.05   Q 1023.41 684.93 1041.38 685.03   A 0.49 0.49 0.0 0 1 1041.86 685.52   L 1041.86 712.92   A 0.35 0.35 0.0 0 1 1041.51 713.27   Q 998.66 713.19 978.01 713.33   Q 970.09 713.38 967.53 719.35   Q 966.68 721.33 966.71 732.24   Q 966.87 781.01 966.73 801.56   A 0.71 0.70 0.0 0 1 966.02 802.26   Z"/>

<path fill="#333333" d="   M 464.48 846.80   C 480.77 846.77 488.23 860.98 488.25 875.50   C 488.28 890.01 480.88 904.25 464.60 904.28   C 448.31 904.31 440.86 890.11 440.83 875.59   C 440.80 861.07 448.20 846.83 464.48 846.80   Z   M 448.16 875.53   C 448.15 885.66 452.35 898.10 464.51 898.12   C 476.66 898.13 480.89 885.70 480.90 875.57   C 480.91 865.44 476.71 852.99 464.55 852.98   C 452.40 852.97 448.17 865.40 448.16 875.53   Z"/>
<path fill="#333333" d="   M 563.29 873.50   Q 560.33 884.08 553.96 892.90   A 0.45 0.45 0.0 0 0 554.07 893.54   Q 558.87 896.80 563.47 898.36   A 0.71 0.71 0.0 0 1 563.93 899.26   L 562.52 903.72   A 0.71 0.70 17.5 0 1 561.64 904.17   Q 555.44 902.14 549.86 898.24   A 0.74 0.73 41.1 0 0 548.95 898.30   Q 543.42 903.36 536.01 904.16   C 527.17 905.11 518.38 901.10 516.84 891.71   C 515.46 883.31 520.32 878.00 526.93 873.32   A 0.72 0.71 -27.1 0 0 527.20 872.51   C 525.81 868.42 523.69 864.52 523.88 859.90   Q 524.32 849.61 533.62 847.17   C 538.84 845.80 544.86 847.87 546.80 853.20   C 550.26 862.65 542.34 869.08 535.60 873.78   A 0.66 0.66 0.0 0 0 535.43 874.69   Q 541.03 883.13 548.78 889.42   A 0.54 0.54 0.0 0 0 549.56 889.31   Q 554.66 881.90 556.86 873.55   A 0.40 0.39 -82.3 0 1 557.24 873.25   L 563.10 873.25   A 0.20 0.19 8.6 0 1 563.29 873.50   Z   M 532.35 869.36   Q 532.43 869.39 532.47 869.37   C 537.01 866.83 542.50 862.59 541.81 856.87   Q 541.36 853.11 538.14 852.03   Q 534.91 850.95 532.29 853.69   C 528.31 857.85 530.15 864.54 532.25 869.29   Q 532.27 869.34 532.35 869.36   Z   M 544.24 893.94   C 541.76 891.11 537.34 887.44 534.79 883.89   Q 534.73 883.81 530.60 878.39   A 0.56 0.56 0.0 0 0 529.81 878.29   Q 526.30 881.05 524.82 883.68   C 520.69 891.06 525.93 898.54 534.01 898.73   Q 538.80 898.85 544.14 894.90   A 0.66 0.65 51.3 0 0 544.24 893.94   Z"/>
<path fill="#333333" d="   M 838.34 875.57   C 838.33 861.04 845.74 846.81 862.03 846.79   C 878.31 846.76 885.76 860.98 885.78 875.50   C 885.80 890.02 878.39 904.26 862.10 904.28   C 845.81 904.30 838.36 890.09 838.34 875.57   Z   M 845.67 875.54   C 845.66 885.67 849.88 898.12 862.04 898.12   C 874.19 898.12 878.41 885.68 878.42 875.55   C 878.42 865.41 874.20 852.97 862.05 852.97   C 849.89 852.97 845.67 865.41 845.67 875.54   Z"/>
<path fill="#333333" d="   M 200.95 847.72   Q 202.66 847.73 204.35 847.85   A 0.93 0.92 82.4 0 1 205.16 848.47   L 223.53 903.09   A 0.16 0.16 0.0 0 1 223.38 903.29   L 216.50 903.29   A 0.40 0.39 -7.7 0 1 216.12 903.01   L 211.27 887.18   A 0.95 0.94 83.7 0 0 210.46 886.52   Q 210.20 886.50 200.89 886.49   Q 191.58 886.47 191.33 886.50   A 0.95 0.94 -83.5 0 0 190.51 887.15   L 185.62 902.96   A 0.40 0.39 7.9 0 1 185.24 903.24   L 178.36 903.22   A 0.16 0.16 0.0 0 1 178.21 903.02   L 196.74 848.46   A 0.93 0.92 -82.3 0 1 197.55 847.84   Q 199.24 847.72 200.95 847.72   Z   M 200.80 880.75   Q 208.04 880.75 208.73 880.71   A 0.34 0.34 0.0 0 0 209.04 880.27   L 201.11 854.06   A 0.37 0.27 8.8 0 0 200.91 853.86   Q 200.85 853.83 200.78 853.83   Q 200.71 853.83 200.65 853.86   A 0.37 0.27 -8.9 0 0 200.46 854.06   L 192.57 880.28   A 0.34 0.34 0.0 0 0 192.87 880.72   Q 193.57 880.76 200.80 880.75   Z"/>
<path fill="#333333" d="   M 271.27 898.18   C 281.23 898.15 284.16 889.88 284.18 881.49   Q 284.22 870.53 284.11 848.14   A 0.44 0.44 0.0 0 1 284.55 847.70   L 290.60 847.70   A 0.41 0.41 0.0 0 1 291.01 848.11   Q 291.10 867.17 291.05 882.24   C 291.00 894.98 284.81 904.25 271.28 904.28   C 257.76 904.31 251.52 895.08 251.41 882.34   Q 251.28 867.27 251.27 848.21   A 0.41 0.41 0.0 0 1 251.68 847.80   L 257.73 847.77   A 0.44 0.44 0.0 0 1 258.17 848.20   Q 258.17 870.60 258.27 881.56   C 258.34 889.94 261.30 898.20 271.27 898.18   Z"/>
<path fill="#333333" d="   M 327.29 848.23   A 0.57 0.57 0.0 0 1 327.86 847.67   L 343.03 847.69   A 24.73 24.42 -89.9 0 1 367.41 872.47   L 367.39 878.65   A 24.73 24.42 -89.9 0 1 342.93 903.33   L 327.76 903.31   A 0.57 0.57 0.0 0 1 327.19 902.73   L 327.29 848.23   Z   M 334.27 854.02   L 334.27 897.00   A 0.54 0.54 0.0 0 0 334.81 897.54   L 341.80 897.54   A 18.67 18.17 90.0 0 0 359.97 878.87   L 359.97 872.15   A 18.67 18.17 -90.0 0 0 341.80 853.48   L 334.81 853.48   A 0.54 0.54 0.0 0 0 334.27 854.02   Z"/>
<rect fill="#333333" x="400.50" y="847.69" width="1136.56" height="1136.56" rx="0.57"/>
<path fill="#333333" d="   M 608.53 895.78   Q 608.86 895.78 609.11 894.90   Q 615.90 871.32 622.88 847.97   A 0.33 0.33 0.0 0 1 623.20 847.73   L 630.07 847.73   A 0.18 0.18 0.0 0 1 630.24 847.97   L 612.86 902.63   A 0.88 0.88 0.0 0 1 612.20 903.22   Q 612.03 903.26 608.53 903.26   Q 605.04 903.26 604.87 903.23   A 0.88 0.88 0.0 0 1 604.20 902.64   L 586.72 848.01   A 0.18 0.18 0.0 0 1 586.89 847.77   L 593.76 847.76   A 0.33 0.33 0.0 0 1 594.08 848.00   Q 601.10 871.33 607.94 894.90   Q 608.19 895.78 608.53 895.78   Z"/>
<rect fill="#333333" x="659.00" y="847.73" width="1136.56" height="1136.56" rx="0.33"/>
<path fill="#333333" d="   M 702.50 848.17   A 0.43 0.43 0.0 0 1 702.93 847.74   L 718.12 847.74   A 24.38 24.34 -90.0 0 1 742.46 872.12   L 742.46 878.92   A 24.38 24.34 90.0 0 1 718.12 903.30   L 702.93 903.30   A 0.43 0.43 0.0 0 1 702.50 902.87   L 702.50 848.17   Z   M 709.55 854.02   L 709.47 897.00   A 0.56 0.56 0.0 0 0 710.03 897.56   L 717.05 897.57   A 18.81 18.08 -89.9 0 0 735.16 878.79   L 735.18 872.31   A 18.81 18.08 -89.9 0 0 717.13 853.47   L 710.11 853.46   A 0.56 0.56 0.0 0 0 709.55 854.02   Z"/>
<path fill="#333333" d="   M 783.20 871.24   L 803.30 871.24   A 0.44 0.44 0.0 0 1 803.74 871.68   L 803.74 876.82   A 0.44 0.44 0.0 0 1 803.30 877.26   L 783.20 877.26   A 0.44 0.44 0.0 0 0 782.76 877.70   L 782.76 896.80   A 0.44 0.44 0.0 0 0 783.20 897.24   L 808.08 897.24   A 0.44 0.44 0.0 0 1 808.52 897.68   L 808.52 902.83   A 0.44 0.44 0.0 0 1 808.08 903.27   L 776.19 903.27   A 0.44 0.44 0.0 0 1 775.75 902.83   L 775.75 848.19   A 0.44 0.44 0.0 0 1 776.19 847.75   L 807.35 847.75   A 0.44 0.44 0.0 0 1 807.79 848.19   L 807.79 853.31   A 0.44 0.44 0.0 0 1 807.35 853.75   L 783.20 853.75   A 0.44 0.44 0.0 0 0 782.76 854.19   L 782.76 870.80   A 0.44 0.44 0.0 0 0 783.20 871.24   Z"/>








                        </g>
                    </svg>