<svg xmlns="http://www.w3.org/2000/svg" 
                      viewBox="0 0 1119.6599999999999 1119.6599999999999" 
                      width="1119.6599999999999" 
                      height="1119.6599999999999"
                      preserveAspectRatio="none"
                      data-content-extracted="true"
                      data-overflow="horizontal:4,vertical:4"
                      data-original-bounds="-90.8,-90.8,1024.86,1024.86">
                        <g transform="translate(92.8, 92.8)">
                          
<g stroke-width="2.00" fill="none" stroke-linecap="butt">
<path vector-effect="non-scaling-stroke" d="   M 806.65 127.70   C 791.25 92.57 752.76 73.61 715.19 82.39   Q 687.47 88.87 669.27 112.05   C 659.11 124.99 652.33 139.88 645.28 154.22   A 0.59 0.58 -58.9 0 1 644.41 154.44   Q 616.80 134.33 584.44 122.49   A 0.53 0.52 26.7 0 1 584.18 121.71   C 588.37 115.43 592.84 108.27 596.50 101.73   Q 611.67 74.64 619.36 61.12   C 626.88 47.91 638.62 19.58 620.93 8.74   Q 615.58 5.46 606.60 5.92   Q 595.84 6.47 585.86 12.17   Q 562.51 25.52 555.11 51.11   C 551.78 62.65 552.16 74.76 554.30 85.47   Q 556.91 98.54 558.97 114.67   A 0.82 0.82 0.0 0 1 557.99 115.58   Q 515.89 106.86 472.73 115.64   A 0.43 0.43 0.0 0 1 472.22 115.24   Q 472.01 109.15 473.04 102.50   C 474.91 90.45 477.76 78.22 478.03 66.00   Q 478.11 62.15 476.96 56.79   C 472.05 33.82 455.31 13.65 432.35 7.14   Q 428.20 5.96 421.47 5.91   Q 414.77 5.85 410.82 7.80   C 391.18 17.52 402.12 45.95 409.82 59.71   C 417.42 73.29 422.10 80.78 430.30 95.79   Q 438.22 110.28 445.77 121.82   A 0.50 0.50 0.0 0 1 445.51 122.57   Q 412.63 133.69 385.58 154.26   A 0.69 0.69 0.0 0 1 384.55 154.02   C 374.10 133.04 365.70 113.84 348.39 99.33   Q 328.33 82.51 303.00 80.59   Q 285.16 79.24 269.52 84.83   C 248.84 92.22 231.87 107.46 223.25 127.56   A 0.25 0.25 0.0 0 0 223.66 127.82   C 232.38 117.93 242.88 107.09 257.47 108.07   A 0.36 0.35 -78.7 0 1 257.78 108.54   Q 249.27 134.32 259.59 159.20   C 266.52 175.92 279.23 187.74 295.56 195.50   Q 313.05 203.81 333.77 208.07   A 0.51 0.51 0.0 0 1 334.09 208.85   Q 303.58 256.01 299.11 311.90   A 1.20 1.20 0.0 0 1 298.55 312.82   Q 271.70 329.59 257.25 358.19   C 237.43 397.44 240.76 443.01 259.32 482.46   Q 261.29 486.64 264.26 492.42   A 0.46 0.45 -21.3 0 1 263.97 493.07   Q 256.29 495.11 252.42 502.18   C 251.39 504.05 249.78 508.71 252.18 510.25   C 255.20 512.19 257.48 509.75 258.59 506.85   C 259.97 503.24 261.95 500.73 265.61 499.31   A 0.36 0.36 0.0 0 1 266.06 499.82   Q 261.54 508.47 264.42 517.54   Q 265.14 519.82 266.57 520.99   A 2.17 2.17 0.0 0 0 269.72 520.58   C 272.29 516.96 272.38 510.56 272.20 506.57   A 0.37 0.37 0.0 0 1 272.85 506.31   C 276.06 510.16 279.34 512.59 282.77 517.22   Q 283.41 518.08 284.10 518.17   A 2.33 2.26 -82.5 0 0 286.62 516.17   C 287.42 510.49 283.70 503.95 280.39 499.36   A 0.37 0.37 0.0 0 1 280.71 498.77   Q 287.15 499.11 289.24 500.18   Q 294.50 502.87 296.48 503.73   C 300.52 505.49 302.14 501.06 300.60 498.18   Q 293.52 484.90 278.25 485.03   Q 275.90 485.05 273.77 486.15   A 0.39 0.39 0.0 0 1 273.20 485.88   C 265.64 443.94 269.20 400.51 301.61 369.35   A 0.28 0.28 0.0 0 1 302.08 369.50   Q 307.78 401.32 323.26 430.49   Q 355.46 491.16 416.13 522.53   A 1.03 1.02 9.6 0 1 416.66 523.27   Q 419.72 543.52 426.86 563.13   Q 428.31 567.09 428.21 571.56   C 428.08 578.13 422.43 583.79 416.78 586.37   C 411.45 588.80 403.80 589.04 398.44 589.43   Q 385.75 590.35 374.70 595.50   C 366.01 599.55 360.22 608.16 355.85 616.39   A 0.51 0.51 0.0 0 0 356.30 617.14   Q 394.76 616.98 438.52 617.12   Q 445.27 617.14 448.03 616.21   Q 458.44 612.68 462.07 602.99   Q 463.41 599.42 463.48 591.36   Q 463.69 567.71 467.14 542.29   A 0.52 0.51 -80.3 0 1 467.76 541.85   Q 478.24 544.30 488.00 545.26   Q 525.54 548.95 562.05 541.84   A 0.69 0.68 80.5 0 1 562.86 542.42   Q 566.29 568.43 566.56 592.78   Q 566.63 599.24 567.80 602.60   C 570.17 609.39 575.10 614.10 581.86 616.32   Q 584.69 617.25 592.22 617.10   Q 592.85 617.09 673.74 617.08   A 0.37 0.37 0.0 0 0 674.06 616.53   C 669.40 607.95 663.94 599.74 654.93 595.34   C 646.21 591.09 635.50 589.56 624.91 588.84   C 615.62 588.20 608.39 585.27 603.40 577.36   C 600.53 572.84 601.89 566.25 603.77 561.47   Q 610.85 543.39 613.17 523.74   A 1.87 1.85 -10.7 0 1 614.16 522.30   Q 669.36 493.26 701.40 439.66   Q 721.16 406.59 727.88 369.60   A 0.39 0.39 0.0 0 1 728.54 369.39   Q 749.59 390.84 756.13 420.59   C 760.81 441.87 760.24 464.35 756.69 486.20   A 0.22 0.22 0.0 0 1 756.39 486.37   Q 753.10 485.10 749.54 485.32   Q 737.10 486.09 730.61 495.83   Q 728.91 498.38 728.87 501.08   A 2.97 2.74 -82.6 0 0 730.89 503.94   C 733.26 504.59 738.61 501.03 740.90 499.98   Q 743.44 498.80 749.32 498.88   A 0.33 0.33 0.0 0 1 749.58 499.41   C 747.01 502.90 740.60 513.06 744.31 517.14   A 1.93 1.93 0.0 0 0 747.28 517.01   L 750.06 513.34   A 2.66 2.51 88.3 0 1 750.37 512.99   L 757.31 506.05   A 0.24 0.24 0.0 0 1 757.72 506.22   C 757.63 509.95 757.56 517.93 760.24 520.46   C 762.95 523.03 765.16 519.96 765.96 517.44   Q 768.50 509.39 763.93 500.71   A 0.36 0.36 0.0 0 1 764.40 500.22   C 768.79 502.16 770.43 505.46 772.28 509.91   A 1.98 1.98 0.0 0 0 772.89 510.71   C 777.60 514.34 779.96 509.44 778.65 505.36   Q 775.58 495.77 765.68 493.91   A 0.24 0.24 0.0 0 1 765.52 493.56   Q 775.82 474.48 781.26 454.02   Q 791.69 414.81 779.96 376.90   Q 768.00 338.27 732.32 314.57   A 0.84 0.83 13.3 0 1 731.96 313.99   Q 731.22 308.41 730.33 301.53   Q 723.89 252.18 696.85 210.84   A 0.55 0.55 0.0 0 1 697.20 210.00   Q 716.88 205.63 733.24 198.27   C 748.61 191.37 761.50 180.46 768.76 165.31   C 777.01 148.09 778.93 128.90 773.22 110.71   A 0.64 0.64 0.0 0 1 773.63 109.91   Q 774.88 109.48 776.83 109.52   Q 786.53 109.67 794.27 116.00   Q 800.52 121.12 806.29 127.93   A 0.22 0.21 -77.3 0 0 806.65 127.70"/>
<path vector-effect="non-scaling-stroke" d="   M 95.61 798.42   C 100.69 798.42 105.18 795.77 107.68 791.46   Q 112.89 782.47 157.41 704.36   A 0.20 0.20 0.0 0 1 157.79 704.46   L 157.79 795.88   A 0.38 0.38 0.0 0 0 158.17 796.26   L 185.49 796.26   A 0.66 0.66 0.0 0 0 186.15 795.60   Q 186.09 663.52 186.14 658.36   Q 186.23 650.33 185.01 647.35   C 180.55 636.49 165.56 635.49 159.61 645.83   C 129.68 697.79 95.91 756.67 95.60 756.67   C 95.29 756.67 61.51 697.80 31.56 645.85   C 25.61 635.51 10.62 636.52 6.16 647.38   Q 4.94 650.36 5.03 658.39   Q 5.08 663.55 5.07 795.63   A 0.66 0.66 0.0 0 0 5.73 796.29   L 33.05 796.28   A 0.38 0.38 0.0 0 0 33.43 795.90   L 33.40 704.48   A 0.20 0.20 0.0 0 1 33.78 704.38   Q 78.32 782.48 83.53 791.46   C 86.03 795.78 90.52 798.43 95.61 798.42"/>
<path vector-effect="non-scaling-stroke" d="   M 681.24 795.86   A 0.42 0.42 0.0 0 0 681.66 796.28   L 709.34 796.28   A 0.42 0.42 0.0 0 0 709.76 795.86   L 709.76 707.67   A 0.42 0.42 0.0 0 1 710.18 707.25   L 758.59 707.25   A 0.42 0.42 0.0 0 0 759.01 706.83   L 759.01 679.42   A 0.42 0.42 0.0 0 0 758.59 679.00   L 710.18 679.00   A 0.42 0.42 0.0 0 1 709.76 678.58   L 709.76 641.17   A 0.42 0.42 0.0 0 0 709.34 640.75   L 681.65 640.75   A 0.42 0.42 0.0 0 0 681.23 641.17   L 681.23 678.58   A 0.42 0.42 0.0 0 1 680.81 679.00   L 644.95 679.00   A 0.42 0.42 0.0 0 0 644.53 679.42   L 644.53 706.83   A 0.42 0.42 0.0 0 0 644.95 707.25   L 680.82 707.25   A 0.42 0.42 0.0 0 1 681.24 707.67   L 681.24 795.86"/>
<path vector-effect="non-scaling-stroke" d="   M 342.5353 717.4433   A 38.31 38.31 0.0 0 0 304.2922 679.0665   L 251.0723 678.9736   A 38.31 38.31 0.0 0 0 212.6955 717.2167   L 212.6247 757.7967   A 38.31 38.31 0.0 0 0 250.8678 796.1735   L 304.0877 796.2664   A 38.31 38.31 0.0 0 0 342.4645 758.0233   L 342.5353 717.4433"/>
<path vector-effect="non-scaling-stroke" d="   M 395.10 707.26   Q 432.94 707.22 443.75 707.29   Q 459.32 707.39 465.80 720.10   C 467.77 723.97 468.25 728.61 468.26 733.00   Q 468.29 751.67 468.26 795.86   A 0.41 0.40 -0.0 0 0 468.67 796.26   L 496.05 796.26   A 0.42 0.42 0.0 0 0 496.47 795.84   Q 496.62 740.87 496.41 730.01   C 496.11 714.26 490.19 699.58 477.68 690.32   Q 462.33 678.95 443.00 678.98   Q 394.45 679.05 385.95 678.97   C 377.43 678.89 371.68 679.62 367.93 686.66   Q 366.53 689.27 366.54 698.64   Q 366.60 794.17 366.57 795.62   A 0.65 0.64 0.4 0 0 367.22 796.27   L 394.17 796.27   A 0.62 0.62 0.0 0 0 394.79 795.65   L 394.79 707.57   A 0.31 0.31 0.0 0 1 395.10 707.26"/>
<path vector-effect="non-scaling-stroke" d="   M 619.95 679.01   Q 615.45 679.01 556.28 678.98   C 547.53 678.98 539.95 679.78 533.16 683.89   Q 520.25 691.71 517.83 705.72   C 515.04 721.85 522.29 736.25 537.62 742.91   C 541.48 744.59 546.21 745.11 550.01 745.18   Q 558.15 745.34 593.87 745.21   Q 604.91 745.17 606.16 754.39   C 607.16 761.83 603.74 767.79 595.87 767.89   Q 581.02 768.08 519.07 767.97   A 0.48 0.47 -90.0 0 0 518.60 768.45   L 518.60 795.71   A 0.55 0.55 0.0 0 0 519.15 796.26   Q 583.10 796.31 593.99 796.23   C 615.22 796.07 631.95 783.45 634.26 761.51   Q 635.79 746.89 627.45 733.62   C 619.99 721.75 607.73 717.25 594.00 717.24   Q 575.52 717.23 553.00 717.23   Q 550.94 717.23 548.15 716.96   A 1.82 1.71 65.8 0 1 547.21 716.57   C 545.28 715.01 544.53 709.96 546.74 708.44   Q 548.40 707.30 551.28 707.30   Q 606.90 707.20 620.18 707.31   A 0.42 0.42 0.0 0 0 620.61 706.89   L 620.61 679.66   A 0.66 0.65 -0.0 0 0 619.95 679.01"/>
<path vector-effect="non-scaling-stroke" d="   M 813.52 730.51   L 813.52 756.25   A 0.49 0.48 90.0 0 0 814.00 756.74   Q 844.22 756.79 864.74 756.73   C 885.44 756.67 900.55 742.19 902.87 721.75   C 905.67 697.13 887.61 679.10 863.48 679.03   Q 843.82 678.98 813.74 679.00   Q 800.60 679.01 791.08 685.65   C 780.94 692.73 775.10 704.93 774.79 717.03   Q 774.59 724.77 774.72 758.01   C 774.78 773.64 782.92 786.33 796.99 792.73   Q 804.68 796.22 815.75 796.26   Q 839.68 796.33 863.84 796.21   A 0.58 0.57 -0.5 0 0 864.41 795.64   L 864.41 769.65   A 0.41 0.41 0.0 0 0 864.00 769.24   Q 816.85 769.23 814.47 769.26   Q 809.78 769.33 807.82 768.24   C 801.91 764.93 801.48 760.87 801.49 753.50   Q 801.54 729.10 801.51 727.77   C 801.24 715.81 800.69 705.78 814.98 705.76   Q 858.44 705.71 864.98 705.83   C 873.06 705.98 877.89 713.05 875.99 720.79   Q 873.78 729.78 864.00 729.88   Q 832.88 730.19 814.12 729.91   A 0.60 0.60 0.0 0 0 813.52 730.51"/>
<path vector-effect="non-scaling-stroke" d="   M 949.75 795.53   Q 949.81 742.37 949.72 719.24   C 949.68 708.11 956.34 707.18 966.06 707.21   Q 983.45 707.28 1024.42 707.24   A 0.44 0.44 0.0 0 0 1024.86 706.80   L 1024.86 679.65   A 0.66 0.65 -90.0 0 0 1024.21 678.99   Q 993.66 679.03 966.07 678.97   Q 958.66 678.95 953.99 679.80   C 939.12 682.51 927.29 691.82 923.22 706.21   Q 921.40 712.63 921.51 727.51   Q 921.67 750.00 921.56 795.75   A 0.52 0.52 0.0 0 0 922.08 796.27   L 949.01 796.27   A 0.75 0.74 -89.6 0 0 949.75 795.53"/>
<path vector-effect="non-scaling-stroke" d="   M 423.82 869.60   C 423.85 884.11 431.33 898.33 447.60 898.29   C 463.88 898.25 471.29 884.00 471.26 869.49   C 471.22 854.98 463.75 840.76 447.47 840.80   C 431.20 840.83 423.79 855.09 423.82 869.60"/>
<path vector-effect="non-scaling-stroke" d="   M 540.23 867.25   A 0.37 0.37 0.0 0 0 539.87 867.53   Q 537.62 876.04 532.49 883.41   A 0.43 0.43 0.0 0 1 531.86 883.49   Q 524.03 877.07 518.40 868.72   A 0.61 0.59 53.6 0 1 518.51 867.92   C 524.17 863.28 531.43 859.03 530.51 850.39   C 529.63 842.20 522.04 838.93 514.96 841.70   Q 506.26 845.09 506.97 855.95   Q 507.17 859.13 510.19 866.51   A 0.68 0.66 -28.8 0 1 509.95 867.31   C 504.31 871.26 499.34 876.13 499.60 883.44   C 499.92 892.65 507.00 898.08 515.79 898.30   Q 525.01 898.52 531.99 892.30   A 0.75 0.73 41.4 0 1 532.90 892.25   Q 538.24 896.03 544.56 898.15   A 0.77 0.77 0.0 0 0 545.54 897.65   L 546.79 893.72   A 0.65 0.65 0.0 0 0 546.49 892.96   L 537.22 887.60   A 0.56 0.56 0.0 0 1 537.04 886.78   Q 543.31 878.05 546.30 867.50   A 0.20 0.19 -81.9 0 0 546.12 867.25   L 540.23 867.25"/>
<path vector-effect="non-scaling-stroke" d="   M 821.34 869.56   C 821.36 884.08 828.82 898.31 845.10 898.29   C 861.38 898.27 868.81 884.02 868.79 869.50   C 868.77 854.99 861.31 840.76 845.03 840.78   C 828.75 840.80 821.32 855.05 821.34 869.56"/>
<path vector-effect="non-scaling-stroke" d="   M 183.89 880.49   Q 193.46 880.50 193.50 880.49   A 0.59 0.58 76.7 0 1 194.17 880.91   L 199.12 897.01   A 0.40 0.40 0.0 0 0 199.50 897.29   L 206.38 897.29   A 0.15 0.14 -9.7 0 0 206.52 897.10   L 188.13 842.41   A 0.85 0.85 0.0 0 0 187.38 841.83   Q 185.74 841.73 183.94 841.73   Q 182.15 841.73 180.50 841.82   A 0.85 0.85 0.0 0 0 179.76 842.40   L 161.21 897.04   A 0.15 0.14 9.9 0 0 161.35 897.23   L 168.23 897.25   A 0.40 0.40 0.0 0 0 168.61 896.97   L 173.61 880.88   A 0.59 0.58 -76.5 0 1 174.28 880.47   Q 174.32 880.47 183.89 880.49"/>
<path vector-effect="non-scaling-stroke" d="   M 254.28 898.29   C 267.89 898.26 273.96 888.93 274.05 876.23   Q 274.13 864.26 274.01 842.11   A 0.41 0.41 0.0 0 0 273.60 841.70   L 267.57 841.70   A 0.44 0.43 90.0 0 0 267.14 842.14   Q 267.25 872.73 267.25 872.75   C 267.41 881.60 265.71 892.15 254.26 892.18   C 242.82 892.21 241.07 881.67 241.19 872.81   Q 241.19 872.79 241.16 842.20   A 0.44 0.43 89.7 0 0 240.72 841.76   L 234.69 841.79   A 0.41 0.41 0.0 0 0 234.29 842.20   Q 234.27 864.35 234.41 876.33   C 234.56 889.02 240.67 898.32 254.28 898.29"/>
<path vector-effect="non-scaling-stroke" d="   M 310.28 842.14   L 310.18 896.82   A 0.46 0.46 0.0 0 0 310.64 897.29   L 325.89 897.31   A 24.56 24.47 -89.9 0 0 350.40 872.80   L 350.42 866.32   A 24.56 24.47 -89.9 0 0 325.99 841.71   L 310.74 841.69   A 0.46 0.46 0.0 0 0 310.28 842.14"/>
<path vector-effect="non-scaling-stroke" d="   M 390.51 842.13   A 0.40 0.40 0.0 0 0 390.11 841.73   L 383.89 841.73   A 0.40 0.40 0.0 0 0 383.49 842.13   L 383.49 896.85   A 0.40 0.40 0.0 0 0 383.89 897.25   L 390.11 897.25   A 0.40 0.40 0.0 0 0 390.51 896.85   L 390.51 842.13"/>
<path vector-effect="non-scaling-stroke" d="   M 591.54 897.27   Q 594.91 897.26 595.19 897.21   A 0.89 0.89 0.0 0 0 595.87 896.60   L 613.25 841.94   A 0.16 0.16 0.0 0 0 613.10 841.73   L 606.18 841.73   A 0.33 0.33 0.0 0 0 605.86 841.97   Q 598.82 865.73 591.92 889.52   Q 591.84 889.80 591.53 889.80   Q 591.21 889.80 591.14 889.53   Q 584.19 865.74 577.10 842.00   A 0.33 0.33 0.0 0 0 576.78 841.76   L 569.86 841.77   A 0.16 0.16 0.0 0 0 569.71 841.98   L 587.20 896.61   A 0.89 0.89 0.0 0 0 587.88 897.22   Q 588.16 897.27 591.54 897.27"/>
<path vector-effect="non-scaling-stroke" d="   M 648.99 842.06   A 0.33 0.33 0.0 0 0 648.66 841.73   L 642.34 841.73   A 0.33 0.33 0.0 0 0 642.01 842.06   L 642.01 896.92   A 0.33 0.33 0.0 0 0 642.34 897.25   L 648.66 897.25   A 0.33 0.33 0.0 0 0 648.99 896.92   L 648.99 842.06"/>
<path vector-effect="non-scaling-stroke" d="   M 685.50 842.17   L 685.50 896.85   A 0.44 0.44 0.0 0 0 685.94 897.29   L 701.11 897.29   A 24.37 24.35 -90.0 0 0 725.46 872.92   L 725.46 866.10   A 24.37 24.35 90.0 0 0 701.11 841.73   L 685.94 841.73   A 0.44 0.44 0.0 0 0 685.50 842.17"/>
<path vector-effect="non-scaling-stroke" d="   M 766.20 865.24   A 0.44 0.44 0.0 0 1 765.76 864.80   L 765.76 848.21   A 0.44 0.44 0.0 0 1 766.20 847.77   L 790.38 847.77   A 0.44 0.44 0.0 0 0 790.82 847.33   L 790.82 842.18   A 0.44 0.44 0.0 0 0 790.38 841.74   L 759.19 841.74   A 0.44 0.44 0.0 0 0 758.75 842.18   L 758.75 896.82   A 0.44 0.44 0.0 0 0 759.19 897.26   L 791.07 897.26   A 0.44 0.44 0.0 0 0 791.51 896.82   L 791.51 891.68   A 0.44 0.44 0.0 0 0 791.07 891.24   L 766.20 891.24   A 0.44 0.44 0.0 0 1 765.76 890.80   L 765.76 871.69   A 0.44 0.44 0.0 0 1 766.20 871.25   L 786.33 871.25   A 0.44 0.44 0.0 0 0 786.77 870.81   L 786.77 865.68   A 0.44 0.44 0.0 0 0 786.33 865.24   L 766.20 865.24"/>
<path vector-effect="non-scaling-stroke" d="   M 452.6534 188.3503   A 50.58 48.65 -90.2 0 0 404.1803 239.0998   A 50.58 48.65 -90.2 0 0 453.0066 289.5097   A 50.58 48.65 -90.2 0 0 501.4797 238.7602   A 50.58 48.65 -90.2 0 0 452.6534 188.3503"/>
<path vector-effect="non-scaling-stroke" d="   M 576.3339 188.3849   A 50.57 48.66 -90.8 0 0 528.3847 239.6294   A 50.57 48.66 -90.8 0 0 577.7461 289.5151   A 50.57 48.66 -90.8 0 0 625.6953 238.2706   A 50.57 48.66 -90.8 0 0 576.3339 188.3849"/>
<path vector-effect="non-scaling-stroke" d="   M 628.46 318.49   Q 614.09 333.65 594.46 343.23   Q 576.71 351.89 557.39 356.16   C 523.68 363.59 487.95 362.75 454.68 353.54   C 431.26 347.07 409.50 335.57 392.62 318.17   A 0.19 0.19 0.0 0 0 392.32 318.39   C 401.32 335.00 416.11 347.27 432.38 356.24   A 0.42 0.41 -58.4 0 1 432.52 356.84   Q 427.83 363.46 424.60 370.31   C 422.73 374.27 421.19 377.99 422.85 381.64   Q 426.00 388.57 432.38 392.34   C 437.22 395.20 445.93 398.06 452.17 396.92   C 458.47 395.77 461.67 394.48 464.07 388.27   Q 467.29 379.93 468.92 370.39   A 0.69 0.69 0.0 0 1 469.76 369.83   Q 488.77 374.38 507.89 374.48   A 0.38 0.37 5.1 0 1 508.26 374.92   C 507.32 380.26 504.40 392.81 508.50 396.76   C 522.06 409.83 552.47 411.30 565.09 396.03   Q 568.54 391.86 566.61 386.67   Q 563.37 377.96 557.39 369.51   A 0.44 0.44 0.0 0 1 557.61 368.83   L 573.68 363.42   A 0.66 0.65 -20.2 0 1 574.49 363.79   Q 576.89 369.60 581.55 377.53   C 585.00 383.41 589.01 388.24 596.46 387.65   C 607.70 386.76 617.91 379.69 622.76 369.27   Q 624.75 365.01 623.31 361.67   C 620.41 354.95 613.52 348.63 607.35 344.38   A 0.65 0.65 0.0 0 1 607.32 343.34   Q 620.27 333.27 628.79 318.74   A 0.21 0.21 0.0 0 0 628.46 318.49"/>
<path vector-effect="non-scaling-stroke" d="   M 473.56 236.50   C 466.88 245.45 454.62 234.90 463.80 226.79   A 0.32 0.31 -55.8 0 0 463.70 226.26   C 453.78 222.61 444.21 225.55 439.00 234.71   C 432.14 246.79 442.40 262.69 456.60 262.75   C 469.99 262.81 479.73 249.22 474.18 236.57   A 0.36 0.36 0.0 0 0 473.56 236.50"/>
<path vector-effect="non-scaling-stroke" d="   M 580.02 226.14   Q 570.70 222.88 563.29 226.97   C 553.57 232.33 550.14 244.63 556.49 253.87   Q 560.44 259.62 567.43 261.90   C 580.16 266.04 594.25 255.15 592.16 241.48   Q 591.83 239.31 590.84 236.56   A 0.29 0.29 0.0 0 0 590.34 236.48   C 584.39 244.04 572.94 237.42 578.59 228.82   Q 578.61 228.79 580.21 226.82   A 0.43 0.43 0.0 0 0 580.02 226.14"/>
<path vector-effect="non-scaling-stroke" d="   M 454.3840 244.1195   A 4.82 4.60 -46.4 0 0 447.7288 244.4378   A 4.82 4.60 -46.4 0 0 447.7360 251.1005   A 4.82 4.60 -46.4 0 0 454.3912 250.7822   A 4.82 4.60 -46.4 0 0 454.3840 244.1195"/>
<path vector-effect="non-scaling-stroke" d="   M 573.23 247.50   A 4.79 4.79 0.0 0 0 568.44 242.71   A 4.79 4.79 0.0 0 0 563.65 247.50   A 4.79 4.79 0.0 0 0 568.44 252.29   A 4.79 4.79 0.0 0 0 573.23 247.50"/>
<path vector-effect="non-scaling-stroke" d="   M 314.39 717.38   A 10.11 10.11 0.0 0 0 304.28 707.27   L 250.96 707.27   A 10.11 10.11 0.0 0 0 240.85 717.38   L 240.85 757.86   A 10.11 10.11 0.0 0 0 250.96 767.97   L 304.28 767.97   A 10.11 10.11 0.0 0 0 314.39 757.86   L 314.39 717.38"/>
<path vector-effect="non-scaling-stroke" d="   M 431.16 869.53   C 431.15 879.58 435.30 892.11 447.51 892.12   C 459.71 892.13 463.89 879.61 463.90 869.57   C 463.91 859.52 459.75 846.99 447.55 846.98   C 435.35 846.96 431.17 859.48 431.16 869.53"/>
<path vector-effect="non-scaling-stroke" d="   M 515.35 863.37   Q 515.42 863.40 515.48 863.37   Q 519.46 861.18 522.38 857.94   C 525.45 854.54 526.44 847.81 521.13 846.04   C 515.81 844.27 512.57 850.24 512.98 854.80   Q 513.37 859.15 515.24 863.29   Q 515.27 863.35 515.35 863.37"/>
<path vector-effect="non-scaling-stroke" d="   M 527.16 887.71   Q 518.88 880.18 513.72 872.45   A 0.65 0.64 53.9 0 0 512.78 872.30   C 508.03 876.09 504.35 881.27 507.60 887.36   C 511.55 894.76 521.77 893.80 527.17 888.69   A 0.67 0.67 0.0 0 0 527.16 887.71"/>
<path vector-effect="non-scaling-stroke" d="   M 828.66 869.53   C 828.66 879.58 832.83 892.11 845.03 892.12   C 857.23 892.12 861.41 879.59 861.41 869.55   C 861.42 859.50 857.25 846.97 845.04 846.96   C 832.84 846.96 828.66 859.49 828.66 869.53"/>
<path vector-effect="non-scaling-stroke" d="   M 183.80 874.75   Q 191.19 874.75 191.76 874.71   A 0.30 0.30 0.0 0 0 192.02 874.32   L 184.04 847.94   A 0.03 0.03 0.0 0 0 184.02 847.91   Q 183.83 847.81 183.79 847.81   Q 183.75 847.81 183.56 847.91   A 0.03 0.03 0.0 0 0 183.54 847.94   L 175.58 874.33   A 0.30 0.30 0.0 0 0 175.84 874.71   Q 176.41 874.76 183.80 874.75"/>
<path vector-effect="non-scaling-stroke" d="   M 317.25 848.07   L 317.25 890.97   A 0.55 0.55 0.0 0 0 317.80 891.52   L 325.16 891.52   A 18.95 17.83 -90.0 0 0 342.99 872.57   L 342.99 866.47   A 18.95 17.83 90.0 0 0 325.16 847.52   L 317.80 847.52   A 0.55 0.55 0.0 0 0 317.25 848.07"/>
<path vector-effect="non-scaling-stroke" d="   M 692.51 848.02   L 692.51 891.02   A 0.54 0.54 0.0 0 0 693.05 891.56   L 700.06 891.56   A 18.84 18.11 90.0 0 0 718.17 872.72   L 718.17 866.32   A 18.84 18.11 -90.0 0 0 700.06 847.48   L 693.05 847.48   A 0.54 0.54 0.0 0 0 692.51 848.02"/>
</g>

<path fill="#333333" d="   M 806.65 127.70   A 0.22 0.21 -77.3 0 1 806.29 127.93   Q 800.52 121.12 794.27 116.00   Q 786.53 109.67 776.83 109.52   Q 774.88 109.48 773.63 109.91   A 0.64 0.64 0.0 0 0 773.22 110.71   C 778.93 128.90 777.01 148.09 768.76 165.31   C 761.50 180.46 748.61 191.37 733.24 198.27   Q 716.88 205.63 697.20 210.00   A 0.55 0.55 0.0 0 0 696.85 210.84   Q 723.89 252.18 730.33 301.53   Q 731.22 308.41 731.96 313.99   A 0.84 0.83 13.3 0 0 732.32 314.57   Q 768.00 338.27 779.96 376.90   Q 791.69 414.81 781.26 454.02   Q 775.82 474.48 765.52 493.56   A 0.24 0.24 0.0 0 0 765.68 493.91   Q 775.58 495.77 778.65 505.36   C 779.96 509.44 777.60 514.34 772.89 510.71   A 1.98 1.98 0.0 0 1 772.28 509.91   C 770.43 505.46 768.79 502.16 764.40 500.22   A 0.36 0.36 0.0 0 0 763.93 500.71   Q 768.50 509.39 765.96 517.44   C 765.16 519.96 762.95 523.03 760.24 520.46   C 757.56 517.93 757.63 509.95 757.72 506.22   A 0.24 0.24 0.0 0 0 757.31 506.05   L 750.37 512.99   A 2.66 2.51 88.3 0 0 750.06 513.34   L 747.28 517.01   A 1.93 1.93 0.0 0 1 744.31 517.14   C 740.60 513.06 747.01 502.90 749.58 499.41   A 0.33 0.33 0.0 0 0 749.32 498.88   Q 743.44 498.80 740.90 499.98   C 738.61 501.03 733.26 504.59 730.89 503.94   A 2.97 2.74 -82.6 0 1 728.87 501.08   Q 728.91 498.38 730.61 495.83   Q 737.10 486.09 749.54 485.32   Q 753.10 485.10 756.39 486.37   A 0.22 0.22 0.0 0 0 756.69 486.20   C 760.24 464.35 760.81 441.87 756.13 420.59   Q 749.59 390.84 728.54 369.39   A 0.39 0.39 0.0 0 0 727.88 369.60   Q 721.16 406.59 701.40 439.66   Q 669.36 493.26 614.16 522.30   A 1.87 1.85 -10.7 0 0 613.17 523.74   Q 610.85 543.39 603.77 561.47   C 601.89 566.25 600.53 572.84 603.40 577.36   C 608.39 585.27 615.62 588.20 624.91 588.84   C 635.50 589.56 646.21 591.09 654.93 595.34   C 663.94 599.74 669.40 607.95 674.06 616.53   A 0.37 0.37 0.0 0 1 673.74 617.08   Q 592.85 617.09 592.22 617.10   Q 584.69 617.25 581.86 616.32   C 575.10 614.10 570.17 609.39 567.80 602.60   Q 566.63 599.24 566.56 592.78   Q 566.29 568.43 562.86 542.42   A 0.69 0.68 80.5 0 0 562.05 541.84   Q 525.54 548.95 488.00 545.26   Q 478.24 544.30 467.76 541.85   A 0.52 0.51 -80.3 0 0 467.14 542.29   Q 463.69 567.71 463.48 591.36   Q 463.41 599.42 462.07 602.99   Q 458.44 612.68 448.03 616.21   Q 445.27 617.14 438.52 617.12   Q 394.76 616.98 356.30 617.14   A 0.51 0.51 0.0 0 1 355.85 616.39   C 360.22 608.16 366.01 599.55 374.70 595.50   Q 385.75 590.35 398.44 589.43   C 403.80 589.04 411.45 588.80 416.78 586.37   C 422.43 583.79 428.08 578.13 428.21 571.56   Q 428.31 567.09 426.86 563.13   Q 419.72 543.52 416.66 523.27   A 1.03 1.02 9.6 0 0 416.13 522.53   Q 355.46 491.16 323.26 430.49   Q 307.78 401.32 302.08 369.50   A 0.28 0.28 0.0 0 0 301.61 369.35   C 269.20 400.51 265.64 443.94 273.20 485.88   A 0.39 0.39 0.0 0 0 273.77 486.15   Q 275.90 485.05 278.25 485.03   Q 293.52 484.90 300.60 498.18   C 302.14 501.06 300.52 505.49 296.48 503.73   Q 294.50 502.87 289.24 500.18   Q 287.15 499.11 280.71 498.77   A 0.37 0.37 0.0 0 0 280.39 499.36   C 283.70 503.95 287.42 510.49 286.62 516.17   A 2.33 2.26 -82.5 0 1 284.10 518.17   Q 283.41 518.08 282.77 517.22   C 279.34 512.59 276.06 510.16 272.85 506.31   A 0.37 0.37 0.0 0 0 272.20 506.57   C 272.38 510.56 272.29 516.96 269.72 520.58   A 2.17 2.17 0.0 0 1 266.57 520.99   Q 265.14 519.82 264.42 517.54   Q 261.54 508.47 266.06 499.82   A 0.36 0.36 0.0 0 0 265.61 499.31   C 261.95 500.73 259.97 503.24 258.59 506.85   C 257.48 509.75 255.20 512.19 252.18 510.25   C 249.78 508.71 251.39 504.05 252.42 502.18   Q 256.29 495.11 263.97 493.07   A 0.46 0.45 -21.3 0 0 264.26 492.42   Q 261.29 486.64 259.32 482.46   C 240.76 443.01 237.43 397.44 257.25 358.19   Q 271.70 329.59 298.55 312.82   A 1.20 1.20 0.0 0 0 299.11 311.90   Q 303.58 256.01 334.09 208.85   A 0.51 0.51 0.0 0 0 333.77 208.07   Q 313.05 203.81 295.56 195.50   C 279.23 187.74 266.52 175.92 259.59 159.20   Q 249.27 134.32 257.78 108.54   A 0.36 0.35 -78.7 0 0 257.47 108.07   C 242.88 107.09 232.38 117.93 223.66 127.82   A 0.25 0.25 0.0 0 1 223.25 127.56   C 231.87 107.46 248.84 92.22 269.52 84.83   Q 285.16 79.24 303.00 80.59   Q 328.33 82.51 348.39 99.33   C 365.70 113.84 374.10 133.04 384.55 154.02   A 0.69 0.69 0.0 0 0 385.58 154.26   Q 412.63 133.69 445.51 122.57   A 0.50 0.50 0.0 0 0 445.77 121.82   Q 438.22 110.28 430.30 95.79   C 422.10 80.78 417.42 73.29 409.82 59.71   C 402.12 45.95 391.18 17.52 410.82 7.80   Q 414.77 5.85 421.47 5.91   Q 428.20 5.96 432.35 7.14   C 455.31 13.65 472.05 33.82 476.96 56.79   Q 478.11 62.15 478.03 66.00   C 477.76 78.22 474.91 90.45 473.04 102.50   Q 472.01 109.15 472.22 115.24   A 0.43 0.43 0.0 0 0 472.73 115.64   Q 515.89 106.86 557.99 115.58   A 0.82 0.82 0.0 0 0 558.97 114.67   Q 556.91 98.54 554.30 85.47   C 552.16 74.76 551.78 62.65 555.11 51.11   Q 562.51 25.52 585.86 12.17   Q 595.84 6.47 606.60 5.92   Q 615.58 5.46 620.93 8.74   C 638.62 19.58 626.88 47.91 619.36 61.12   Q 611.67 74.64 596.50 101.73   C 592.84 108.27 588.37 115.43 584.18 121.71   A 0.53 0.52 26.7 0 0 584.44 122.49   Q 616.80 134.33 644.41 154.44   A 0.59 0.58 -58.9 0 0 645.28 154.22   C 652.33 139.88 659.11 124.99 669.27 112.05   Q 687.47 88.87 715.19 82.39   C 752.76 73.61 791.25 92.57 806.65 127.70   Z   M 452.6534 188.3503   A 50.58 48.65 -90.2 0 0 404.1803 239.0998   A 50.58 48.65 -90.2 0 0 453.0066 289.5097   A 50.58 48.65 -90.2 0 0 501.4797 238.7602   A 50.58 48.65 -90.2 0 0 452.6534 188.3503   Z   M 576.3339 188.3849   A 50.57 48.66 -90.8 0 0 528.3847 239.6294   A 50.57 48.66 -90.8 0 0 577.7461 289.5151   A 50.57 48.66 -90.8 0 0 625.6953 238.2706   A 50.57 48.66 -90.8 0 0 576.3339 188.3849   Z   M 628.46 318.49   Q 614.09 333.65 594.46 343.23   Q 576.71 351.89 557.39 356.16   C 523.68 363.59 487.95 362.75 454.68 353.54   C 431.26 347.07 409.50 335.57 392.62 318.17   A 0.19 0.19 0.0 0 0 392.32 318.39   C 401.32 335.00 416.11 347.27 432.38 356.24   A 0.42 0.41 -58.4 0 1 432.52 356.84   Q 427.83 363.46 424.60 370.31   C 422.73 374.27 421.19 377.99 422.85 381.64   Q 426.00 388.57 432.38 392.34   C 437.22 395.20 445.93 398.06 452.17 396.92   C 458.47 395.77 461.67 394.48 464.07 388.27   Q 467.29 379.93 468.92 370.39   A 0.69 0.69 0.0 0 1 469.76 369.83   Q 488.77 374.38 507.89 374.48   A 0.38 0.37 5.1 0 1 508.26 374.92   C 507.32 380.26 504.40 392.81 508.50 396.76   C 522.06 409.83 552.47 411.30 565.09 396.03   Q 568.54 391.86 566.61 386.67   Q 563.37 377.96 557.39 369.51   A 0.44 0.44 0.0 0 1 557.61 368.83   L 573.68 363.42   A 0.66 0.65 -20.2 0 1 574.49 363.79   Q 576.89 369.60 581.55 377.53   C 585.00 383.41 589.01 388.24 596.46 387.65   C 607.70 386.76 617.91 379.69 622.76 369.27   Q 624.75 365.01 623.31 361.67   C 620.41 354.95 613.52 348.63 607.35 344.38   A 0.65 0.65 0.0 0 1 607.32 343.34   Q 620.27 333.27 628.79 318.74   A 0.21 0.21 0.0 0 0 628.46 318.49   Z"/>


<path fill="#333333" d="   M 473.56 236.50   A 0.36 0.36 0.0 0 1 474.18 236.57   C 479.73 249.22 469.99 262.81 456.60 262.75   C 442.40 262.69 432.14 246.79 439.00 234.71   C 444.21 225.55 453.78 222.61 463.70 226.26   A 0.32 0.31 -55.8 0 1 463.80 226.79   C 454.62 234.90 466.88 245.45 473.56 236.50   Z   M 454.3840 244.1195   A 4.82 4.60 -46.4 0 0 447.7288 244.4378   A 4.82 4.60 -46.4 0 0 447.7360 251.1005   A 4.82 4.60 -46.4 0 0 454.3912 250.7822   A 4.82 4.60 -46.4 0 0 454.3840 244.1195   Z"/>
<path fill="#333333" d="   M 580.21 226.82   Q 578.61 228.79 578.59 228.82   C 572.94 237.42 584.39 244.04 590.34 236.48   A 0.29 0.29 0.0 0 1 590.84 236.56   Q 591.83 239.31 592.16 241.48   C 594.25 255.15 580.16 266.04 567.43 261.90   Q 560.44 259.62 556.49 253.87   C 550.14 244.63 553.57 232.33 563.29 226.97   Q 570.70 222.88 580.02 226.14   A 0.43 0.43 0.0 0 1 580.21 226.82   Z   M 573.23 247.50   A 4.79 4.79 0.0 0 0 568.44 242.71   A 4.79 4.79 0.0 0 0 563.65 247.50   A 4.79 4.79 0.0 0 0 568.44 252.29   A 4.79 4.79 0.0 0 0 573.23 247.50   Z"/>



<path fill="#333333" d="   M 95.60 756.67   C 95.91 756.67 129.68 697.79 159.61 645.83   C 165.56 635.49 180.55 636.49 185.01 647.35   Q 186.23 650.33 186.14 658.36   Q 186.09 663.52 186.15 795.60   A 0.66 0.66 0.0 0 1 185.49 796.26   L 158.17 796.26   A 0.38 0.38 0.0 0 1 157.79 795.88   L 157.79 704.46   A 0.20 0.20 0.0 0 0 157.41 704.36   Q 112.89 782.47 107.68 791.46   C 105.18 795.77 100.69 798.42 95.61 798.42   C 90.52 798.43 86.03 795.78 83.53 791.46   Q 78.32 782.48 33.78 704.38   A 0.20 0.20 0.0 0 0 33.40 704.48   L 33.43 795.90   A 0.38 0.38 0.0 0 1 33.05 796.28   L 5.73 796.29   A 0.66 0.66 0.0 0 1 5.07 795.63   Q 5.08 663.55 5.03 658.39   Q 4.94 650.36 6.16 647.38   C 10.62 636.52 25.61 635.51 31.56 645.85   C 61.51 697.80 95.29 756.67 95.60 756.67   Z"/>
<path fill="#333333" d="   M 681.24 795.86   L 681.24 707.67   A 0.42 0.42 0.0 0 0 680.82 707.25   L 644.95 707.25   A 0.42 0.42 0.0 0 1 644.53 706.83   L 644.53 679.42   A 0.42 0.42 0.0 0 1 644.95 679.00   L 680.81 679.00   A 0.42 0.42 0.0 0 0 681.23 678.58   L 681.23 641.17   A 0.42 0.42 0.0 0 1 681.65 640.75   L 709.34 640.75   A 0.42 0.42 0.0 0 1 709.76 641.17   L 709.76 678.58   A 0.42 0.42 0.0 0 0 710.18 679.00   L 758.59 679.00   A 0.42 0.42 0.0 0 1 759.01 679.42   L 759.01 706.83   A 0.42 0.42 0.0 0 1 758.59 707.25   L 710.18 707.25   A 0.42 0.42 0.0 0 0 709.76 707.67   L 709.76 795.86   A 0.42 0.42 0.0 0 1 709.34 796.28   L 681.66 796.28   A 0.42 0.42 0.0 0 1 681.24 795.86   Z"/>
<path fill="#333333" d="   M 342.4645 758.0233   A 38.31 38.31 0.0 0 1 304.0877 796.2664   L 250.8678 796.1735   A 38.31 38.31 0.0 0 1 212.6247 757.7967   L 212.6955 717.2167   A 38.31 38.31 0.0 0 1 251.0723 678.9736   L 304.2922 679.0665   A 38.31 38.31 0.0 0 1 342.5353 717.4433   L 342.4645 758.0233   Z   M 314.39 717.38   A 10.11 10.11 0.0 0 0 304.28 707.27   L 250.96 707.27   A 10.11 10.11 0.0 0 0 240.85 717.38   L 240.85 757.86   A 10.11 10.11 0.0 0 0 250.96 767.97   L 304.28 767.97   A 10.11 10.11 0.0 0 0 314.39 757.86   L 314.39 717.38   Z"/>
<path fill="#333333" d="   M 395.10 707.26   A 0.31 0.31 0.0 0 0 394.79 707.57   L 394.79 795.65   A 0.62 0.62 0.0 0 1 394.17 796.27   L 367.22 796.27   A 0.65 0.64 0.4 0 1 366.57 795.62   Q 366.60 794.17 366.54 698.64   Q 366.53 689.27 367.93 686.66   C 371.68 679.62 377.43 678.89 385.95 678.97   Q 394.45 679.05 443.00 678.98   Q 462.33 678.95 477.68 690.32   C 490.19 699.58 496.11 714.26 496.41 730.01   Q 496.62 740.87 496.47 795.84   A 0.42 0.42 0.0 0 1 496.05 796.26   L 468.67 796.26   A 0.41 0.40 -0.0 0 1 468.26 795.86   Q 468.29 751.67 468.26 733.00   C 468.25 728.61 467.77 723.97 465.80 720.10   Q 459.32 707.39 443.75 707.29   Q 432.94 707.22 395.10 707.26   Z"/>
<path fill="#333333" d="   M 620.61 679.66   L 620.61 706.89   A 0.42 0.42 0.0 0 1 620.18 707.31   Q 606.90 707.20 551.28 707.30   Q 548.40 707.30 546.74 708.44   C 544.53 709.96 545.28 715.01 547.21 716.57   A 1.82 1.71 65.8 0 0 548.15 716.96   Q 550.94 717.23 553.00 717.23   Q 575.52 717.23 594.00 717.24   C 607.73 717.25 619.99 721.75 627.45 733.62   Q 635.79 746.89 634.26 761.51   C 631.95 783.45 615.22 796.07 593.99 796.23   Q 583.10 796.31 519.15 796.26   A 0.55 0.55 0.0 0 1 518.60 795.71   L 518.60 768.45   A 0.48 0.47 90.0 0 1 519.07 767.97   Q 581.02 768.08 595.87 767.89   C 603.74 767.79 607.16 761.83 606.16 754.39   Q 604.91 745.17 593.87 745.21   Q 558.15 745.34 550.01 745.18   C 546.21 745.11 541.48 744.59 537.62 742.91   C 522.29 736.25 515.04 721.85 517.83 705.72   Q 520.25 691.71 533.16 683.89   C 539.95 679.78 547.53 678.98 556.28 678.98   Q 615.45 679.01 619.95 679.01   A 0.66 0.65 -0.0 0 1 620.61 679.66   Z"/>
<path fill="#333333" d="   M 813.52 730.51   A 0.60 0.60 0.0 0 1 814.12 729.91   Q 832.88 730.19 864.00 729.88   Q 873.78 729.78 875.99 720.79   C 877.89 713.05 873.06 705.98 864.98 705.83   Q 858.44 705.71 814.98 705.76   C 800.69 705.78 801.24 715.81 801.51 727.77   Q 801.54 729.10 801.49 753.50   C 801.48 760.87 801.91 764.93 807.82 768.24   Q 809.78 769.33 814.47 769.26   Q 816.85 769.23 864.00 769.24   A 0.41 0.41 0.0 0 1 864.41 769.65   L 864.41 795.64   A 0.58 0.57 -0.5 0 1 863.84 796.21   Q 839.68 796.33 815.75 796.26   Q 804.68 796.22 796.99 792.73   C 782.92 786.33 774.78 773.64 774.72 758.01   Q 774.59 724.77 774.79 717.03   C 775.10 704.93 780.94 692.73 791.08 685.65   Q 800.60 679.01 813.74 679.00   Q 843.82 678.98 863.48 679.03   C 887.61 679.10 905.67 697.13 902.87 721.75   C 900.55 742.19 885.44 756.67 864.74 756.73   Q 844.22 756.79 814.00 756.74   A 0.49 0.48 90.0 0 1 813.52 756.25   L 813.52 730.51   Z"/>
<path fill="#333333" d="   M 949.01 796.27   L 922.08 796.27   A 0.52 0.52 0.0 0 1 921.56 795.75   Q 921.67 750.00 921.51 727.51   Q 921.40 712.63 923.22 706.21   C 927.29 691.82 939.12 682.51 953.99 679.80   Q 958.66 678.95 966.07 678.97   Q 993.66 679.03 1024.21 678.99   A 0.66 0.65 90.0 0 1 1024.86 679.65   L 1024.86 706.80   A 0.44 0.44 0.0 0 1 1024.42 707.24   Q 983.45 707.28 966.06 707.21   C 956.34 707.18 949.68 708.11 949.72 719.24   Q 949.81 742.37 949.75 795.53   A 0.75 0.74 -89.6 0 1 949.01 796.27   Z"/>

<path fill="#333333" d="   M 447.47 840.80   C 463.75 840.76 471.22 854.98 471.26 869.49   C 471.29 884.00 463.88 898.25 447.60 898.29   C 431.33 898.33 423.85 884.11 423.82 869.60   C 423.79 855.09 431.20 840.83 447.47 840.80   Z   M 431.16 869.53   C 431.15 879.58 435.30 892.11 447.51 892.12   C 459.71 892.13 463.89 879.61 463.90 869.57   C 463.91 859.52 459.75 846.99 447.55 846.98   C 435.35 846.96 431.17 859.48 431.16 869.53   Z"/>
<path fill="#333333" d="   M 546.30 867.50   Q 543.31 878.05 537.04 886.78   A 0.56 0.56 0.0 0 0 537.22 887.60   L 546.49 892.96   A 0.65 0.65 0.0 0 1 546.79 893.72   L 545.54 897.65   A 0.77 0.77 0.0 0 1 544.56 898.15   Q 538.24 896.03 532.90 892.25   A 0.75 0.73 41.4 0 0 531.99 892.30   Q 525.01 898.52 515.79 898.30   C 507.00 898.08 499.92 892.65 499.60 883.44   C 499.34 876.13 504.31 871.26 509.95 867.31   A 0.68 0.66 -28.8 0 0 510.19 866.51   Q 507.17 859.13 506.97 855.95   Q 506.26 845.09 514.96 841.70   C 522.04 838.93 529.63 842.20 530.51 850.39   C 531.43 859.03 524.17 863.28 518.51 867.92   A 0.61 0.59 53.6 0 0 518.40 868.72   Q 524.03 877.07 531.86 883.49   A 0.43 0.43 0.0 0 0 532.49 883.41   Q 537.62 876.04 539.87 867.53   A 0.37 0.37 0.0 0 1 540.23 867.25   L 546.12 867.25   A 0.20 0.19 -81.9 0 1 546.30 867.50   Z   M 515.35 863.37   Q 515.42 863.40 515.48 863.37   Q 519.46 861.18 522.38 857.94   C 525.45 854.54 526.44 847.81 521.13 846.04   C 515.81 844.27 512.57 850.24 512.98 854.80   Q 513.37 859.15 515.24 863.29   Q 515.27 863.35 515.35 863.37   Z   M 527.16 887.71   Q 518.88 880.18 513.72 872.45   A 0.65 0.64 53.9 0 0 512.78 872.30   C 508.03 876.09 504.35 881.27 507.60 887.36   C 511.55 894.76 521.77 893.80 527.17 888.69   A 0.67 0.67 0.0 0 0 527.16 887.71   Z"/>
<path fill="#333333" d="   M 821.34 869.56   C 821.32 855.05 828.75 840.80 845.03 840.78   C 861.31 840.76 868.77 854.99 868.79 869.50   C 868.81 884.02 861.38 898.27 845.10 898.29   C 828.82 898.31 821.36 884.08 821.34 869.56   Z   M 828.66 869.53   C 828.66 879.58 832.83 892.11 845.03 892.12   C 857.23 892.12 861.41 879.59 861.41 869.55   C 861.42 859.50 857.25 846.97 845.04 846.96   C 832.84 846.96 828.66 859.49 828.66 869.53   Z"/>
<path fill="#333333" d="   M 183.94 841.73   Q 185.74 841.73 187.38 841.83   A 0.85 0.85 0.0 0 1 188.13 842.41   L 206.52 897.10   A 0.15 0.14 -9.7 0 1 206.38 897.29   L 199.50 897.29   A 0.40 0.40 0.0 0 1 199.12 897.01   L 194.17 880.91   A 0.59 0.58 76.7 0 0 193.50 880.49   Q 193.46 880.50 183.89 880.49   Q 174.32 880.47 174.28 880.47   A 0.59 0.58 -76.5 0 0 173.61 880.88   L 168.61 896.97   A 0.40 0.40 0.0 0 1 168.23 897.25   L 161.35 897.23   A 0.15 0.14 9.9 0 1 161.21 897.04   L 179.76 842.40   A 0.85 0.85 0.0 0 1 180.50 841.82   Q 182.15 841.73 183.94 841.73   Z   M 183.80 874.75   Q 191.19 874.75 191.76 874.71   A 0.30 0.30 0.0 0 0 192.02 874.32   L 184.04 847.94   A 0.03 0.03 0.0 0 0 184.02 847.91   Q 183.83 847.81 183.79 847.81   Q 183.75 847.81 183.56 847.91   A 0.03 0.03 0.0 0 0 183.54 847.94   L 175.58 874.33   A 0.30 0.30 0.0 0 0 175.84 874.71   Q 176.41 874.76 183.80 874.75   Z"/>
<path fill="#333333" d="   M 254.26 892.18   C 265.71 892.15 267.41 881.60 267.25 872.75   Q 267.25 872.73 267.14 842.14   A 0.44 0.43 -90.0 0 1 267.57 841.70   L 273.60 841.70   A 0.41 0.41 0.0 0 1 274.01 842.11   Q 274.13 864.26 274.05 876.23   C 273.96 888.93 267.89 898.26 254.28 898.29   C 240.67 898.32 234.56 889.02 234.41 876.33   Q 234.27 864.35 234.29 842.20   A 0.41 0.41 0.0 0 1 234.69 841.79   L 240.72 841.76   A 0.44 0.43 89.7 0 1 241.16 842.20   Q 241.19 872.79 241.19 872.81   C 241.07 881.67 242.82 892.21 254.26 892.18   Z"/>
<path fill="#333333" d="   M 310.28 842.14   A 0.46 0.46 0.0 0 1 310.74 841.69   L 325.99 841.71   A 24.56 24.47 -89.9 0 1 350.42 866.32   L 350.40 872.80   A 24.56 24.47 -89.9 0 1 325.89 897.31   L 310.64 897.29   A 0.46 0.46 0.0 0 1 310.18 896.82   L 310.28 842.14   Z   M 317.25 848.07   L 317.25 890.97   A 0.55 0.55 0.0 0 0 317.80 891.52   L 325.16 891.52   A 18.95 17.83 -90.0 0 0 342.99 872.57   L 342.99 866.47   A 18.95 17.83 90.0 0 0 325.16 847.52   L 317.80 847.52   A 0.55 0.55 0.0 0 0 317.25 848.07   Z"/>
<rect fill="#333333" x="383.49" y="841.73" width="7.02" height="55.52" rx="0.40"/>
<path fill="#333333" d="   M 591.53 889.80   Q 591.84 889.80 591.92 889.52   Q 598.82 865.73 605.86 841.97   A 0.33 0.33 0.0 0 1 606.18 841.73   L 613.10 841.73   A 0.16 0.16 0.0 0 1 613.25 841.94   L 595.87 896.60   A 0.89 0.89 0.0 0 1 595.19 897.21   Q 594.91 897.26 591.54 897.27   Q 588.16 897.27 587.88 897.22   A 0.89 0.89 0.0 0 1 587.20 896.61   L 569.71 841.98   A 0.16 0.16 0.0 0 1 569.86 841.77   L 576.78 841.76   A 0.33 0.33 0.0 0 1 577.10 842.00   Q 584.19 865.74 591.14 889.53   Q 591.21 889.80 591.53 889.80   Z"/>
<rect fill="#333333" x="642.01" y="841.73" width="6.98" height="55.52" rx="0.33"/>
<path fill="#333333" d="   M 685.50 842.17   A 0.44 0.44 0.0 0 1 685.94 841.73   L 701.11 841.73   A 24.37 24.35 90.0 0 1 725.46 866.10   L 725.46 872.92   A 24.37 24.35 -90.0 0 1 701.11 897.29   L 685.94 897.29   A 0.44 0.44 0.0 0 1 685.50 896.85   L 685.50 842.17   Z   M 692.51 848.02   L 692.51 891.02   A 0.54 0.54 0.0 0 0 693.05 891.56   L 700.06 891.56   A 18.84 18.11 90.0 0 0 718.17 872.72   L 718.17 866.32   A 18.84 18.11 -90.0 0 0 700.06 847.48   L 693.05 847.48   A 0.54 0.54 0.0 0 0 692.51 848.02   Z"/>
<path fill="#333333" d="   M 766.20 865.24   L 786.33 865.24   A 0.44 0.44 0.0 0 1 786.77 865.68   L 786.77 870.81   A 0.44 0.44 0.0 0 1 786.33 871.25   L 766.20 871.25   A 0.44 0.44 0.0 0 0 765.76 871.69   L 765.76 890.80   A 0.44 0.44 0.0 0 0 766.20 891.24   L 791.07 891.24   A 0.44 0.44 0.0 0 1 791.51 891.68   L 791.51 896.82   A 0.44 0.44 0.0 0 1 791.07 897.26   L 759.19 897.26   A 0.44 0.44 0.0 0 1 758.75 896.82   L 758.75 842.18   A 0.44 0.44 0.0 0 1 759.19 841.74   L 790.38 841.74   A 0.44 0.44 0.0 0 1 790.82 842.18   L 790.82 847.33   A 0.44 0.44 0.0 0 1 790.38 847.77   L 766.20 847.77   A 0.44 0.44 0.0 0 0 765.76 848.21   L 765.76 864.80   A 0.44 0.44 0.0 0 0 766.20 865.24   Z"/>








                        </g>
                    </svg>