
<!-- AI_VECTORIZED_FILE: Clean vectorized result, no background removal needed -->
<svg data-content-extracted="true" data-content-extracted="true" xmlns="http://www.w3.org/2000/svg" version="1.1" viewBox="-2.00 -92.00 999.94 1201.34" data-ai-vectorized="true">
    <path  vector-effect="non-scaling-stroke" d="
  M 1429.20 543.25
  A 462.61 462.61 0.0 0 0 966.59 80.64
  A 462.61 462.61 0.0 0 0 503.98 543.25
  A 462.61 462.61 0.0 0 0 966.59 1005.86
  A 462.61 462.61 0.0 0 0 1429.20 543.25"
/>
    <path  vector-effect="non-scaling-stroke" d="
  M 1360.83 372.06
  Q 1323.24 286.52 1255.33 224.93
  C 1175.21 152.27 1070.06 112.18 961.64 113.51
  C 877.81 114.54 796.28 139.94 727.13 186.38
  C 659.10 232.07 605.97 295.76 572.88 370.91
  A 0.57 0.56 -67.8 0 0 573.19 371.66
  Q 596.46 380.89 621.25 387.13
  Q 684.66 403.11 750.53 402.47
  C 802.34 401.96 854.08 395.23 904.73 386.60
  C 959.65 377.25 1045.16 360.55 1114.85 353.23
  C 1197.08 344.58 1281.30 347.40 1360.53 372.39
  A 0.24 0.24 0.0 0 0 1360.83 372.06"
/>
    <path  vector-effect="non-scaling-stroke" d="
  M 1280.19 492.80
  C 1271.02 458.88 1236.02 450.44 1205.40 449.46
  C 1182.69 448.73 1157.67 450.49 1138.02 462.96
  C 1122.95 472.53 1114.81 487.56 1114.83 505.22
  C 1114.88 552.85 1166.05 559.47 1201.30 566.94
  C 1207.83 568.32 1217.21 570.41 1221.87 574.89
  C 1226.07 578.93 1224.23 584.69 1219.60 587.39
  Q 1215.92 589.54 1211.48 590.49
  C 1192.20 594.63 1162.69 591.70 1151.67 571.99
  A 0.43 0.42 -25.5 0 0 1151.15 571.81
  L 1102.81 590.13
  A 0.78 0.77 71.6 0 0 1102.34 591.08
  C 1108.87 612.86 1131.60 625.83 1152.49 630.75
  Q 1190.12 639.62 1226.77 633.45
  C 1252.98 629.04 1280.91 614.17 1284.18 585.04
  C 1288.07 550.50 1262.92 533.41 1233.41 525.59
  Q 1217.00 521.24 1199.98 518.05
  Q 1191.87 516.53 1184.72 514.03
  C 1179.20 512.10 1172.17 508.37 1175.72 501.57
  C 1178.98 495.32 1192.65 494.03 1198.77 494.18
  C 1212.48 494.51 1224.34 498.12 1229.80 512.01
  A 0.57 0.57 0.0 0 0 1230.54 512.33
  L 1279.73 493.70
  A 0.76 0.75 72.4 0 0 1280.19 492.80"
/>
    <path  vector-effect="non-scaling-stroke" d="
  M 1362.20 629.97
  A 0.44 0.44 0.0 0 0 1362.64 629.53
  L 1362.64 451.28
  A 0.44 0.44 0.0 0 0 1362.04 450.87
  L 1301.94 473.64
  A 0.44 0.44 0.0 0 0 1301.66 474.05
  L 1301.66 629.53
  A 0.44 0.44 0.0 0 0 1302.10 629.97
  L 1362.20 629.97"
/>
    <path  vector-effect="non-scaling-stroke" d="
  M 568.97 453.93
  L 568.97 629.50
  A 0.46 0.46 0.0 0 0 569.43 629.96
  L 629.55 629.96
  A 0.53 0.52 -0.0 0 0 630.08 629.44
  L 630.08 597.26
  A 0.87 0.86 79.8 0 1 630.64 596.45
  Q 685.00 575.86 688.87 574.37
  Q 703.18 568.86 714.29 561.13
  C 734.90 546.79 741.46 524.95 737.85 500.92
  C 732.44 464.85 699.37 453.81 667.74 453.70
  Q 625.39 453.55 569.23 453.66
  A 0.27 0.26 90.0 0 0 568.97 453.93"
/>
    <path  vector-effect="non-scaling-stroke" d="
  M 816.28 499.06
  A 0.43 0.43 0.0 0 1 816.71 498.63
  L 909.25 498.63
  A 0.43 0.43 0.0 0 0 909.68 498.20
  L 909.68 454.05
  A 0.43 0.43 0.0 0 0 909.25 453.62
  L 755.61 453.62
  A 0.43 0.43 0.0 0 0 755.18 454.05
  L 755.18 629.54
  A 0.43 0.43 0.0 0 0 755.61 629.97
  L 909.25 629.97
  A 0.43 0.43 0.0 0 0 909.68 629.54
  L 909.68 585.38
  A 0.43 0.43 0.0 0 0 909.25 584.95
  L 816.72 584.95
  A 0.43 0.43 0.0 0 1 816.29 584.52
  L 816.29 563.39
  A 0.43 0.43 0.0 0 1 816.72 562.96
  L 890.26 562.96
  A 0.43 0.43 0.0 0 0 890.69 562.53
  L 890.69 519.80
  A 0.43 0.43 0.0 0 0 890.26 519.37
  L 816.71 519.37
  A 0.43 0.43 0.0 0 1 816.28 518.94
  L 816.28 499.06"
/>
    <path  vector-effect="non-scaling-stroke" d="
  M 934.83 453.92
  L 934.82 629.51
  A 0.46 0.46 0.0 0 0 935.28 629.97
  L 995.41 629.97
  A 0.53 0.52 0.0 0 0 995.94 629.45
  L 995.94 597.27
  A 0.87 0.86 79.8 0 1 996.50 596.46
  Q 1050.87 575.87 1054.74 574.38
  Q 1069.05 568.87 1080.16 561.14
  C 1100.78 546.80 1107.34 524.96 1103.73 500.93
  C 1098.32 464.85 1065.25 453.81 1033.61 453.70
  Q 991.26 453.54 935.09 453.65
  A 0.27 0.26 -90.0 0 0 934.83 453.92"
/>
    <path  vector-effect="non-scaling-stroke" d="
  M 572.30 714.32
  Q 609.91 799.88 677.84 861.48
  C 757.98 934.15 863.16 974.24 971.60 972.90
  C 1055.45 971.86 1137.00 946.45 1206.16 899.99
  C 1274.20 854.29 1327.34 790.58 1360.43 715.41
  A 0.57 0.56 -67.8 0 0 1360.12 714.66
  Q 1336.84 705.43 1312.05 699.19
  Q 1248.62 683.21 1182.74 683.86
  C 1130.92 684.37 1079.17 691.11 1028.50 699.74
  C 973.57 709.10 888.04 725.81 818.34 733.14
  C 736.09 741.79 651.85 738.98 572.60 713.99
  A 0.24 0.24 0.0 0 0 572.30 714.32"
/>
    <path  vector-effect="non-scaling-stroke" d="
  M 630.59 549.76
  Q 644.61 544.53 653.49 540.99
  C 663.17 537.13 673.48 530.77 675.51 520.23
  C 678.08 506.85 668.73 498.73 656.25 498.65
  Q 650.97 498.62 630.47 498.65
  A 0.38 0.38 0.0 0 0 630.09 499.03
  L 630.09 549.41
  A 0.37 0.37 0.0 0 0 630.59 549.76"
/>
    <path  vector-effect="non-scaling-stroke" d="
  M 996.41 549.78
  Q 1010.44 544.55 1019.33 541.01
  C 1029.01 537.14 1039.33 530.78 1041.36 520.23
  C 1043.94 506.85 1034.58 498.72 1022.09 498.64
  Q 1016.81 498.61 996.30 498.64
  A 0.38 0.38 0.0 0 0 995.92 499.02
  L 995.91 549.43
  A 0.37 0.37 0.0 0 0 996.41 549.78"
/>
    <path fill="#000000" d="
  M 1447.63 543.25
  A 481.04 481.04 0.0 0 1 966.59 1024.29
  A 481.04 481.04 0.0 0 1 485.55 543.25
  A 481.04 481.04 0.0 0 1 966.59 62.21
  A 481.04 481.04 0.0 0 1 1447.63 543.25
  Z
  M 1429.20 543.25
  A 462.61 462.61 0.0 0 0 966.59 80.64
  A 462.61 462.61 0.0 0 0 503.98 543.25
  A 462.61 462.61 0.0 0 0 966.59 1005.86
  A 462.61 462.61 0.0 0 0 1429.20 543.25
  Z"
/>
    <path fill="#ffffff" d="
  M 1429.20 543.25
  A 462.61 462.61 0.0 0 1 966.59 1005.86
  A 462.61 462.61 0.0 0 1 503.98 543.25
  A 462.61 462.61 0.0 0 1 966.59 80.64
  A 462.61 462.61 0.0 0 1 1429.20 543.25
  Z
  M 1360.83 372.06
  Q 1323.24 286.52 1255.33 224.93
  C 1175.21 152.27 1070.06 112.18 961.64 113.51
  C 877.81 114.54 796.28 139.94 727.13 186.38
  C 659.10 232.07 605.97 295.76 572.88 370.91
  A 0.57 0.56 -67.8 0 0 573.19 371.66
  Q 596.46 380.89 621.25 387.13
  Q 684.66 403.11 750.53 402.47
  C 802.34 401.96 854.08 395.23 904.73 386.60
  C 959.65 377.25 1045.16 360.55 1114.85 353.23
  C 1197.08 344.58 1281.30 347.40 1360.53 372.39
  A 0.24 0.24 0.0 0 0 1360.83 372.06
  Z
  M 1280.19 492.80
  C 1271.02 458.88 1236.02 450.44 1205.40 449.46
  C 1182.69 448.73 1157.67 450.49 1138.02 462.96
  C 1122.95 472.53 1114.81 487.56 1114.83 505.22
  C 1114.88 552.85 1166.05 559.47 1201.30 566.94
  C 1207.83 568.32 1217.21 570.41 1221.87 574.89
  C 1226.07 578.93 1224.23 584.69 1219.60 587.39
  Q 1215.92 589.54 1211.48 590.49
  C 1192.20 594.63 1162.69 591.70 1151.67 571.99
  A 0.43 0.42 -25.5 0 0 1151.15 571.81
  L 1102.81 590.13
  A 0.78 0.77 71.6 0 0 1102.34 591.08
  C 1108.87 612.86 1131.60 625.83 1152.49 630.75
  Q 1190.12 639.62 1226.77 633.45
  C 1252.98 629.04 1280.91 614.17 1284.18 585.04
  C 1288.07 550.50 1262.92 533.41 1233.41 525.59
  Q 1217.00 521.24 1199.98 518.05
  Q 1191.87 516.53 1184.72 514.03
  C 1179.20 512.10 1172.17 508.37 1175.72 501.57
  C 1178.98 495.32 1192.65 494.03 1198.77 494.18
  C 1212.48 494.51 1224.34 498.12 1229.80 512.01
  A 0.57 0.57 0.0 0 0 1230.54 512.33
  L 1279.73 493.70
  A 0.76 0.75 72.4 0 0 1280.19 492.80
  Z
  M 1362.20 629.97
  A 0.44 0.44 0.0 0 0 1362.64 629.53
  L 1362.64 451.28
  A 0.44 0.44 0.0 0 0 1362.04 450.87
  L 1301.94 473.64
  A 0.44 0.44 0.0 0 0 1301.66 474.05
  L 1301.66 629.53
  A 0.44 0.44 0.0 0 0 1302.10 629.97
  L 1362.20 629.97
  Z
  M 568.97 453.93
  L 568.97 629.50
  A 0.46 0.46 0.0 0 0 569.43 629.96
  L 629.55 629.96
  A 0.53 0.52 -0.0 0 0 630.08 629.44
  L 630.08 597.26
  A 0.87 0.86 79.8 0 1 630.64 596.45
  Q 685.00 575.86 688.87 574.37
  Q 703.18 568.86 714.29 561.13
  C 734.90 546.79 741.46 524.95 737.85 500.92
  C 732.44 464.85 699.37 453.81 667.74 453.70
  Q 625.39 453.55 569.23 453.66
  A 0.27 0.26 90.0 0 0 568.97 453.93
  Z
  M 816.28 499.06
  A 0.43 0.43 0.0 0 1 816.71 498.63
  L 909.25 498.63
  A 0.43 0.43 0.0 0 0 909.68 498.20
  L 909.68 454.05
  A 0.43 0.43 0.0 0 0 909.25 453.62
  L 755.61 453.62
  A 0.43 0.43 0.0 0 0 755.18 454.05
  L 755.18 629.54
  A 0.43 0.43 0.0 0 0 755.61 629.97
  L 909.25 629.97
  A 0.43 0.43 0.0 0 0 909.68 629.54
  L 909.68 585.38
  A 0.43 0.43 0.0 0 0 909.25 584.95
  L 816.72 584.95
  A 0.43 0.43 0.0 0 1 816.29 584.52
  L 816.29 563.39
  A 0.43 0.43 0.0 0 1 816.72 562.96
  L 890.26 562.96
  A 0.43 0.43 0.0 0 0 890.69 562.53
  L 890.69 519.80
  A 0.43 0.43 0.0 0 0 890.26 519.37
  L 816.71 519.37
  A 0.43 0.43 0.0 0 1 816.28 518.94
  L 816.28 499.06
  Z
  M 934.83 453.92
  L 934.82 629.51
  A 0.46 0.46 0.0 0 0 935.28 629.97
  L 995.41 629.97
  A 0.53 0.52 0.0 0 0 995.94 629.45
  L 995.94 597.27
  A 0.87 0.86 79.8 0 1 996.50 596.46
  Q 1050.87 575.87 1054.74 574.38
  Q 1069.05 568.87 1080.16 561.14
  C 1100.78 546.80 1107.34 524.96 1103.73 500.93
  C 1098.32 464.85 1065.25 453.81 1033.61 453.70
  Q 991.26 453.54 935.09 453.65
  A 0.27 0.26 -90.0 0 0 934.83 453.92
  Z
  M 572.30 714.32
  Q 609.91 799.88 677.84 861.48
  C 757.98 934.15 863.16 974.24 971.60 972.90
  C 1055.45 971.86 1137.00 946.45 1206.16 899.99
  C 1274.20 854.29 1327.34 790.58 1360.43 715.41
  A 0.57 0.56 -67.8 0 0 1360.12 714.66
  Q 1336.84 705.43 1312.05 699.19
  Q 1248.62 683.21 1182.74 683.86
  C 1130.92 684.37 1079.17 691.11 1028.50 699.74
  C 973.57 709.10 888.04 725.81 818.34 733.14
  C 736.09 741.79 651.85 738.98 572.60 713.99
  A 0.24 0.24 0.0 0 0 572.30 714.32
  Z"
/>
    <path fill="#fe1300" d="
  M 1360.83 372.06
  A 0.24 0.24 0.0 0 1 1360.53 372.39
  C 1281.30 347.40 1197.08 344.58 1114.85 353.23
  C 1045.16 360.55 959.65 377.25 904.73 386.60
  C 854.08 395.23 802.34 401.96 750.53 402.47
  Q 684.66 403.11 621.25 387.13
  Q 596.46 380.89 573.19 371.66
  A 0.57 0.56 -67.8 0 1 572.88 370.91
  C 605.97 295.76 659.10 232.07 727.13 186.38
  C 796.28 139.94 877.81 114.54 961.64 113.51
  C 1070.06 112.18 1175.21 152.27 1255.33 224.93
  Q 1323.24 286.52 1360.83 372.06
  Z"
/>
    <path fill="#000000" d="
  M 1280.19 492.80
  A 0.76 0.75 72.4 0 1 1279.73 493.70
  L 1230.54 512.33
  A 0.57 0.57 0.0 0 1 1229.80 512.01
  C 1224.34 498.12 1212.48 494.51 1198.77 494.18
  C 1192.65 494.03 1178.98 495.32 1175.72 501.57
  C 1172.17 508.37 1179.20 512.10 1184.72 514.03
  Q 1191.87 516.53 1199.98 518.05
  Q 1217.00 521.24 1233.41 525.59
  C 1262.92 533.41 1288.07 550.50 1284.18 585.04
  C 1280.91 614.17 1252.98 629.04 1226.77 633.45
  Q 1190.12 639.62 1152.49 630.75
  C 1131.60 625.83 1108.87 612.86 1102.34 591.08
  A 0.78 0.77 71.6 0 1 1102.81 590.13
  L 1151.15 571.81
  A 0.43 0.42 -25.5 0 1 1151.67 571.99
  C 1162.69 591.70 1192.20 594.63 1211.48 590.49
  Q 1215.92 589.54 1219.60 587.39
  C 1224.23 584.69 1226.07 578.93 1221.87 574.89
  C 1217.21 570.41 1207.83 568.32 1201.30 566.94
  C 1166.05 559.47 1114.88 552.85 1114.83 505.22
  C 1114.81 487.56 1122.95 472.53 1138.02 462.96
  C 1157.67 450.49 1182.69 448.73 1205.40 449.46
  C 1236.02 450.44 1271.02 458.88 1280.19 492.80
  Z"
/>
    <path fill="#000000" d="
  M 1362.20 629.97
  L 1302.10 629.97
  A 0.44 0.44 0.0 0 1 1301.66 629.53
  L 1301.66 474.05
  A 0.44 0.44 0.0 0 1 1301.94 473.64
  L 1362.04 450.87
  A 0.44 0.44 0.0 0 1 1362.64 451.28
  L 1362.64 629.53
  A 0.44 0.44 0.0 0 1 1362.20 629.97
  Z"
/>
    <path fill="#000000" d="
  M 568.97 453.93
  A 0.27 0.26 -90.0 0 1 569.23 453.66
  Q 625.39 453.55 667.74 453.70
  C 699.37 453.81 732.44 464.85 737.85 500.92
  C 741.46 524.95 734.90 546.79 714.29 561.13
  Q 703.18 568.86 688.87 574.37
  Q 685.00 575.86 630.64 596.45
  A 0.87 0.86 79.8 0 0 630.08 597.26
  L 630.08 629.44
  A 0.53 0.52 -0.0 0 1 629.55 629.96
  L 569.43 629.96
  A 0.46 0.46 0.0 0 1 568.97 629.50
  L 568.97 453.93
  Z
  M 630.59 549.76
  Q 644.61 544.53 653.49 540.99
  C 663.17 537.13 673.48 530.77 675.51 520.23
  C 678.08 506.85 668.73 498.73 656.25 498.65
  Q 650.97 498.62 630.47 498.65
  A 0.38 0.38 0.0 0 0 630.09 499.03
  L 630.09 549.41
  A 0.37 0.37 0.0 0 0 630.59 549.76
  Z"
/>
    <path fill="#000000" d="
  M 816.28 499.06
  L 816.28 518.94
  A 0.43 0.43 0.0 0 0 816.71 519.37
  L 890.26 519.37
  A 0.43 0.43 0.0 0 1 890.69 519.80
  L 890.69 562.53
  A 0.43 0.43 0.0 0 1 890.26 562.96
  L 816.72 562.96
  A 0.43 0.43 0.0 0 0 816.29 563.39
  L 816.29 584.52
  A 0.43 0.43 0.0 0 0 816.72 584.95
  L 909.25 584.95
  A 0.43 0.43 0.0 0 1 909.68 585.38
  L 909.68 629.54
  A 0.43 0.43 0.0 0 1 909.25 629.97
  L 755.61 629.97
  A 0.43 0.43 0.0 0 1 755.18 629.54
  L 755.18 454.05
  A 0.43 0.43 0.0 0 1 755.61 453.62
  L 909.25 453.62
  A 0.43 0.43 0.0 0 1 909.68 454.05
  L 909.68 498.20
  A 0.43 0.43 0.0 0 1 909.25 498.63
  L 816.71 498.63
  A 0.43 0.43 0.0 0 0 816.28 499.06
  Z"
/>
    <path fill="#000000" d="
  M 934.83 453.92
  A 0.27 0.26 -90.0 0 1 935.09 453.65
  Q 991.26 453.54 1033.61 453.70
  C 1065.25 453.81 1098.32 464.85 1103.73 500.93
  C 1107.34 524.96 1100.78 546.80 1080.16 561.14
  Q 1069.05 568.87 1054.74 574.38
  Q 1050.87 575.87 996.50 596.46
  A 0.87 0.86 79.8 0 0 995.94 597.27
  L 995.94 629.45
  A 0.53 0.52 0.0 0 1 995.41 629.97
  L 935.28 629.97
  A 0.46 0.46 0.0 0 1 934.82 629.51
  L 934.83 453.92
  Z
  M 996.41 549.78
  Q 1010.44 544.55 1019.33 541.01
  C 1029.01 537.14 1039.33 530.78 1041.36 520.23
  C 1043.94 506.85 1034.58 498.72 1022.09 498.64
  Q 1016.81 498.61 996.30 498.64
  A 0.38 0.38 0.0 0 0 995.92 499.02
  L 995.91 549.43
  A 0.37 0.37 0.0 0 0 996.41 549.78
  Z"
/>
    <path fill="#ffffff" d="
  M 630.59 549.76
  A 0.37 0.37 0.0 0 1 630.09 549.41
  L 630.09 499.03
  A 0.38 0.38 0.0 0 1 630.47 498.65
  Q 650.97 498.62 656.25 498.65
  C 668.73 498.73 678.08 506.85 675.51 520.23
  C 673.48 530.77 663.17 537.13 653.49 540.99
  Q 644.61 544.53 630.59 549.76
  Z"
/>
    <path fill="#ffffff" d="
  M 996.41 549.78
  A 0.37 0.37 0.0 0 1 995.91 549.43
  L 995.92 499.02
  A 0.38 0.38 0.0 0 1 996.30 498.64
  Q 1016.81 498.61 1022.09 498.64
  C 1034.58 498.72 1043.94 506.85 1041.36 520.23
  C 1039.33 530.78 1029.01 537.14 1019.33 541.01
  Q 1010.44 544.55 996.41 549.78
  Z"
/>
    <path fill="#0d0c8c" d="
  M 572.30 714.32
  A 0.24 0.24 0.0 0 1 572.60 713.99
  C 651.85 738.98 736.09 741.79 818.34 733.14
  C 888.04 725.81 973.57 709.10 1028.50 699.74
  C 1079.17 691.11 1130.92 684.37 1182.74 683.86
  Q 1248.62 683.21 1312.05 699.19
  Q 1336.84 705.43 1360.12 714.66
  A 0.57 0.56 -67.8 0 1 1360.43 715.41
  C 1327.34 790.58 1274.20 854.29 1206.16 899.99
  C 1137.00 946.45 1055.45 971.86 971.60 972.90
  C 863.16 974.24 757.98 934.15 677.84 861.48
  Q 609.91 799.88 572.30 714.32
  Z"
/>
</svg>