<svg xmlns="http://www.w3.org/2000/svg" data-content-extracted="true" version="1.1" viewBox="-86.6 -86.6 582.6 579.81" data-ai-vectorized="true">
<g stroke-width="582.6" fill="none" stroke-linecap="butt">
<path vector-effect="non-scaling-stroke" d="   M 132.91 56.31   Q 131.28 42.42 119.59 35.86   A 0.99 0.98 14.5 0 1 119.09 35.02   Q 118.87 23.81 113.32 16.19   C 95.95 -7.65 58.41 2.82 55.56 32.23   A 1.30 1.26 -17.6 0 1 55.10 33.09   Q 52.19 35.54 51.99 35.72   Q 42.24 44.31 40.98 57.21   A 0.29 0.29 0.0 0 1 40.62 57.47   C 32.94 55.55 27.52 51.20 24.05 44.12   Q 22.44 40.83 20.15 36.72   C 17.07 31.19 13.48 25.80 6.93 29.65   C 1.91 32.60 3.02 35.51 3.02 40.57   A 6.15 6.07 37.8 0 0 3.25 42.30   Q 8.81 61.94 26.01 72.66   C 26.81 73.16 28.46 73.75 29.53 74.37   A 0.44 0.44 0.0 0 1 29.57 75.11   Q 15.71 85.01 16.30 102.49   A 0.70 0.70 0.0 0 1 15.91 103.15   Q 7.46 107.18 4.97 114.00   C 1.23 124.22 5.39 135.03 15.40 139.56   Q 19.18 141.27 29.83 141.05   Q 35.67 140.93 145.34 141.03   Q 156.95 141.04 160.06 139.82   C 170.27 135.81 174.54 124.18 170.51 114.23   Q 167.62 107.10 159.28 103.79   A 0.56 0.56 0.0 0 1 158.95 103.09   Q 164.47 87.36 153.31 75.58   C 152.11 74.32 150.03 72.75 148.60 71.89   A 0.53 0.52 -48.7 0 1 148.55 71.02   C 153.84 66.89 158.71 62.44 162.14 56.95   C 166.05 50.70 168.81 39.36 165.04 32.50   C 163.49 29.67 161.07 28.25 157.90 28.87   C 151.61 30.09 151.35 38.15 150.46 43.72   Q 149.71 48.41 145.76 51.01   Q 140.34 54.58 133.64 56.78   A 0.56 0.56 0.0 0 1 132.91 56.31"/>
<path vector-effect="non-scaling-stroke" d="   M 249.68 64.79   C 254.53 69.47 262.44 70.40 269.02 69.78   C 277.90 68.94 284.47 64.64 286.77 55.77   C 288.73 48.21 288.30 37.07 282.19 31.16   C 276.08 25.26 264.94 25.20 257.44 27.41   C 248.66 30.01 244.58 36.72 244.04 45.62   C 243.64 52.23 244.83 60.10 249.68 64.79"/>
<path vector-effect="non-scaling-stroke" d="   M 371.24 27.79   C 363.31 25.85 353.79 25.41 346.11 28.47   A 2.79 2.72 -81.0 0 0 344.97 29.32   C 339.31 36.47 339.73 48.07 349.38 51.69   Q 358.72 55.21 358.76 55.22   Q 361.97 56.57 360.66 59.35   A 1.95 1.93 -75.2 0 1 358.76 60.47   L 342.78 59.22   A 0.60 0.59 7.6 0 0 342.15 59.70   L 340.67 67.43   A 0.65 0.65 0.0 0 0 341.17 68.19   C 351.17 70.29 371.66 73.38 373.82 58.29   C 375.55 46.18 365.39 44.24 356.59 40.93   Q 353.25 39.67 354.21 36.72   A 1.31 1.30 -78.7 0 1 355.55 35.82   L 369.66 36.92   A 0.37 0.37 0.0 0 0 370.05 36.62   L 371.63 28.40   A 0.53 0.53 0.0 0 0 371.24 27.79"/>
<path vector-effect="non-scaling-stroke" d="   M 483.32 49.26   Q 483.82 48.99 485.21 48.63   C 489.20 47.62 491.30 44.73 491.61 40.35   C 492.33 30.06 485.29 26.70 476.42 26.35   Q 466.05 25.94 455.08 26.81   A 0.63 0.63 0.0 0 0 454.50 27.44   L 454.50 68.63   A 0.61 0.61 0.0 0 0 455.11 69.24   L 467.45 69.24   A 0.55 0.55 0.0 0 0 468.00 68.69   L 468.00 53.85   A 0.62 0.62 0.0 0 1 468.62 53.23   L 473.98 53.23   A 2.07 2.06 84.0 0 1 476.00 54.87   L 478.88 68.58   A 0.84 0.83 -5.9 0 0 479.70 69.24   L 492.88 69.24   A 0.34 0.34 0.0 0 0 493.21 68.82   Q 492.01 63.46 489.56 54.94   Q 488.22 50.30 483.44 49.85   A 0.32 0.31 -56.8 0 1 483.32 49.26"/>
<path vector-effect="non-scaling-stroke" d="   M 211.72 69.25   Q 216.44 69.25 217.31 69.22   A 0.76 0.75 5.0 0 0 218.04 68.62   L 225.35 35.35   A 0.20 0.20 0.0 0 1 225.75 35.38   L 227.09 68.68   A 0.58 0.58 0.0 0 0 227.67 69.24   L 239.10 69.24   A 0.55 0.55 0.0 0 0 239.65 68.66   L 237.97 26.79   A 0.31 0.31 0.0 0 0 237.66 26.49   L 216.66 26.49   A 0.44 0.43 -84.7 0 0 216.23 26.85   Q 211.91 49.11 211.72 49.11   Q 211.53 49.11 207.19 26.85   A 0.44 0.43 84.7 0 0 206.76 26.49   L 185.76 26.50   A 0.31 0.31 0.0 0 0 185.45 26.80   L 183.79 68.67   A 0.55 0.55 0.0 0 0 184.34 69.25   L 195.77 69.25   A 0.58 0.58 0.0 0 0 196.35 68.69   L 197.68 35.39   A 0.20 0.20 0.0 0 1 198.08 35.36   L 205.40 68.62   A 0.76 0.75 -5.1 0 0 206.13 69.23   Q 207.00 69.25 211.72 69.25"/>
<path vector-effect="non-scaling-stroke" d="   M 309.53 50.73   Q 319.27 65.86 321.34 68.74   A 1.18 1.17 71.9 0 0 322.29 69.23   L 333.66 69.23   A 0.61 0.60 -0.0 0 0 334.27 68.63   L 334.27 27.10   A 0.61 0.61 0.0 0 0 333.66 26.49   L 322.37 26.49   A 0.60 0.60 0.0 0 0 321.77 27.09   L 321.77 49.42   A 0.19 0.19 0.0 0 1 321.42 49.53   Q 320.81 48.59 318.50 44.99   Q 308.76 29.86 306.69 26.98   A 1.18 1.17 71.9 0 0 305.74 26.50   L 294.37 26.50   A 0.61 0.60 -0.0 0 0 293.76 27.10   L 293.76 68.63   A 0.61 0.61 0.0 0 0 294.37 69.24   L 305.66 69.24   A 0.60 0.60 0.0 0 0 306.26 68.64   L 306.26 46.31   A 0.19 0.19 0.0 0 1 306.61 46.20   Q 307.22 47.14 309.53 50.73"/>
<path vector-effect="non-scaling-stroke" d="   M 394.99 69.24   Q 401.01 69.24 401.44 69.19   A 0.33 0.33 0.0 0 0 401.74 68.86   L 401.74 36.32   A 0.57 0.56 -0.0 0 1 402.31 35.76   L 413.30 35.76   A 0.45 0.45 0.0 0 0 413.75 35.31   L 413.75 26.96   A 0.45 0.45 0.0 0 0 413.30 26.51   Q 404.17 26.50 394.99 26.51   Q 385.82 26.50 376.69 26.51   A 0.45 0.45 0.0 0 0 376.24 26.96   L 376.24 35.31   A 0.45 0.45 0.0 0 0 376.69 35.76   L 387.68 35.76   A 0.57 0.56 0.0 0 1 388.25 36.32   L 388.24 68.86   A 0.33 0.33 0.0 0 0 388.54 69.19   Q 388.98 69.24 394.99 69.24"/>
<path vector-effect="non-scaling-stroke" d="   M 431.25 51.62   A 0.38 0.38 0.0 0 1 431.63 51.24   L 445.62 51.24   A 0.38 0.38 0.0 0 0 446.00 50.86   L 446.00 43.62   A 0.38 0.38 0.0 0 0 445.62 43.24   L 431.62 43.24   A 0.38 0.38 0.0 0 1 431.24 42.86   L 431.24 35.88   A 0.38 0.38 0.0 0 1 431.62 35.50   L 448.37 35.50   A 0.38 0.38 0.0 0 0 448.75 35.12   L 448.75 26.89   A 0.38 0.38 0.0 0 0 448.37 26.51   L 418.13 26.51   A 0.38 0.38 0.0 0 0 417.75 26.89   L 417.75 68.86   A 0.38 0.38 0.0 0 0 418.13 69.24   L 448.37 69.24   A 0.38 0.38 0.0 0 0 448.75 68.86   L 448.75 60.38   A 0.38 0.38 0.0 0 0 448.37 60.00   L 431.63 60.00   A 0.38 0.38 0.0 0 1 431.25 59.62   L 431.25 51.62"/>
<path vector-effect="non-scaling-stroke" d="   M 309.58 91.27   L 319.05 136.26   A 0.93 0.92 -5.7 0 0 319.96 137.00   L 335.26 137.00   A 1.24 1.23 -83.5 0 0 336.46 136.04   L 346.26 91.37   A 0.22 0.22 0.0 0 1 346.67 91.32   Q 347.08 92.15 347.29 95.75   Q 347.37 97.26 348.92 136.13   A 0.94 0.94 0.0 0 0 349.86 137.03   L 365.35 137.03   A 0.74 0.74 0.0 0 0 366.09 136.26   L 363.80 79.41   A 0.77 0.77 0.0 0 0 363.03 78.67   L 334.63 78.67   A 0.74 0.73 -84.2 0 0 333.91 79.26   L 328.26 108.71   A 0.29 0.29 0.0 0 1 327.69 108.71   L 321.50 79.30   A 0.74 0.72 -5.8 0 0 320.78 78.73   L 293.01 78.73   A 0.63 0.62 1.4 0 0 292.38 79.32   L 289.97 136.50   A 0.53 0.53 0.0 0 0 290.50 137.05   L 306.29 137.05   A 0.78 0.78 0.0 0 0 307.07 136.30   L 308.96 91.32   A 0.31 0.31 0.0 0 1 309.58 91.27"/>
<path vector-effect="non-scaling-stroke" d="   M 224.75 91.48   A 0.73 0.73 0.0 0 0 225.48 90.75   L 225.48 79.43   A 0.73 0.73 0.0 0 0 224.75 78.70   L 184.45 78.70   A 0.73 0.73 0.0 0 0 183.72 79.43   L 183.72 136.34   A 0.73 0.73 0.0 0 0 184.45 137.07   L 201.43 137.07   A 0.73 0.73 0.0 0 0 202.16 136.34   L 202.16 114.75   A 0.73 0.73 0.0 0 1 202.89 114.02   L 220.68 114.02   A 0.73 0.73 0.0 0 0 221.41 113.29   L 221.41 103.73   A 0.73 0.73 0.0 0 0 220.68 103.00   L 202.92 103.00   A 0.73 0.73 0.0 0 1 202.19 102.27   L 202.19 92.21   A 0.73 0.73 0.0 0 1 202.92 91.48   L 224.75 91.48"/>
<path vector-effect="non-scaling-stroke" d="   M 255.93 124.21   Q 263.72 124.25 264.04 124.30   A 0.53 0.53 0.0 0 1 264.47 124.71   L 267.18 136.33   A 1.10 1.09 -6.2 0 0 268.25 137.18   L 285.38 137.18   A 0.60 0.59 -8.6 0 0 285.95 136.41   L 268.37 79.42   A 0.87 0.87 0.0 0 0 267.57 78.81   Q 263.49 78.68 256.20 78.63   Q 248.91 78.59 244.84 78.67   A 0.87 0.87 0.0 0 0 244.03 79.28   L 225.77 136.05   A 0.60 0.59 9.3 0 0 226.33 136.83   L 243.46 137.03   A 1.10 1.09 6.9 0 0 244.54 136.20   L 247.39 124.61   A 0.53 0.53 0.0 0 1 247.83 124.21   Q 248.15 124.16 255.93 124.21"/>
<path vector-effect="non-scaling-stroke" d="   M 393.50 79.45   A 0.72 0.72 0.0 0 0 392.78 78.73   L 375.86 78.73   A 0.72 0.72 0.0 0 0 375.14 79.45   L 375.14 136.27   A 0.72 0.72 0.0 0 0 375.86 136.99   L 392.78 136.99   A 0.72 0.72 0.0 0 0 393.50 136.27   L 393.50 79.45"/>
<path vector-effect="non-scaling-stroke" d="   M 403.62 136.35   A 0.68 0.68 0.0 0 0 404.30 137.03   L 445.00 137.03   A 0.68 0.68 0.0 0 0 445.68 136.35   L 445.68 124.18   A 0.68 0.68 0.0 0 0 445.00 123.50   L 422.66 123.50   A 0.68 0.68 0.0 0 1 421.98 122.82   L 421.98 79.40   A 0.68 0.68 0.0 0 0 421.30 78.72   L 404.30 78.72   A 0.68 0.68 0.0 0 0 403.62 79.40   L 403.62 136.35"/>
<path vector-effect="non-scaling-stroke" d="   M 464.83 137.04   Q 464.90 137.04 473.28 137.04   A 0.74 0.73 -0.4 0 0 474.02 136.30   Q 473.97 125.69 473.97 120.23   Q 473.96 118.31 476.07 114.03   Q 489.76 86.20 493.11 79.25   A 0.40 0.40 0.0 0 0 492.75 78.67   L 475.51 78.67   A 1.13 1.12 10.7 0 0 474.46 79.38   L 465.04 102.96   A 0.28 0.11 -74.8 0 1 464.90 103.14   Q 464.84 103.16 464.78 103.16   Q 464.72 103.16 464.66 103.14   A 0.28 0.11 74.6 0 1 464.53 102.96   L 455.04 79.41   A 1.13 1.12 -10.8 0 0 453.99 78.70   L 436.75 78.75   A 0.40 0.40 0.0 0 0 436.39 79.33   Q 439.76 86.27 453.53 114.06   Q 455.65 118.34 455.65 120.26   Q 455.66 125.72 455.64 136.33   A 0.74 0.73 0.2 0 0 456.38 137.06   Q 464.76 137.04 464.83 137.04"/>
<path vector-effect="non-scaling-stroke" d="   M 112.05 34.63   A 24.58 24.58 0.0 0 0 87.47 10.05   A 24.58 24.58 0.0 0 0 62.89 34.63   A 24.58 24.58 0.0 0 0 87.47 59.21   A 24.58 24.58 0.0 0 0 112.05 34.63"/>
<path vector-effect="non-scaling-stroke" d="   M 139.38 82.45   A 2.36 2.36 0.0 0 0 137.02 80.09   A 2.36 2.36 0.0 0 0 134.66 82.45   A 2.36 2.36 0.0 0 0 137.02 84.81   A 2.36 2.36 0.0 0 0 139.38 82.45"/>
<path vector-effect="non-scaling-stroke" d="   M 37.32 86.14   A 2.97 2.97 0.0 0 0 34.35 83.17   A 2.97 2.97 0.0 0 0 31.38 86.14   A 2.97 2.97 0.0 0 0 34.35 89.11   A 2.97 2.97 0.0 0 0 37.32 86.14"/>
<path vector-effect="non-scaling-stroke" d="   M 149.53 93.68   A 2.39 2.39 0.0 0 0 147.14 91.29   A 2.39 2.39 0.0 0 0 144.75 93.68   A 2.39 2.39 0.0 0 0 147.14 96.07   A 2.39 2.39 0.0 0 0 149.53 93.68"/>
<path vector-effect="non-scaling-stroke" d="   M 73.03 99.98   C 73.24 105.85 68.07 108.90 63.42 105.57   Q 61.53 104.21 61.22 99.91   A 0.73 0.72 -2.1 0 0 60.49 99.24   L 48.52 99.24   A 0.39 0.39 0.0 0 0 48.14 99.72   Q 50.00 108.01 55.72 114.78   C 77.28 140.27 117.26 131.76 126.93 99.78   A 0.44 0.42 8.4 0 0 126.51 99.23   L 112.13 99.23   A 0.67 0.66 -86.6 0 0 111.47 99.82   Q 111.40 100.47 111.53 105.54   C 111.74 113.71 99.96 113.92 99.80 105.08   Q 99.73 100.78 99.79 99.78   A 0.52 0.52 0.0 0 0 99.27 99.23   L 73.74 99.23   A 0.72 0.71 88.8 0 0 73.03 99.98"/>
<path vector-effect="non-scaling-stroke" d="   M 139.87 116.64   A 2.36 2.36 0.0 0 0 137.51 114.28   A 2.36 2.36 0.0 0 0 135.15 116.64   A 2.36 2.36 0.0 0 0 137.51 119.00   A 2.36 2.36 0.0 0 0 139.87 116.64"/>
<path vector-effect="non-scaling-stroke" d="   M 159.16 120.38   A 2.38 2.38 0.0 0 0 156.78 118.00   A 2.38 2.38 0.0 0 0 154.40 120.38   A 2.38 2.38 0.0 0 0 156.78 122.76   A 2.38 2.38 0.0 0 0 159.16 120.38"/>
<path vector-effect="non-scaling-stroke" d="   M 33.52 123.34   A 4.80 4.80 0.0 0 0 28.72 118.54   A 4.80 4.80 0.0 0 0 23.92 123.34   A 4.80 4.80 0.0 0 0 28.72 128.14   A 4.80 4.80 0.0 0 0 33.52 123.34"/>
<path vector-effect="non-scaling-stroke" d="   M 98.25 34.49   A 10.98 10.98 0.0 0 0 87.27 23.51   A 10.98 10.98 0.0 0 0 76.29 34.49   A 10.98 10.98 0.0 0 0 87.27 45.47   A 10.98 10.98 0.0 0 0 98.25 34.49"/>
<path vector-effect="non-scaling-stroke" d="   M 260.99 35.98   C 258.10 38.56 258.82 51.11 259.32 54.45   Q 260.56 62.64 268.48 60.94   C 275.30 59.49 273.51 42.96 272.24 39.10   C 270.77 34.64 265.86 34.27 261.96 35.44   A 2.51 2.44 15.2 0 0 260.99 35.98"/>
<path vector-effect="non-scaling-stroke" d="   M 467.99 35.00   L 468.01 44.42   A 0.42 0.42 0.0 0 0 468.43 44.84   L 473.99 44.83   A 4.29 4.24 89.9 0 0 478.22 40.53   L 478.22 38.85   A 4.29 4.24 89.9 0 0 473.97 34.57   L 468.41 34.58   A 0.42 0.42 0.0 0 0 467.99 35.00"/>
<path vector-effect="non-scaling-stroke" d="   M 249.80 112.29   A 0.33 0.33 0.0 0 0 250.11 112.71   L 261.39 112.77   A 0.33 0.33 0.0 0 0 261.71 112.36   L 256.18 91.84   A 0.33 0.33 0.0 0 0 255.54 91.84   L 249.80 112.29"/>
</g>

<path fill="#000000" d="   M 133.64 56.78   Q 140.34 54.58 145.76 51.01   Q 149.71 48.41 150.46 43.72   C 151.35 38.15 151.61 30.09 157.90 28.87   C 161.07 28.25 163.49 29.67 165.04 32.50   C 168.81 39.36 166.05 50.70 162.14 56.95   C 158.71 62.44 153.84 66.89 148.55 71.02   A 0.53 0.52 -48.7 0 0 148.60 71.89   C 150.03 72.75 152.11 74.32 153.31 75.58   Q 164.47 87.36 158.95 103.09   A 0.56 0.56 0.0 0 0 159.28 103.79   Q 167.62 107.10 170.51 114.23   C 174.54 124.18 170.27 135.81 160.06 139.82   Q 156.95 141.04 145.34 141.03   Q 35.67 140.93 29.83 141.05   Q 19.18 141.27 15.40 139.56   C 5.39 135.03 1.23 124.22 4.97 114.00   Q 7.46 107.18 15.91 103.15   A 0.70 0.70 0.0 0 0 16.30 102.49   Q 15.71 85.01 29.57 75.11   A 0.44 0.44 0.0 0 0 29.53 74.37   C 28.46 73.75 26.81 73.16 26.01 72.66   Q 8.81 61.94 3.25 42.30   A 6.15 6.07 37.8 0 1 3.02 40.57   C 3.02 35.51 1.91 32.60 6.93 29.65   C 13.48 25.80 17.07 31.19 20.15 36.72   Q 22.44 40.83 24.05 44.12   C 27.52 51.20 32.94 55.55 40.62 57.47   A 0.29 0.29 0.0 0 0 40.98 57.21   Q 42.24 44.31 51.99 35.72   Q 52.19 35.54 55.10 33.09   A 1.30 1.26 -17.6 0 0 55.56 32.23   C 58.41 2.82 95.95 -7.65 113.32 16.19   Q 118.87 23.81 119.09 35.02   A 0.99 0.98 14.5 0 0 119.59 35.86   Q 131.28 42.42 132.91 56.31   A 0.56 0.56 0.0 0 0 133.64 56.78   Z   M 112.05 34.63   A 24.58 24.58 0.0 0 0 87.47 10.05   A 24.58 24.58 0.0 0 0 62.89 34.63   A 24.58 24.58 0.0 0 0 87.47 59.21   A 24.58 24.58 0.0 0 0 112.05 34.63   Z   M 139.38 82.45   A 2.36 2.36 0.0 0 0 137.02 80.09   A 2.36 2.36 0.0 0 0 134.66 82.45   A 2.36 2.36 0.0 0 0 137.02 84.81   A 2.36 2.36 0.0 0 0 139.38 82.45   Z   M 37.32 86.14   A 2.97 2.97 0.0 0 0 34.35 83.17   A 2.97 2.97 0.0 0 0 31.38 86.14   A 2.97 2.97 0.0 0 0 34.35 89.11   A 2.97 2.97 0.0 0 0 37.32 86.14   Z   M 149.53 93.68   A 2.39 2.39 0.0 0 0 147.14 91.29   A 2.39 2.39 0.0 0 0 144.75 93.68   A 2.39 2.39 0.0 0 0 147.14 96.07   A 2.39 2.39 0.0 0 0 149.53 93.68   Z   M 73.03 99.98   C 73.24 105.85 68.07 108.90 63.42 105.57   Q 61.53 104.21 61.22 99.91   A 0.73 0.72 -2.1 0 0 60.49 99.24   L 48.52 99.24   A 0.39 0.39 0.0 0 0 48.14 99.72   Q 50.00 108.01 55.72 114.78   C 77.28 140.27 117.26 131.76 126.93 99.78   A 0.44 0.42 8.4 0 0 126.51 99.23   L 112.13 99.23   A 0.67 0.66 -86.6 0 0 111.47 99.82   Q 111.40 100.47 111.53 105.54   C 111.74 113.71 99.96 113.92 99.80 105.08   Q 99.73 100.78 99.79 99.78   A 0.52 0.52 0.0 0 0 99.27 99.23   L 73.74 99.23   A 0.72 0.71 88.8 0 0 73.03 99.98   Z   M 139.87 116.64   A 2.36 2.36 0.0 0 0 137.51 114.28   A 2.36 2.36 0.0 0 0 135.15 116.64   A 2.36 2.36 0.0 0 0 137.51 119.00   A 2.36 2.36 0.0 0 0 139.87 116.64   Z   M 159.16 120.38   A 2.38 2.38 0.0 0 0 156.78 118.00   A 2.38 2.38 0.0 0 0 154.40 120.38   A 2.38 2.38 0.0 0 0 156.78 122.76   A 2.38 2.38 0.0 0 0 159.16 120.38   Z   M 33.52 123.34   A 4.80 4.80 0.0 0 0 28.72 118.54   A 4.80 4.80 0.0 0 0 23.92 123.34   A 4.80 4.80 0.0 0 0 28.72 128.14   A 4.80 4.80 0.0 0 0 33.52 123.34   Z"/>

<circle fill="#000000" cx="87.27" cy="34.49" r="10.98"/>
<path fill="#000000" d="   M 282.19 31.16   C 288.30 37.07 288.73 48.21 286.77 55.77   C 284.47 64.64 277.90 68.94 269.02 69.78   C 262.44 70.40 254.53 69.47 249.68 64.79   C 244.83 60.10 243.64 52.23 244.04 45.62   C 244.58 36.72 248.66 30.01 257.44 27.41   C 264.94 25.20 276.08 25.26 282.19 31.16   Z   M 260.99 35.98   C 258.10 38.56 258.82 51.11 259.32 54.45   Q 260.56 62.64 268.48 60.94   C 275.30 59.49 273.51 42.96 272.24 39.10   C 270.77 34.64 265.86 34.27 261.96 35.44   A 2.51 2.44 15.2 0 0 260.99 35.98   Z"/>
<path fill="#000000" d="   M 371.24 27.79   A 0.53 0.53 0.0 0 1 371.63 28.40   L 370.05 36.62   A 0.37 0.37 0.0 0 1 369.66 36.92   L 355.55 35.82   A 1.31 1.30 -78.7 0 0 354.21 36.72   Q 353.25 39.67 356.59 40.93   C 365.39 44.24 375.55 46.18 373.82 58.29   C 371.66 73.38 351.17 70.29 341.17 68.19   A 0.65 0.65 0.0 0 1 340.67 67.43   L 342.15 59.70   A 0.60 0.59 7.6 0 1 342.78 59.22   L 358.76 60.47   A 1.95 1.93 -75.2 0 0 360.66 59.35   Q 361.97 56.57 358.76 55.22   Q 358.72 55.21 349.38 51.69   C 339.73 48.07 339.31 36.47 344.97 29.32   A 2.79 2.72 -81.0 0 1 346.11 28.47   C 353.79 25.41 363.31 25.85 371.24 27.79   Z"/>
<path fill="#000000" d="   M 483.32 49.26   A 0.32 0.31 -56.8 0 0 483.44 49.85   Q 488.22 50.30 489.56 54.94   Q 492.01 63.46 493.21 68.82   A 0.34 0.34 0.0 0 1 492.88 69.24   L 479.70 69.24   A 0.84 0.83 -5.9 0 1 478.88 68.58   L 476.00 54.87   A 2.07 2.06 84.0 0 0 473.98 53.23   L 468.62 53.23   A 0.62 0.62 0.0 0 0 468.00 53.85   L 468.00 68.69   A 0.55 0.55 0.0 0 1 467.45 69.24   L 455.11 69.24   A 0.61 0.61 0.0 0 1 454.50 68.63   L 454.50 27.44   A 0.63 0.63 0.0 0 1 455.08 26.81   Q 466.05 25.94 476.42 26.35   C 485.29 26.70 492.33 30.06 491.61 40.35   C 491.30 44.73 489.20 47.62 485.21 48.63   Q 483.82 48.99 483.32 49.26   Z   M 467.99 35.00   L 468.01 44.42   A 0.42 0.42 0.0 0 0 468.43 44.84   L 473.99 44.83   A 4.29 4.24 89.9 0 0 478.22 40.53   L 478.22 38.85   A 4.29 4.24 89.9 0 0 473.97 34.57   L 468.41 34.58   A 0.42 0.42 0.0 0 0 467.99 35.00   Z"/>
<path fill="#000000" d="   M 211.72 49.11   Q 211.91 49.11 216.23 26.85   A 0.44 0.43 -84.7 0 1 216.66 26.49   L 237.66 26.49   A 0.31 0.31 0.0 0 1 237.97 26.79   L 239.65 68.66   A 0.55 0.55 0.0 0 1 239.10 69.24   L 227.67 69.24   A 0.58 0.58 0.0 0 1 227.09 68.68   L 225.75 35.38   A 0.20 0.20 0.0 0 0 225.35 35.35   L 218.04 68.62   A 0.76 0.75 5.0 0 1 217.31 69.22   Q 216.44 69.25 211.72 69.25   Q 207.00 69.25 206.13 69.23   A 0.76 0.75 -5.1 0 1 205.40 68.62   L 198.08 35.36   A 0.20 0.20 0.0 0 0 197.68 35.39   L 196.35 68.69   A 0.58 0.58 0.0 0 1 195.77 69.25   L 184.34 69.25   A 0.55 0.55 0.0 0 1 183.79 68.67   L 185.45 26.80   A 0.31 0.31 0.0 0 1 185.76 26.50   L 206.76 26.49   A 0.44 0.43 84.7 0 1 207.19 26.85   Q 211.53 49.11 211.72 49.11   Z"/>
<path fill="#000000" d="   M 309.53 50.73   Q 307.22 47.14 306.61 46.20   A 0.19 0.19 0.0 0 0 306.26 46.31   L 306.26 68.64   A 0.60 0.60 0.0 0 1 305.66 69.24   L 294.37 69.24   A 0.61 0.61 0.0 0 1 293.76 68.63   L 293.76 27.10   A 0.61 0.60 -0.0 0 1 294.37 26.50   L 305.74 26.50   A 1.18 1.17 71.9 0 1 306.69 26.98   Q 308.76 29.86 318.50 44.99   Q 320.81 48.59 321.42 49.53   A 0.19 0.19 0.0 0 0 321.77 49.42   L 321.77 27.09   A 0.60 0.60 0.0 0 1 322.37 26.49   L 333.66 26.49   A 0.61 0.61 0.0 0 1 334.27 27.10   L 334.27 68.63   A 0.61 0.60 -0.0 0 1 333.66 69.23   L 322.29 69.23   A 1.18 1.17 71.9 0 1 321.34 68.74   Q 319.27 65.86 309.53 50.73   Z"/>
<path fill="#000000" d="   M 394.99 26.51   Q 404.17 26.50 413.30 26.51   A 0.45 0.45 0.0 0 1 413.75 26.96   L 413.75 35.31   A 0.45 0.45 0.0 0 1 413.30 35.76   L 402.31 35.76   A 0.57 0.56 -0.0 0 0 401.74 36.32   L 401.74 68.86   A 0.33 0.33 0.0 0 1 401.44 69.19   Q 401.01 69.24 394.99 69.24   Q 388.98 69.24 388.54 69.19   A 0.33 0.33 0.0 0 1 388.24 68.86   L 388.25 36.32   A 0.57 0.56 0.0 0 0 387.68 35.76   L 376.69 35.76   A 0.45 0.45 0.0 0 1 376.24 35.31   L 376.24 26.96   A 0.45 0.45 0.0 0 1 376.69 26.51   Q 385.82 26.50 394.99 26.51   Z"/>
<path fill="#000000" d="   M 431.25 51.62   L 431.25 59.62   A 0.38 0.38 0.0 0 0 431.63 60.00   L 448.37 60.00   A 0.38 0.38 0.0 0 1 448.75 60.38   L 448.75 68.86   A 0.38 0.38 0.0 0 1 448.37 69.24   L 418.13 69.24   A 0.38 0.38 0.0 0 1 417.75 68.86   L 417.75 26.89   A 0.38 0.38 0.0 0 1 418.13 26.51   L 448.37 26.51   A 0.38 0.38 0.0 0 1 448.75 26.89   L 448.75 35.12   A 0.38 0.38 0.0 0 1 448.37 35.50   L 431.62 35.50   A 0.38 0.38 0.0 0 0 431.24 35.88   L 431.24 42.86   A 0.38 0.38 0.0 0 0 431.62 43.24   L 445.62 43.24   A 0.38 0.38 0.0 0 1 446.00 43.62   L 446.00 50.86   A 0.38 0.38 0.0 0 1 445.62 51.24   L 431.63 51.24   A 0.38 0.38 0.0 0 0 431.25 51.62   Z"/>


<path fill="#fa5a00" d="   M 309.58 91.27   A 0.31 0.31 0.0 0 0 308.96 91.32   L 307.07 136.30   A 0.78 0.78 0.0 0 1 306.29 137.05   L 290.50 137.05   A 0.53 0.53 0.0 0 1 289.97 136.50   L 292.38 79.32   A 0.63 0.62 1.4 0 1 293.01 78.73   L 320.78 78.73   A 0.74 0.72 -5.8 0 1 321.50 79.30   L 327.69 108.71   A 0.29 0.29 0.0 0 0 328.26 108.71   L 333.91 79.26   A 0.74 0.73 -84.2 0 1 334.63 78.67   L 363.03 78.67   A 0.77 0.77 0.0 0 1 363.80 79.41   L 366.09 136.26   A 0.74 0.74 0.0 0 1 365.35 137.03   L 349.86 137.03   A 0.94 0.94 0.0 0 1 348.92 136.13   Q 347.37 97.26 347.29 95.75   Q 347.08 92.15 346.67 91.32   A 0.22 0.22 0.0 0 0 346.26 91.37   L 336.46 136.04   A 1.24 1.23 -83.5 0 1 335.26 137.00   L 319.96 137.00   A 0.93 0.92 -5.7 0 1 319.05 136.26   L 309.58 91.27   Z"/>
<path fill="#fa5a00" d="   M 224.75 91.48   L 202.92 91.48   A 0.73 0.73 0.0 0 0 202.19 92.21   L 202.19 102.27   A 0.73 0.73 0.0 0 0 202.92 103.00   L 220.68 103.00   A 0.73 0.73 0.0 0 1 221.41 103.73   L 221.41 113.29   A 0.73 0.73 0.0 0 1 220.68 114.02   L 202.89 114.02   A 0.73 0.73 0.0 0 0 202.16 114.75   L 202.16 136.34   A 0.73 0.73 0.0 0 1 201.43 137.07   L 184.45 137.07   A 0.73 0.73 0.0 0 1 183.72 136.34   L 183.72 79.43   A 0.73 0.73 0.0 0 1 184.45 78.70   L 224.75 78.70   A 0.73 0.73 0.0 0 1 225.48 79.43   L 225.48 90.75   A 0.73 0.73 0.0 0 1 224.75 91.48   Z"/>
<path fill="#fa5a00" d="   M 256.20 78.63   Q 263.49 78.68 267.57 78.81   A 0.87 0.87 0.0 0 1 268.37 79.42   L 285.95 136.41   A 0.60 0.59 -8.6 0 1 285.38 137.18   L 268.25 137.18   A 1.10 1.09 -6.2 0 1 267.18 136.33   L 264.47 124.71   A 0.53 0.53 0.0 0 0 264.04 124.30   Q 263.72 124.25 255.93 124.21   Q 248.15 124.16 247.83 124.21   A 0.53 0.53 0.0 0 0 247.39 124.61   L 244.54 136.20   A 1.10 1.09 6.9 0 1 243.46 137.03   L 226.33 136.83   A 0.60 0.59 9.3 0 1 225.77 136.05   L 244.03 79.28   A 0.87 0.87 0.0 0 1 244.84 78.67   Q 248.91 78.59 256.20 78.63   Z   M 249.80 112.29   A 0.33 0.33 0.0 0 0 250.11 112.71   L 261.39 112.77   A 0.33 0.33 0.0 0 0 261.71 112.36   L 256.18 91.84   A 0.33 0.33 0.0 0 0 255.54 91.84   L 249.80 112.29   Z"/>
<rect fill="#fa5a00" x="375.14" y="78.73" width="18.36" height="579.81" rx="0.72"/>
<path fill="#fa5a00" d="   M 403.62 136.35   L 403.62 79.40   A 0.68 0.68 0.0 0 1 404.30 78.72   L 421.30 78.72   A 0.68 0.68 0.0 0 1 421.98 79.40   L 421.98 122.82   A 0.68 0.68 0.0 0 0 422.66 123.50   L 445.00 123.50   A 0.68 0.68 0.0 0 1 445.68 124.18   L 445.68 136.35   A 0.68 0.68 0.0 0 1 445.00 137.03   L 404.30 137.03   A 0.68 0.68 0.0 0 1 403.62 136.35   Z"/>
<path fill="#fa5a00" d="   M 464.78 103.16   Q 464.84 103.16 464.90 103.14   A 0.28 0.11 -74.8 0 0 465.04 102.96   L 474.46 79.38   A 1.13 1.12 10.7 0 1 475.51 78.67   L 492.75 78.67   A 0.40 0.40 0.0 0 1 493.11 79.25   Q 489.76 86.20 476.07 114.03   Q 473.96 118.31 473.97 120.23   Q 473.97 125.69 474.02 136.30   A 0.74 0.73 -0.4 0 1 473.28 137.04   Q 464.90 137.04 464.83 137.04   Q 464.76 137.04 456.38 137.06   A 0.74 0.73 0.2 0 1 455.64 136.33   Q 455.66 125.72 455.65 120.26   Q 455.65 118.34 453.53 114.06   Q 439.76 86.27 436.39 79.33   A 0.40 0.40 0.0 0 1 436.75 78.75   L 453.99 78.70   A 1.13 1.12 -10.8 0 1 455.04 79.41   L 464.53 102.96   A 0.28 0.11 74.6 0 0 464.66 103.14   Q 464.72 103.16 464.78 103.16   Z"/>








</svg>