<svg xmlns="http://www.w3.org/2000/svg" 
                      viewBox="0 0 993.9499999999999 1003.52" 
                      width="993.9499999999999" 
                      height="1003.52"
                      preserveAspectRatio="none"
                      data-content-extracted="true"
                      data-overflow="horizontal:4,vertical:4"
                      data-original-bounds="-90.8,-90.8,899.15,908.72">
                        <g transform="translate(92.8, 92.8)">
                          
<g stroke-width="2.00" fill="none" stroke-linecap="butt">
<path vector-effect="non-scaling-stroke" d="   M 811.68 128.70   C 797.08 95.92 762.78 76.96 727.26 82.08   C 705.95 85.15 687.59 96.02 674.49 112.75   C 664.27 125.81 658.62 138.40 650.29 155.21   A 0.61 0.61 0.0 0 1 649.39 155.43   Q 621.94 135.40 589.49 123.52   A 0.57 0.57 0.0 0 1 589.22 122.67   Q 595.33 113.57 599.66 105.90   Q 612.81 82.61 624.54 61.80   C 631.32 49.78 641.38 25.68 630.30 13.44   Q 625.59 8.23 619.93 7.42   Q 605.32 5.30 591.88 12.62   C 566.90 26.21 553.79 53.35 558.55 81.48   C 561.48 98.82 563.62 107.50 563.71 116.20   A 0.42 0.42 0.0 0 1 563.21 116.61   Q 520.41 107.81 477.49 116.70   A 0.36 0.36 0.0 0 1 477.06 116.35   C 477.11 104.65 480.03 91.51 481.59 81.68   C 483.38 70.43 483.66 62.89 480.90 53.36   Q 472.61 24.80 446.03 11.44   Q 434.88 5.84 422.75 7.07   Q 409.99 8.38 405.89 20.16   C 401.83 31.82 408.70 49.93 414.67 60.36   Q 428.72 84.89 442.67 109.81   Q 446.23 116.15 450.81 122.73   A 0.56 0.55 63.4 0 1 450.54 123.57   Q 417.72 134.62 390.53 155.30   A 0.63 0.62 57.9 0 1 389.60 155.08   C 381.00 137.88 373.51 120.97 360.79 107.38   Q 342.16 87.47 316.18 82.64   C 279.65 75.84 243.30 94.61 228.22 128.59   A 0.22 0.21 -11.9 0 0 228.58 128.82   C 238.41 118.32 247.06 108.72 262.24 108.95   A 0.55 0.55 0.0 0 1 262.75 109.67   Q 254.18 135.64 264.82 160.71   Q 271.10 175.52 282.70 185.07   C 298.53 198.10 318.84 204.72 338.81 209.17   A 0.45 0.45 0.0 0 1 339.09 209.86   Q 308.59 256.97 304.11 312.90   A 1.20 1.20 0.0 0 1 303.56 313.81   C 267.52 336.35 247.83 376.82 248.82 419.00   C 249.44 445.18 256.79 470.61 269.38 493.43   A 0.41 0.40 -21.6 0 1 269.12 494.02   C 262.33 495.75 255.78 501.85 255.98 509.35   A 3.24 2.49 5.7 0 0 258.66 511.87   C 263.02 512.63 263.75 506.26 265.51 504.08   Q 267.60 501.49 270.93 500.12   A 0.22 0.21 -87.2 0 1 271.20 500.42   C 268.20 506.11 266.66 515.64 270.83 521.20   Q 271.74 522.42 272.29 522.47   A 3.31 3.17 -76.3 0 0 275.56 520.39   Q 277.20 516.25 277.18 510.79   Q 277.17 508.43 277.32 507.44   A 0.29 0.29 0.0 0 1 277.84 507.32   Q 279.69 509.90 283.52 513.11   A 8.54 7.87 2.9 0 1 284.64 514.25   Q 286.54 516.64 287.91 518.37   A 2.02 1.87 55.1 0 0 290.42 518.92   Q 290.96 518.61 291.44 517.67   A 2.19 2.15 61.9 0 0 291.68 516.86   C 292.26 511.25 288.66 504.88 285.43 500.45   A 0.42 0.42 0.0 0 1 285.77 499.78   Q 292.11 499.92 295.47 501.76   Q 299.51 503.98 301.72 504.73   C 306.17 506.24 306.90 501.77 305.40 498.88   Q 301.57 491.47 294.22 488.13   Q 286.60 484.68 278.71 487.00   A 0.44 0.43 76.3 0 1 278.16 486.66   C 270.62 444.73 274.31 401.43 306.56 370.39   A 0.33 0.33 0.0 0 1 307.11 370.57   Q 315.29 414.39 339.99 451.25   Q 371.21 497.84 421.06 523.47   A 1.13 1.12 -81.1 0 1 421.66 524.30   Q 424.59 544.01 432.04 564.72   Q 433.38 568.44 433.18 573.02   C 432.88 580.24 425.73 586.24 419.32 588.32   C 414.50 589.88 408.93 589.90 402.75 590.45   Q 389.47 591.62 378.89 596.92   C 370.80 600.98 364.78 609.58 360.88 617.43   A 0.44 0.44 0.0 0 0 361.27 618.07   Q 400.91 618.10 437.92 618.07   C 443.51 618.07 449.14 618.49 452.87 617.28   Q 463.29 613.89 467.15 603.89   Q 468.45 600.53 468.57 589.23   Q 468.81 567.77 472.16 543.18   A 0.37 0.36 9.5 0 1 472.60 542.87   C 479.21 544.27 486.24 545.62 493.21 546.29   Q 530.53 549.92 567.11 542.84   A 0.62 0.61 80.3 0 1 567.84 543.36   Q 571.23 568.43 571.53 592.92   Q 571.62 600.07 572.74 603.45   C 574.93 609.99 579.73 614.78 586.24 617.13   Q 588.91 618.09 595.37 618.09   Q 664.42 618.07 678.72 618.08   A 0.38 0.38 0.0 0 0 679.06 617.52   C 674.55 609.18 668.83 600.59 660.50 596.65   C 651.21 592.26 642.60 590.79 631.51 589.98   C 622.33 589.31 617.10 588.07 610.79 581.58   C 605.41 576.04 606.15 569.01 608.67 562.66   Q 615.80 544.74 618.15 524.84   A 2.13 2.10 -10.7 0 1 619.27 523.22   Q 646.58 509.09 669.05 487.55   Q 719.38 439.32 732.95 370.62   A 0.40 0.39 -61.4 0 1 733.62 370.42   Q 757.43 395.00 762.62 429.40   Q 766.76 456.87 761.69 486.83   A 0.45 0.45 0.0 0 1 761.13 487.19   C 750.76 484.35 739.13 489.11 734.50 498.98   C 733.74 500.59 733.30 504.42 735.75 504.89   C 738.41 505.41 741.27 503.34 744.83 501.43   Q 747.71 499.88 754.25 499.75   A 0.38 0.37 16.7 0 1 754.57 500.34   C 752.47 503.34 744.41 516.17 750.05 518.61   C 751.95 519.43 753.86 516.04 754.90 514.47   A 1.65 1.13 -16.0 0 1 755.09 514.24   L 762.34 507.07   A 0.23 0.23 0.0 0 1 762.73 507.24   C 762.62 510.55 762.65 519.63 765.32 521.54   Q 768.21 523.62 769.95 520.57   C 773.23 514.82 771.97 507.30 768.81 501.46   A 0.25 0.24 88.6 0 1 769.13 501.12   C 773.49 503.18 774.94 505.38 777.01 510.33   C 778.73 514.43 784.76 513.49 783.98 508.45   Q 782.31 497.61 770.90 494.89   A 0.42 0.41 21.2 0 1 770.63 494.29   Q 780.36 476.75 786.08 455.64   Q 795.85 419.60 786.82 384.33   Q 775.74 341.11 737.32 315.52   A 0.81 0.80 -76.9 0 1 736.98 314.97   Q 735.96 307.72 735.43 303.50   Q 729.19 253.63 701.90 211.91   A 0.62 0.61 67.2 0 1 702.28 210.97   Q 721.51 206.70 737.74 199.53   C 753.69 192.49 767.31 180.95 774.63 164.41   Q 786.28 138.08 778.27 111.74   A 0.68 0.68 0.0 0 1 778.73 110.89   Q 780.20 110.45 782.34 110.52   C 794.81 110.95 803.54 119.86 811.31 128.93   A 0.22 0.22 0.0 0 0 811.68 128.70"/>
<path vector-effect="non-scaling-stroke" d="   M 100.61 799.43   C 105.83 799.43 110.32 796.65 112.88 792.17   Q 128.85 764.24 162.32 705.53   A 0.25 0.25 0.0 0 1 162.79 705.65   L 162.79 796.70   A 0.56 0.56 0.0 0 0 163.35 797.26   L 190.74 797.26   A 0.41 0.41 0.0 0 0 191.15 796.85   Q 191.11 749.07 191.12 655.25   Q 191.12 647.22 186.23 643.13   Q 180.85 638.63 173.96 639.84   Q 168.02 640.88 164.05 647.77   Q 132.21 703.06 100.84 757.56   Q 100.74 757.74 100.61 757.74   Q 100.47 757.74 100.37 757.56   Q 68.98 703.07 37.12 647.79   Q 33.15 640.91 27.21 639.87   Q 20.32 638.66 14.94 643.16   Q 10.05 647.26 10.05 655.29   Q 10.10 749.11 10.08 796.89   A 0.41 0.41 0.0 0 0 10.49 797.29   L 37.88 797.28   A 0.56 0.56 0.0 0 0 38.44 796.72   L 38.40 705.67   A 0.25 0.25 0.0 0 1 38.87 705.55   Q 72.37 764.25 88.35 792.17   C 90.91 796.65 95.40 799.43 100.61 799.43"/>
<path vector-effect="non-scaling-stroke" d="   M 649.53 707.84   A 0.43 0.43 0.0 0 0 649.96 708.27   L 685.81 708.27   A 0.43 0.43 0.0 0 1 686.24 708.70   L 686.24 796.84   A 0.43 0.43 0.0 0 0 686.67 797.27   L 714.33 797.27   A 0.43 0.43 0.0 0 0 714.76 796.84   L 714.76 708.71   A 0.43 0.43 0.0 0 1 715.19 708.28   L 763.59 708.28   A 0.43 0.43 0.0 0 0 764.02 707.85   L 764.02 680.43   A 0.43 0.43 0.0 0 0 763.59 680.00   L 715.19 680.00   A 0.43 0.43 0.0 0 1 714.76 679.57   L 714.76 642.17   A 0.43 0.43 0.0 0 0 714.33 641.74   L 686.67 641.74   A 0.43 0.43 0.0 0 0 686.24 642.17   L 686.24 679.57   A 0.43 0.43 0.0 0 1 685.81 680.00   L 649.96 680.00   A 0.43 0.43 0.0 0 0 649.53 680.43   L 649.53 707.84"/>
<path vector-effect="non-scaling-stroke" d="   M 347.5353 718.4433   A 38.30 38.30 0.0 0 0 309.3022 680.0765   L 256.0623 679.9836   A 38.30 38.30 0.0 0 0 217.6955 718.2167   L 217.6247 758.7967   A 38.30 38.30 0.0 0 0 255.8578 797.1635   L 309.0977 797.2564   A 38.30 38.30 0.0 0 0 347.4645 759.0233   L 347.5353 718.4433"/>
<path vector-effect="non-scaling-stroke" d="   M 399.80 796.90   L 399.80 708.63   A 0.35 0.35 0.0 0 1 400.14 708.28   Q 444.95 708.25 448.50 708.32   C 456.73 708.50 463.38 710.56 468.44 717.32   Q 473.19 723.67 473.24 732.25   Q 473.33 748.48 473.27 796.93   A 0.34 0.33 -90.0 0 0 473.60 797.27   L 501.15 797.27   A 0.36 0.35 90.0 0 0 501.50 796.91   Q 501.58 739.19 501.44 732.00   C 501.09 712.86 493.79 697.27 476.97 687.53   Q 464.01 680.02 448.49 680.02   Q 414.26 680.00 389.90 679.98   C 381.63 679.97 376.93 680.88 372.98 687.55   Q 371.40 690.21 371.51 700.22   Q 371.60 707.96 371.55 796.69   A 0.58 0.58 0.0 0 0 372.13 797.27   L 399.43 797.27   A 0.37 0.37 0.0 0 0 399.80 796.90"/>
<path vector-effect="non-scaling-stroke" d="   M 625.61 707.96   L 625.61 680.60   A 0.58 0.58 0.0 0 0 625.03 680.02   Q 596.76 679.93 557.02 680.05   C 533.65 680.12 517.75 698.99 523.38 722.01   Q 526.39 734.37 537.60 741.31   C 543.45 744.93 549.17 746.22 556.01 746.22   Q 593.41 746.21 600.86 746.34   C 608.68 746.48 611.78 752.30 611.32 759.36   C 610.90 765.67 606.09 768.94 599.98 768.96   Q 576.97 769.03 523.95 768.99   A 0.36 0.36 0.0 0 0 523.59 769.35   L 523.59 796.62   A 0.63 0.63 0.0 0 0 524.22 797.25   Q 590.45 797.32 599.24 797.22   C 614.20 797.04 628.43 790.30 635.14 776.99   C 642.45 762.50 640.36 744.70 630.45 731.79   C 622.88 721.94 611.47 718.24 599.01 718.23   Q 554.96 718.20 554.85 718.20   A 4.26 4.25 -2.6 0 1 550.38 714.12   L 550.32 713.29   A 4.67 4.67 0.0 0 1 554.98 708.29   L 625.29 708.29   A 0.33 0.32 -90.0 0 0 625.61 707.96"/>
<path vector-effect="non-scaling-stroke" d="   M 868.71 770.25   Q 844.91 770.23 818.24 770.27   Q 811.51 770.28 808.09 764.92   Q 806.31 762.12 806.50 754.42   Q 806.56 752.19 806.50 725.66   C 806.49 717.82 806.06 711.70 812.41 708.11   Q 814.98 706.66 826.31 706.71   Q 860.41 706.85 865.11 706.75   Q 871.76 706.60 874.27 707.65   C 881.66 710.74 883.34 719.29 879.36 725.73   Q 876.22 730.80 868.97 730.93   Q 861.78 731.05 818.93 730.98   A 0.41 0.41 0.0 0 0 818.52 731.39   L 818.52 757.35   A 0.38 0.37 90.0 0 0 818.89 757.73   Q 853.00 757.83 870.74 757.68   Q 881.15 757.59 888.91 752.82   Q 908.72 740.67 908.10 716.29   C 907.58 695.78 890.66 680.30 870.24 680.08   Q 858.31 679.96 819.48 679.98   Q 805.62 679.99 796.39 686.46   C 785.95 693.78 779.97 705.91 779.78 718.27   Q 779.54 732.94 779.76 760.01   Q 779.89 775.24 790.70 785.99   C 799.00 794.25 809.38 797.24 821.00 797.26   Q 840.28 797.30 869.01 797.25   A 0.40 0.39 90.0 0 0 869.40 796.85   L 869.40 770.94   A 0.69 0.69 0.0 0 0 868.71 770.25"/>
<path vector-effect="non-scaling-stroke" d="   M 926.92 797.27   L 954.15 797.27   A 0.63 0.63 0.0 0 0 954.78 796.64   Q 954.75 791.51 954.77 719.27   C 954.77 711.34 959.68 708.29 967.00 708.29   Q 983.82 708.29 1029.38 708.28   A 0.49 0.49 0.0 0 0 1029.87 707.79   L 1029.87 680.49   A 0.49 0.49 0.0 0 0 1029.38 680.00   Q 972.69 680.00 972.36 680.00   C 963.09 679.86 955.35 680.79 948.48 684.00   C 933.04 691.18 926.60 704.33 926.59 721.25   Q 926.57 754.07 926.61 796.96   A 0.31 0.31 0.0 0 0 926.92 797.27"/>
<path vector-effect="non-scaling-stroke" d="   M 428.83 870.61   C 428.86 885.01 436.27 899.34 452.62 899.29   C 468.97 899.25 476.30 884.89 476.26 870.48   C 476.22 856.08 468.82 841.75 452.47 841.80   C 436.12 841.84 428.79 856.20 428.83 870.61"/>
<path vector-effect="non-scaling-stroke" d="   M 545.24 868.24   A 0.40 0.39 -82.3 0 0 544.86 868.53   Q 542.65 876.92 537.56 884.31   A 0.52 0.52 0.0 0 1 536.82 884.42   Q 529.60 878.73 523.37 869.68   A 0.62 0.61 56.0 0 1 523.53 868.82   C 529.83 864.65 536.33 859.17 535.50 851.13   C 534.66 842.93 526.25 839.92 519.56 842.81   C 509.14 847.32 511.20 859.15 515.25 867.41   A 0.70 0.70 0.0 0 1 515.01 868.29   C 508.35 872.69 502.62 879.42 505.12 888.09   Q 507.86 897.54 518.43 899.06   Q 528.59 900.52 536.99 893.34   A 0.77 0.76 41.4 0 1 537.92 893.29   Q 543.25 896.99 549.48 899.15   A 0.84 0.84 0.0 0 0 550.55 898.61   L 551.79 894.70   A 0.62 0.62 0.0 0 0 551.51 893.97   L 542.23 888.61   A 0.58 0.57 33.0 0 1 542.05 887.78   Q 548.35 878.95 551.29 868.52   A 0.22 0.22 0.0 0 0 551.08 868.24   L 545.24 868.24"/>
<path vector-effect="non-scaling-stroke" d="   M 826.34 870.57   C 826.36 884.97 833.75 899.31 850.10 899.29   C 866.45 899.27 873.80 884.91 873.78 870.51   C 873.76 856.10 866.38 841.76 850.02 841.79   C 833.67 841.81 826.32 856.17 826.34 870.57"/>
<path vector-effect="non-scaling-stroke" d="   M 188.89 881.50   Q 197.44 881.51 198.53 881.52   A 0.39 0.39 0.0 0 1 198.90 881.79   L 204.40 898.15   A 0.21 0.21 0.0 0 0 204.60 898.29   L 211.37 898.29   A 0.16 0.16 0.0 0 0 211.52 898.08   L 193.14 843.44   A 0.88 0.87 82.1 0 0 192.36 842.84   Q 190.67 842.74 188.95 842.74   Q 187.23 842.74 185.54 842.83   A 0.88 0.87 -81.9 0 0 184.75 843.43   L 166.22 898.01   A 0.16 0.16 0.0 0 0 166.37 898.23   L 173.14 898.24   A 0.21 0.21 0.0 0 0 173.34 898.11   L 178.88 881.76   A 0.39 0.39 0.0 0 1 179.26 881.49   Q 180.34 881.48 188.89 881.50"/>
<path vector-effect="non-scaling-stroke" d="   M 259.28 899.29   C 272.09 899.26 277.65 891.60 278.97 879.63   Q 279.13 878.25 279.09 868.85   Q 279.07 861.02 279.03 843.14   A 0.43 0.43 0.0 0 0 278.60 842.71   L 272.57 842.71   A 0.44 0.43 -0.6 0 0 272.13 843.15   Q 272.21 873.43 272.22 874.00   C 272.42 882.81 270.56 893.15 259.26 893.17   C 247.96 893.20 246.06 882.87 246.22 874.06   Q 246.22 873.49 246.17 843.21   A 0.44 0.43 0.4 0 0 245.72 842.77   L 239.69 842.80   A 0.43 0.43 0.0 0 0 239.27 843.23   Q 239.31 861.11 239.32 868.94   Q 239.33 878.34 239.49 879.72   C 240.87 891.68 246.46 899.32 259.28 899.29"/>
<path vector-effect="non-scaling-stroke" d="   M 315.29 843.23   L 315.19 897.73   A 0.57 0.57 0.0 0 0 315.76 898.31   L 330.90 898.33   A 24.76 24.45 -89.9 0 0 355.39 873.62   L 355.41 867.50   A 24.76 24.45 -89.9 0 0 331.00 842.69   L 315.86 842.67   A 0.57 0.57 0.0 0 0 315.29 843.23"/>
<path vector-effect="non-scaling-stroke" d="   M 395.51 843.21   A 0.47 0.47 0.0 0 0 395.04 842.74   L 388.96 842.74   A 0.47 0.47 0.0 0 0 388.49 843.21   L 388.49 897.77   A 0.47 0.47 0.0 0 0 388.96 898.24   L 395.04 898.24   A 0.47 0.47 0.0 0 0 395.51 897.77   L 395.51 843.21"/>
<path vector-effect="non-scaling-stroke" d="   M 596.53 898.27   Q 599.98 898.26 600.20 898.22   A 0.91 0.89 2.8 0 0 600.87 897.62   L 618.24 842.96   A 0.18 0.18 0.0 0 0 618.07 842.73   L 611.19 842.73   A 0.33 0.33 0.0 0 0 610.87 842.97   Q 603.88 866.40 597.06 890.09   Q 596.82 890.90 596.53 890.90   Q 596.23 890.90 596.00 890.09   Q 589.12 866.42 582.08 843.00   A 0.33 0.33 0.0 0 0 581.76 842.76   L 574.88 842.78   A 0.18 0.18 0.0 0 0 574.71 843.01   L 592.20 897.63   A 0.91 0.89 -3.0 0 0 592.87 898.23   Q 593.09 898.27 596.53 898.27"/>
<path vector-effect="non-scaling-stroke" d="   M 654.00 843.08   A 0.34 0.34 0.0 0 0 653.66 842.74   L 647.34 842.74   A 0.34 0.34 0.0 0 0 647.00 843.08   L 647.00 897.94   A 0.34 0.34 0.0 0 0 647.34 898.28   L 653.66 898.28   A 0.34 0.34 0.0 0 0 654.00 897.94   L 654.00 843.08"/>
<path vector-effect="non-scaling-stroke" d="   M 690.50 843.17   L 690.50 897.85   A 0.43 0.43 0.0 0 0 690.93 898.28   L 706.15 898.28   A 24.37 24.31 -90.0 0 0 730.46 873.91   L 730.46 867.11   A 24.37 24.31 90.0 0 0 706.15 842.74   L 690.93 842.74   A 0.43 0.43 0.0 0 0 690.50 843.17"/>
<path vector-effect="non-scaling-stroke" d="   M 791.76 866.67   A 0.44 0.44 0.0 0 0 791.32 866.23   L 771.21 866.23   A 0.44 0.44 0.0 0 1 770.77 865.79   L 770.77 849.20   A 0.44 0.44 0.0 0 1 771.21 848.76   L 795.37 848.76   A 0.44 0.44 0.0 0 0 795.81 848.32   L 795.81 843.19   A 0.44 0.44 0.0 0 0 795.37 842.75   L 764.18 842.75   A 0.44 0.44 0.0 0 0 763.74 843.19   L 763.74 897.83   A 0.44 0.44 0.0 0 0 764.18 898.27   L 796.07 898.27   A 0.44 0.44 0.0 0 0 796.51 897.83   L 796.51 892.68   A 0.44 0.44 0.0 0 0 796.07 892.24   L 771.21 892.24   A 0.44 0.44 0.0 0 1 770.77 891.80   L 770.77 872.71   A 0.44 0.44 0.0 0 1 771.21 872.27   L 791.32 872.27   A 0.44 0.44 0.0 0 0 791.76 871.83   L 791.76 866.67"/>
<path vector-effect="non-scaling-stroke" d="   M 457.6534 189.3403   A 50.59 48.65 -90.2 0 0 409.1803 240.0998   A 50.59 48.65 -90.2 0 0 458.0066 290.5197   A 50.59 48.65 -90.2 0 0 506.4797 239.7602   A 50.59 48.65 -90.2 0 0 457.6534 189.3403"/>
<path vector-effect="non-scaling-stroke" d="   M 581.3339 189.3849   A 50.57 48.65 -90.8 0 0 533.3947 240.6293   A 50.57 48.65 -90.8 0 0 582.7461 290.5151   A 50.57 48.65 -90.8 0 0 630.6853 239.2707   A 50.57 48.65 -90.8 0 0 581.3339 189.3849"/>
<path vector-effect="non-scaling-stroke" d="   M 397.40 319.37   C 406.36 336.19 420.78 347.73 437.28 357.24   A 0.52 0.52 0.0 0 1 437.44 358.00   C 433.77 363.06 425.16 376.22 427.63 382.12   C 431.71 391.84 440.23 395.94 450.56 397.88   C 454.72 398.66 459.26 397.82 463.14 396.36   C 469.81 393.86 472.56 378.42 473.99 371.33   A 0.65 0.65 0.0 0 1 474.77 370.83   Q 494.08 375.44 512.87 375.47   A 0.41 0.40 5.3 0 1 513.27 375.94   C 512.24 381.65 509.48 393.62 513.39 397.62   Q 516.58 400.89 520.08 402.65   Q 537.43 411.39 556.81 405.78   Q 564.49 403.55 569.82 397.37   Q 573.44 393.18 571.83 388.46   Q 568.78 379.50 562.32 370.45   A 0.40 0.39 -27.0 0 1 562.52 369.85   L 578.65 364.42   A 0.67 0.67 0.0 0 1 579.47 364.79   Q 581.86 370.46 586.17 377.92   C 589.55 383.77 593.44 388.94 600.77 388.66   C 611.89 388.24 622.86 380.85 627.56 370.65   C 629.66 366.10 629.14 362.90 626.18 358.80   Q 620.54 350.95 612.43 345.47   A 0.73 0.73 0.0 0 1 612.39 344.29   Q 625.60 333.89 633.76 319.76   A 0.27 0.27 0.0 0 0 633.33 319.45   C 614.60 340.02 586.99 351.98 560.17 357.62   Q 509.11 368.34 458.17 354.09   C 435.31 347.69 414.17 336.13 397.63 319.20   A 0.14 0.14 0.0 0 0 397.40 319.37"/>
<path vector-effect="non-scaling-stroke" d="   M 468.59 227.15   C 464.78 226.06 461.30 225.21 457.77 225.89   C 447.64 227.82 439.50 237.42 442.30 248.20   C 445.40 260.09 458.13 267.19 469.40 262.16   C 478.87 257.92 483.06 247.66 479.36 237.79   A 0.54 0.54 0.0 0 0 478.43 237.64   C 471.65 246.31 459.83 235.97 468.75 227.82   A 0.40 0.39 31.9 0 0 468.59 227.15"/>
<path vector-effect="non-scaling-stroke" d="   M 585.02 227.14   Q 576.05 223.99 568.74 227.73   C 556.56 233.97 554.60 249.99 565.11 258.87   C 580.45 271.82 603.02 257.09 595.98 237.82   A 0.39 0.38 59.0 0 0 595.36 237.66   Q 593.77 239.07 592.76 239.71   C 589.37 241.83 584.52 240.96 582.73 236.98   Q 581.26 233.70 583.50 229.97   C 584.05 229.06 584.77 228.55 585.25 227.93   A 0.51 0.51 0.0 0 0 585.02 227.14"/>
<path vector-effect="non-scaling-stroke" d="   M 459.3831 245.1225   A 4.81 4.60 -46.3 0 0 452.7344 245.4219   A 4.81 4.60 -46.3 0 0 452.7369 252.0775   A 4.81 4.60 -46.3 0 0 459.3856 251.7781   A 4.81 4.60 -46.3 0 0 459.3831 245.1225"/>
<path vector-effect="non-scaling-stroke" d="   M 578.24 248.49   A 4.79 4.79 0.0 0 0 573.45 243.70   A 4.79 4.79 0.0 0 0 568.66 248.49   A 4.79 4.79 0.0 0 0 573.45 253.28   A 4.79 4.79 0.0 0 0 578.24 248.49"/>
<path vector-effect="non-scaling-stroke" d="   M 319.38 718.37   A 10.08 10.08 0.0 0 0 309.30 708.29   L 255.94 708.29   A 10.08 10.08 0.0 0 0 245.86 718.37   L 245.86 758.89   A 10.08 10.08 0.0 0 0 255.94 768.97   L 309.30 768.97   A 10.08 10.08 0.0 0 0 319.38 758.89   L 319.38 718.37"/>
<path vector-effect="non-scaling-stroke" d="   M 436.16 870.53   C 436.15 880.59 440.30 893.09 452.51 893.10   C 464.72 893.12 468.89 880.62 468.90 870.56   C 468.91 860.50 464.77 848.00 452.56 847.99   C 440.35 847.97 436.17 860.46 436.16 870.53"/>
<path vector-effect="non-scaling-stroke" d="   M 520.38 864.27   Q 520.40 864.28 520.44 864.29   A 0.18 0.14 -46.4 0 0 520.56 864.28   Q 526.70 860.89 528.99 856.56   C 530.68 853.35 530.18 848.39 526.13 847.04   C 522.08 845.69 518.70 849.36 518.13 852.94   Q 517.36 857.77 520.23 864.17   A 0.18 0.14 83.3 0 0 520.32 864.25   Q 520.37 864.27 520.38 864.27"/>
<path vector-effect="non-scaling-stroke" d="   M 532.16 888.71   Q 524.21 881.54 518.67 873.43   A 0.63 0.63 0.0 0 0 517.75 873.30   Q 514.65 875.86 512.97 878.47   C 509.12 884.44 512.67 892.24 519.63 893.45   Q 526.35 894.61 532.14 889.82   A 0.74 0.73 46.2 0 0 532.16 888.71"/>
<path vector-effect="non-scaling-stroke" d="   M 866.42 870.55   C 866.43 860.48 862.27 847.98 850.06 847.97   C 837.84 847.97 833.67 860.47 833.67 870.53   C 833.66 880.60 837.82 893.10 850.03 893.11   C 862.25 893.12 866.42 880.62 866.42 870.55"/>
<path vector-effect="non-scaling-stroke" d="   M 188.80 875.75   Q 194.11 875.75 196.70 875.69   A 0.34 0.34 0.0 0 0 197.01 875.25   Q 192.03 859.80 189.05 848.93   Q 189.00 848.76 188.78 848.76   Q 188.56 848.76 188.52 848.93   Q 185.55 859.80 180.60 875.26   A 0.34 0.34 0.0 0 0 180.91 875.70   Q 183.50 875.76 188.80 875.75"/>
<path vector-effect="non-scaling-stroke" d="   M 322.26 849.02   L 322.26 892.00   A 0.54 0.54 0.0 0 0 322.80 892.54   L 329.81 892.54   A 18.64 18.15 -90.0 0 0 347.96 873.90   L 347.96 867.12   A 18.64 18.15 90.0 0 0 329.81 848.48   L 322.80 848.48   A 0.54 0.54 0.0 0 0 322.26 849.02"/>
<path vector-effect="non-scaling-stroke" d="   M 697.51 848.99   L 697.51 892.05   A 0.52 0.52 0.0 0 0 698.03 892.57   L 704.97 892.57   A 18.61 18.18 90.0 0 0 723.15 873.96   L 723.15 867.08   A 18.61 18.18 -90.0 0 0 704.97 848.47   L 698.03 848.47   A 0.52 0.52 0.0 0 0 697.51 848.99"/>
</g>

<path fill="#333333" d="   M 811.68 128.70   A 0.22 0.22 0.0 0 1 811.31 128.93   C 803.54 119.86 794.81 110.95 782.34 110.52   Q 780.20 110.45 778.73 110.89   A 0.68 0.68 0.0 0 0 778.27 111.74   Q 786.28 138.08 774.63 164.41   C 767.31 180.95 753.69 192.49 737.74 199.53   Q 721.51 206.70 702.28 210.97   A 0.62 0.61 67.2 0 0 701.90 211.91   Q 729.19 253.63 735.43 303.50   Q 735.96 307.72 736.98 314.97   A 0.81 0.80 -76.9 0 0 737.32 315.52   Q 775.74 341.11 786.82 384.33   Q 795.85 419.60 786.08 455.64   Q 780.36 476.75 770.63 494.29   A 0.42 0.41 21.2 0 0 770.90 494.89   Q 782.31 497.61 783.98 508.45   C 784.76 513.49 778.73 514.43 777.01 510.33   C 774.94 505.38 773.49 503.18 769.13 501.12   A 0.25 0.24 88.6 0 0 768.81 501.46   C 771.97 507.30 773.23 514.82 769.95 520.57   Q 768.21 523.62 765.32 521.54   C 762.65 519.63 762.62 510.55 762.73 507.24   A 0.23 0.23 0.0 0 0 762.34 507.07   L 755.09 514.24   A 1.65 1.13 -16.0 0 0 754.90 514.47   C 753.86 516.04 751.95 519.43 750.05 518.61   C 744.41 516.17 752.47 503.34 754.57 500.34   A 0.38 0.37 16.7 0 0 754.25 499.75   Q 747.71 499.88 744.83 501.43   C 741.27 503.34 738.41 505.41 735.75 504.89   C 733.30 504.42 733.74 500.59 734.50 498.98   C 739.13 489.11 750.76 484.35 761.13 487.19   A 0.45 0.45 0.0 0 0 761.69 486.83   Q 766.76 456.87 762.62 429.40   Q 757.43 395.00 733.62 370.42   A 0.40 0.39 -61.4 0 0 732.95 370.62   Q 719.38 439.32 669.05 487.55   Q 646.58 509.09 619.27 523.22   A 2.13 2.10 -10.7 0 0 618.15 524.84   Q 615.80 544.74 608.67 562.66   C 606.15 569.01 605.41 576.04 610.79 581.58   C 617.10 588.07 622.33 589.31 631.51 589.98   C 642.60 590.79 651.21 592.26 660.50 596.65   C 668.83 600.59 674.55 609.18 679.06 617.52   A 0.38 0.38 0.0 0 1 678.72 618.08   Q 664.42 618.07 595.37 618.09   Q 588.91 618.09 586.24 617.13   C 579.73 614.78 574.93 609.99 572.74 603.45   Q 571.62 600.07 571.53 592.92   Q 571.23 568.43 567.84 543.36   A 0.62 0.61 80.3 0 0 567.11 542.84   Q 530.53 549.92 493.21 546.29   C 486.24 545.62 479.21 544.27 472.60 542.87   A 0.37 0.36 9.5 0 0 472.16 543.18   Q 468.81 567.77 468.57 589.23   Q 468.45 600.53 467.15 603.89   Q 463.29 613.89 452.87 617.28   C 449.14 618.49 443.51 618.07 437.92 618.07   Q 400.91 618.10 361.27 618.07   A 0.44 0.44 0.0 0 1 360.88 617.43   C 364.78 609.58 370.80 600.98 378.89 596.92   Q 389.47 591.62 402.75 590.45   C 408.93 589.90 414.50 589.88 419.32 588.32   C 425.73 586.24 432.88 580.24 433.18 573.02   Q 433.38 568.44 432.04 564.72   Q 424.59 544.01 421.66 524.30   A 1.13 1.12 -81.1 0 0 421.06 523.47   Q 371.21 497.84 339.99 451.25   Q 315.29 414.39 307.11 370.57   A 0.33 0.33 0.0 0 0 306.56 370.39   C 274.31 401.43 270.62 444.73 278.16 486.66   A 0.44 0.43 76.3 0 0 278.71 487.00   Q 286.60 484.68 294.22 488.13   Q 301.57 491.47 305.40 498.88   C 306.90 501.77 306.17 506.24 301.72 504.73   Q 299.51 503.98 295.47 501.76   Q 292.11 499.92 285.77 499.78   A 0.42 0.42 0.0 0 0 285.43 500.45   C 288.66 504.88 292.26 511.25 291.68 516.86   A 2.19 2.15 61.9 0 1 291.44 517.67   Q 290.96 518.61 290.42 518.92   A 2.02 1.87 55.1 0 1 287.91 518.37   Q 286.54 516.64 284.64 514.25   A 8.54 7.87 2.9 0 0 283.52 513.11   Q 279.69 509.90 277.84 507.32   A 0.29 0.29 0.0 0 0 277.32 507.44   Q 277.17 508.43 277.18 510.79   Q 277.20 516.25 275.56 520.39   A 3.31 3.17 -76.3 0 1 272.29 522.47   Q 271.74 522.42 270.83 521.20   C 266.66 515.64 268.20 506.11 271.20 500.42   A 0.22 0.21 -87.2 0 0 270.93 500.12   Q 267.60 501.49 265.51 504.08   C 263.75 506.26 263.02 512.63 258.66 511.87   A 3.24 2.49 5.7 0 1 255.98 509.35   C 255.78 501.85 262.33 495.75 269.12 494.02   A 0.41 0.40 -21.6 0 0 269.38 493.43   C 256.79 470.61 249.44 445.18 248.82 419.00   C 247.83 376.82 267.52 336.35 303.56 313.81   A 1.20 1.20 0.0 0 0 304.11 312.90   Q 308.59 256.97 339.09 209.86   A 0.45 0.45 0.0 0 0 338.81 209.17   C 318.84 204.72 298.53 198.10 282.70 185.07   Q 271.10 175.52 264.82 160.71   Q 254.18 135.64 262.75 109.67   A 0.55 0.55 0.0 0 0 262.24 108.95   C 247.06 108.72 238.41 118.32 228.58 128.82   A 0.22 0.21 -11.9 0 1 228.22 128.59   C 243.30 94.61 279.65 75.84 316.18 82.64   Q 342.16 87.47 360.79 107.38   C 373.51 120.97 381.00 137.88 389.60 155.08   A 0.63 0.62 57.9 0 0 390.53 155.30   Q 417.72 134.62 450.54 123.57   A 0.56 0.55 63.4 0 0 450.81 122.73   Q 446.23 116.15 442.67 109.81   Q 428.72 84.89 414.67 60.36   C 408.70 49.93 401.83 31.82 405.89 20.16   Q 409.99 8.38 422.75 7.07   Q 434.88 5.84 446.03 11.44   Q 472.61 24.80 480.90 53.36   C 483.66 62.89 483.38 70.43 481.59 81.68   C 480.03 91.51 477.11 104.65 477.06 116.35   A 0.36 0.36 0.0 0 0 477.49 116.70   Q 520.41 107.81 563.21 116.61   A 0.42 0.42 0.0 0 0 563.71 116.20   C 563.62 107.50 561.48 98.82 558.55 81.48   C 553.79 53.35 566.90 26.21 591.88 12.62   Q 605.32 5.30 619.93 7.42   Q 625.59 8.23 630.30 13.44   C 641.38 25.68 631.32 49.78 624.54 61.80   Q 612.81 82.61 599.66 105.90   Q 595.33 113.57 589.22 122.67   A 0.57 0.57 0.0 0 0 589.49 123.52   Q 621.94 135.40 649.39 155.43   A 0.61 0.61 0.0 0 0 650.29 155.21   C 658.62 138.40 664.27 125.81 674.49 112.75   C 687.59 96.02 705.95 85.15 727.26 82.08   C 762.78 76.96 797.08 95.92 811.68 128.70   Z   M 457.6534 189.3403   A 50.59 48.65 -90.2 0 0 409.1803 240.0998   A 50.59 48.65 -90.2 0 0 458.0066 290.5197   A 50.59 48.65 -90.2 0 0 506.4797 239.7602   A 50.59 48.65 -90.2 0 0 457.6534 189.3403   Z   M 581.3339 189.3849   A 50.57 48.65 -90.8 0 0 533.3947 240.6293   A 50.57 48.65 -90.8 0 0 582.7461 290.5151   A 50.57 48.65 -90.8 0 0 630.6853 239.2707   A 50.57 48.65 -90.8 0 0 581.3339 189.3849   Z   M 397.40 319.37   C 406.36 336.19 420.78 347.73 437.28 357.24   A 0.52 0.52 0.0 0 1 437.44 358.00   C 433.77 363.06 425.16 376.22 427.63 382.12   C 431.71 391.84 440.23 395.94 450.56 397.88   C 454.72 398.66 459.26 397.82 463.14 396.36   C 469.81 393.86 472.56 378.42 473.99 371.33   A 0.65 0.65 0.0 0 1 474.77 370.83   Q 494.08 375.44 512.87 375.47   A 0.41 0.40 5.3 0 1 513.27 375.94   C 512.24 381.65 509.48 393.62 513.39 397.62   Q 516.58 400.89 520.08 402.65   Q 537.43 411.39 556.81 405.78   Q 564.49 403.55 569.82 397.37   Q 573.44 393.18 571.83 388.46   Q 568.78 379.50 562.32 370.45   A 0.40 0.39 -27.0 0 1 562.52 369.85   L 578.65 364.42   A 0.67 0.67 0.0 0 1 579.47 364.79   Q 581.86 370.46 586.17 377.92   C 589.55 383.77 593.44 388.94 600.77 388.66   C 611.89 388.24 622.86 380.85 627.56 370.65   C 629.66 366.10 629.14 362.90 626.18 358.80   Q 620.54 350.95 612.43 345.47   A 0.73 0.73 0.0 0 1 612.39 344.29   Q 625.60 333.89 633.76 319.76   A 0.27 0.27 0.0 0 0 633.33 319.45   C 614.60 340.02 586.99 351.98 560.17 357.62   Q 509.11 368.34 458.17 354.09   C 435.31 347.69 414.17 336.13 397.63 319.20   A 0.14 0.14 0.0 0 0 397.40 319.37   Z"/>


<path fill="#333333" d="   M 468.59 227.15   A 0.40 0.39 31.9 0 1 468.75 227.82   C 459.83 235.97 471.65 246.31 478.43 237.64   A 0.54 0.54 0.0 0 1 479.36 237.79   C 483.06 247.66 478.87 257.92 469.40 262.16   C 458.13 267.19 445.40 260.09 442.30 248.20   C 439.50 237.42 447.64 227.82 457.77 225.89   C 461.30 225.21 464.78 226.06 468.59 227.15   Z   M 459.3831 245.1225   A 4.81 4.60 -46.3 0 0 452.7344 245.4219   A 4.81 4.60 -46.3 0 0 452.7369 252.0775   A 4.81 4.60 -46.3 0 0 459.3856 251.7781   A 4.81 4.60 -46.3 0 0 459.3831 245.1225   Z"/>
<path fill="#333333" d="   M 585.25 227.93   C 584.77 228.55 584.05 229.06 583.50 229.97   Q 581.26 233.70 582.73 236.98   C 584.52 240.96 589.37 241.83 592.76 239.71   Q 593.77 239.07 595.36 237.66   A 0.39 0.38 59.0 0 1 595.98 237.82   C 603.02 257.09 580.45 271.82 565.11 258.87   C 554.60 249.99 556.56 233.97 568.74 227.73   Q 576.05 223.99 585.02 227.14   A 0.51 0.51 0.0 0 1 585.25 227.93   Z   M 578.24 248.49   A 4.79 4.79 0.0 0 0 573.45 243.70   A 4.79 4.79 0.0 0 0 568.66 248.49   A 4.79 4.79 0.0 0 0 573.45 253.28   A 4.79 4.79 0.0 0 0 578.24 248.49   Z"/>



<path fill="#333333" d="   M 100.61 757.74   Q 100.74 757.74 100.84 757.56   Q 132.21 703.06 164.05 647.77   Q 168.02 640.88 173.96 639.84   Q 180.85 638.63 186.23 643.13   Q 191.12 647.22 191.12 655.25   Q 191.11 749.07 191.15 796.85   A 0.41 0.41 0.0 0 1 190.74 797.26   L 163.35 797.26   A 0.56 0.56 0.0 0 1 162.79 796.70   L 162.79 705.65   A 0.25 0.25 0.0 0 0 162.32 705.53   Q 128.85 764.24 112.88 792.17   C 110.32 796.65 105.83 799.43 100.61 799.43   C 95.40 799.43 90.91 796.65 88.35 792.17   Q 72.37 764.25 38.87 705.55   A 0.25 0.25 0.0 0 0 38.40 705.67   L 38.44 796.72   A 0.56 0.56 0.0 0 1 37.88 797.28   L 10.49 797.29   A 0.41 0.41 0.0 0 1 10.08 796.89   Q 10.10 749.11 10.05 655.29   Q 10.05 647.26 14.94 643.16   Q 20.32 638.66 27.21 639.87   Q 33.15 640.91 37.12 647.79   Q 68.98 703.07 100.37 757.56   Q 100.47 757.74 100.61 757.74   Z"/>
<path fill="#333333" d="   M 649.53 707.84   L 649.53 680.43   A 0.43 0.43 0.0 0 1 649.96 680.00   L 685.81 680.00   A 0.43 0.43 0.0 0 0 686.24 679.57   L 686.24 642.17   A 0.43 0.43 0.0 0 1 686.67 641.74   L 714.33 641.74   A 0.43 0.43 0.0 0 1 714.76 642.17   L 714.76 679.57   A 0.43 0.43 0.0 0 0 715.19 680.00   L 763.59 680.00   A 0.43 0.43 0.0 0 1 764.02 680.43   L 764.02 707.85   A 0.43 0.43 0.0 0 1 763.59 708.28   L 715.19 708.28   A 0.43 0.43 0.0 0 0 714.76 708.71   L 714.76 796.84   A 0.43 0.43 0.0 0 1 714.33 797.27   L 686.67 797.27   A 0.43 0.43 0.0 0 1 686.24 796.84   L 686.24 708.70   A 0.43 0.43 0.0 0 0 685.81 708.27   L 649.96 708.27   A 0.43 0.43 0.0 0 1 649.53 707.84   Z"/>
<path fill="#333333" d="   M 347.4645 759.0233   A 38.30 38.30 0.0 0 1 309.0977 797.2564   L 255.8578 797.1635   A 38.30 38.30 0.0 0 1 217.6247 758.7967   L 217.6955 718.2167   A 38.30 38.30 0.0 0 1 256.0623 679.9836   L 309.3022 680.0765   A 38.30 38.30 0.0 0 1 347.5353 718.4433   L 347.4645 759.0233   Z   M 319.38 718.37   A 10.08 10.08 0.0 0 0 309.30 708.29   L 255.94 708.29   A 10.08 10.08 0.0 0 0 245.86 718.37   L 245.86 758.89   A 10.08 10.08 0.0 0 0 255.94 768.97   L 309.30 768.97   A 10.08 10.08 0.0 0 0 319.38 758.89   L 319.38 718.37   Z"/>
<path fill="#333333" d="   M 399.80 796.90   A 0.37 0.37 0.0 0 1 399.43 797.27   L 372.13 797.27   A 0.58 0.58 0.0 0 1 371.55 796.69   Q 371.60 707.96 371.51 700.22   Q 371.40 690.21 372.98 687.55   C 376.93 680.88 381.63 679.97 389.90 679.98   Q 414.26 680.00 448.49 680.02   Q 464.01 680.02 476.97 687.53   C 493.79 697.27 501.09 712.86 501.44 732.00   Q 501.58 739.19 501.50 796.91   A 0.36 0.35 -90.0 0 1 501.15 797.27   L 473.60 797.27   A 0.34 0.33 -90.0 0 1 473.27 796.93   Q 473.33 748.48 473.24 732.25   Q 473.19 723.67 468.44 717.32   C 463.38 710.56 456.73 708.50 448.50 708.32   Q 444.95 708.25 400.14 708.28   A 0.35 0.35 0.0 0 0 399.80 708.63   L 399.80 796.90   Z"/>
<path fill="#333333" d="   M 625.61 707.96   A 0.33 0.32 -90.0 0 1 625.29 708.29   L 554.98 708.29   A 4.67 4.67 0.0 0 0 550.32 713.29   L 550.38 714.12   A 4.26 4.25 -2.6 0 0 554.85 718.20   Q 554.96 718.20 599.01 718.23   C 611.47 718.24 622.88 721.94 630.45 731.79   C 640.36 744.70 642.45 762.50 635.14 776.99   C 628.43 790.30 614.20 797.04 599.24 797.22   Q 590.45 797.32 524.22 797.25   A 0.63 0.63 0.0 0 1 523.59 796.62   L 523.59 769.35   A 0.36 0.36 0.0 0 1 523.95 768.99   Q 576.97 769.03 599.98 768.96   C 606.09 768.94 610.90 765.67 611.32 759.36   C 611.78 752.30 608.68 746.48 600.86 746.34   Q 593.41 746.21 556.01 746.22   C 549.17 746.22 543.45 744.93 537.60 741.31   Q 526.39 734.37 523.38 722.01   C 517.75 698.99 533.65 680.12 557.02 680.05   Q 596.76 679.93 625.03 680.02   A 0.58 0.58 0.0 0 1 625.61 680.60   L 625.61 707.96   Z"/>
<path fill="#333333" d="   M 869.40 770.94   L 869.40 796.85   A 0.40 0.39 90.0 0 1 869.01 797.25   Q 840.28 797.30 821.00 797.26   C 809.38 797.24 799.00 794.25 790.70 785.99   Q 779.89 775.24 779.76 760.01   Q 779.54 732.94 779.78 718.27   C 779.97 705.91 785.95 693.78 796.39 686.46   Q 805.62 679.99 819.48 679.98   Q 858.31 679.96 870.24 680.08   C 890.66 680.30 907.58 695.78 908.10 716.29   Q 908.72 740.67 888.91 752.82   Q 881.15 757.59 870.74 757.68   Q 853.00 757.83 818.89 757.73   A 0.38 0.37 -90.0 0 1 818.52 757.35   L 818.52 731.39   A 0.41 0.41 0.0 0 1 818.93 730.98   Q 861.78 731.05 868.97 730.93   Q 876.22 730.80 879.36 725.73   C 883.34 719.29 881.66 710.74 874.27 707.65   Q 871.76 706.60 865.11 706.75   Q 860.41 706.85 826.31 706.71   Q 814.98 706.66 812.41 708.11   C 806.06 711.70 806.49 717.82 806.50 725.66   Q 806.56 752.19 806.50 754.42   Q 806.31 762.12 808.09 764.92   Q 811.51 770.28 818.24 770.27   Q 844.91 770.23 868.71 770.25   A 0.69 0.69 0.0 0 1 869.40 770.94   Z"/>
<path fill="#333333" d="   M 926.92 797.27   A 0.31 0.31 0.0 0 1 926.61 796.96   Q 926.57 754.07 926.59 721.25   C 926.60 704.33 933.04 691.18 948.48 684.00   C 955.35 680.79 963.09 679.86 972.36 680.00   Q 972.69 680.00 1029.38 680.00   A 0.49 0.49 0.0 0 1 1029.87 680.49   L 1029.87 707.79   A 0.49 0.49 0.0 0 1 1029.38 708.28   Q 983.82 708.29 967.00 708.29   C 959.68 708.29 954.77 711.34 954.77 719.27   Q 954.75 791.51 954.78 796.64   A 0.63 0.63 0.0 0 1 954.15 797.27   L 926.92 797.27   Z"/>

<path fill="#333333" d="   M 452.47 841.80   C 468.82 841.75 476.22 856.08 476.26 870.48   C 476.30 884.89 468.97 899.25 452.62 899.29   C 436.27 899.34 428.86 885.01 428.83 870.61   C 428.79 856.20 436.12 841.84 452.47 841.80   Z   M 436.16 870.53   C 436.15 880.59 440.30 893.09 452.51 893.10   C 464.72 893.12 468.89 880.62 468.90 870.56   C 468.91 860.50 464.77 848.00 452.56 847.99   C 440.35 847.97 436.17 860.46 436.16 870.53   Z"/>
<path fill="#333333" d="   M 551.29 868.52   Q 548.35 878.95 542.05 887.78   A 0.58 0.57 33.0 0 0 542.23 888.61   L 551.51 893.97   A 0.62 0.62 0.0 0 1 551.79 894.70   L 550.55 898.61   A 0.84 0.84 0.0 0 1 549.48 899.15   Q 543.25 896.99 537.92 893.29   A 0.77 0.76 41.4 0 0 536.99 893.34   Q 528.59 900.52 518.43 899.06   Q 507.86 897.54 505.12 888.09   C 502.62 879.42 508.35 872.69 515.01 868.29   A 0.70 0.70 0.0 0 0 515.25 867.41   C 511.20 859.15 509.14 847.32 519.56 842.81   C 526.25 839.92 534.66 842.93 535.50 851.13   C 536.33 859.17 529.83 864.65 523.53 868.82   A 0.62 0.61 56.0 0 0 523.37 869.68   Q 529.60 878.73 536.82 884.42   A 0.52 0.52 0.0 0 0 537.56 884.31   Q 542.65 876.92 544.86 868.53   A 0.40 0.39 -82.3 0 1 545.24 868.24   L 551.08 868.24   A 0.22 0.22 0.0 0 1 551.29 868.52   Z   M 520.38 864.27   Q 520.40 864.28 520.44 864.29   A 0.18 0.14 -46.4 0 0 520.56 864.28   Q 526.70 860.89 528.99 856.56   C 530.68 853.35 530.18 848.39 526.13 847.04   C 522.08 845.69 518.70 849.36 518.13 852.94   Q 517.36 857.77 520.23 864.17   A 0.18 0.14 83.3 0 0 520.32 864.25   Q 520.37 864.27 520.38 864.27   Z   M 532.16 888.71   Q 524.21 881.54 518.67 873.43   A 0.63 0.63 0.0 0 0 517.75 873.30   Q 514.65 875.86 512.97 878.47   C 509.12 884.44 512.67 892.24 519.63 893.45   Q 526.35 894.61 532.14 889.82   A 0.74 0.73 46.2 0 0 532.16 888.71   Z"/>
<path fill="#333333" d="   M 826.34 870.57   C 826.32 856.17 833.67 841.81 850.02 841.79   C 866.38 841.76 873.76 856.10 873.78 870.51   C 873.80 884.91 866.45 899.27 850.10 899.29   C 833.75 899.31 826.36 884.97 826.34 870.57   Z   M 866.42 870.55   C 866.43 860.48 862.27 847.98 850.06 847.97   C 837.84 847.97 833.67 860.47 833.67 870.53   C 833.66 880.60 837.82 893.10 850.03 893.11   C 862.25 893.12 866.42 880.62 866.42 870.55   Z"/>
<path fill="#333333" d="   M 188.95 842.74   Q 190.67 842.74 192.36 842.84   A 0.88 0.87 82.1 0 1 193.14 843.44   L 211.52 898.08   A 0.16 0.16 0.0 0 1 211.37 898.29   L 204.60 898.29   A 0.21 0.21 0.0 0 1 204.40 898.15   L 198.90 881.79   A 0.39 0.39 0.0 0 0 198.53 881.52   Q 197.44 881.51 188.89 881.50   Q 180.34 881.48 179.26 881.49   A 0.39 0.39 0.0 0 0 178.88 881.76   L 173.34 898.11   A 0.21 0.21 0.0 0 1 173.14 898.24   L 166.37 898.23   A 0.16 0.16 0.0 0 1 166.22 898.01   L 184.75 843.43   A 0.88 0.87 -81.9 0 1 185.54 842.83   Q 187.23 842.74 188.95 842.74   Z   M 188.80 875.75   Q 194.11 875.75 196.70 875.69   A 0.34 0.34 0.0 0 0 197.01 875.25   Q 192.03 859.80 189.05 848.93   Q 189.00 848.76 188.78 848.76   Q 188.56 848.76 188.52 848.93   Q 185.55 859.80 180.60 875.26   A 0.34 0.34 0.0 0 0 180.91 875.70   Q 183.50 875.76 188.80 875.75   Z"/>
<path fill="#333333" d="   M 259.26 893.17   C 270.56 893.15 272.42 882.81 272.22 874.00   Q 272.21 873.43 272.13 843.15   A 0.44 0.43 -0.6 0 1 272.57 842.71   L 278.60 842.71   A 0.43 0.43 0.0 0 1 279.03 843.14   Q 279.07 861.02 279.09 868.85   Q 279.13 878.25 278.97 879.63   C 277.65 891.60 272.09 899.26 259.28 899.29   C 246.46 899.32 240.87 891.68 239.49 879.72   Q 239.33 878.34 239.32 868.94   Q 239.31 861.11 239.27 843.23   A 0.43 0.43 0.0 0 1 239.69 842.80   L 245.72 842.77   A 0.44 0.43 0.4 0 1 246.17 843.21   Q 246.22 873.49 246.22 874.06   C 246.06 882.87 247.96 893.20 259.26 893.17   Z"/>
<path fill="#333333" d="   M 315.29 843.23   A 0.57 0.57 0.0 0 1 315.86 842.67   L 331.00 842.69   A 24.76 24.45 -89.9 0 1 355.41 867.50   L 355.39 873.62   A 24.76 24.45 -89.9 0 1 330.90 898.33   L 315.76 898.31   A 0.57 0.57 0.0 0 1 315.19 897.73   L 315.29 843.23   Z   M 322.26 849.02   L 322.26 892.00   A 0.54 0.54 0.0 0 0 322.80 892.54   L 329.81 892.54   A 18.64 18.15 -90.0 0 0 347.96 873.90   L 347.96 867.12   A 18.64 18.15 90.0 0 0 329.81 848.48   L 322.80 848.48   A 0.54 0.54 0.0 0 0 322.26 849.02   Z"/>
<rect fill="#333333" x="388.49" y="842.74" width="7.02" height="55.50" rx="0.47"/>
<path fill="#333333" d="   M 596.53 890.90   Q 596.82 890.90 597.06 890.09   Q 603.88 866.40 610.87 842.97   A 0.33 0.33 0.0 0 1 611.19 842.73   L 618.07 842.73   A 0.18 0.18 0.0 0 1 618.24 842.96   L 600.87 897.62   A 0.91 0.89 2.8 0 1 600.20 898.22   Q 599.98 898.26 596.53 898.27   Q 593.09 898.27 592.87 898.23   A 0.91 0.89 -3.0 0 1 592.20 897.63   L 574.71 843.01   A 0.18 0.18 0.0 0 1 574.88 842.78   L 581.76 842.76   A 0.33 0.33 0.0 0 1 582.08 843.00   Q 589.12 866.42 596.00 890.09   Q 596.23 890.90 596.53 890.90   Z"/>
<rect fill="#333333" x="647.00" y="842.74" width="7.00" height="55.54" rx="0.34"/>
<path fill="#333333" d="   M 690.50 843.17   A 0.43 0.43 0.0 0 1 690.93 842.74   L 706.15 842.74   A 24.37 24.31 90.0 0 1 730.46 867.11   L 730.46 873.91   A 24.37 24.31 -90.0 0 1 706.15 898.28   L 690.93 898.28   A 0.43 0.43 0.0 0 1 690.50 897.85   L 690.50 843.17   Z   M 697.51 848.99   L 697.51 892.05   A 0.52 0.52 0.0 0 0 698.03 892.57   L 704.97 892.57   A 18.61 18.18 90.0 0 0 723.15 873.96   L 723.15 867.08   A 18.61 18.18 -90.0 0 0 704.97 848.47   L 698.03 848.47   A 0.52 0.52 0.0 0 0 697.51 848.99   Z"/>
<path fill="#333333" d="   M 791.76 866.67   L 791.76 871.83   A 0.44 0.44 0.0 0 1 791.32 872.27   L 771.21 872.27   A 0.44 0.44 0.0 0 0 770.77 872.71   L 770.77 891.80   A 0.44 0.44 0.0 0 0 771.21 892.24   L 796.07 892.24   A 0.44 0.44 0.0 0 1 796.51 892.68   L 796.51 897.83   A 0.44 0.44 0.0 0 1 796.07 898.27   L 764.18 898.27   A 0.44 0.44 0.0 0 1 763.74 897.83   L 763.74 843.19   A 0.44 0.44 0.0 0 1 764.18 842.75   L 795.37 842.75   A 0.44 0.44 0.0 0 1 795.81 843.19   L 795.81 848.32   A 0.44 0.44 0.0 0 1 795.37 848.76   L 771.21 848.76   A 0.44 0.44 0.0 0 0 770.77 849.20   L 770.77 865.79   A 0.44 0.44 0.0 0 0 771.21 866.23   L 791.32 866.23   A 0.44 0.44 0.0 0 1 791.76 866.67   Z"/>








                        </g>
                    </svg>