<svg xmlns="http://www.w3.org/2000/svg" version="1.1" viewBox="-92.3 0 1084.83 993.17">
<g stroke-width="1084.83" fill="none" stroke-linecap="butt">
<path stroke="none" vector-effect="non-scaling-stroke" d="   M 808.59 430.20   L 796.95 430.14   A 0.69 0.69 0.0 0 1 796.31 429.70   Q 787.10 406.67 784.60 385.72   Q 781.13 356.78 787.07 326.26   Q 789.32 314.65 796.11 284.11   C 800.53 264.25 803.77 243.79 804.58 223.45   Q 804.78 218.28 804.71 215.60   C 802.68 141.58 781.16 67.02 739.15 5.89   A 0.21 0.21 0.0 0 0 738.88 5.83   L 738.87 5.84   A 0.19 0.19 0.0 0 0 738.80 6.09   C 767.82 64.84 780.05 132.55 776.44 198.69   Q 775.11 223.01 767.84 248.35   C 762.51 266.90 756.51 283.82 747.51 310.75   Q 740.63 331.37 737.53 357.00   Q 733.93 386.80 738.84 415.09"/>
<path stroke="none" vector-effect="non-scaling-stroke" d="   M 438.99 868.95   Q 456.12 862.62 466.35 850.85   C 481.91 832.93 491.71 809.34 496.33 786.37   Q 500.16 767.36 498.68 743.46   Q 497.02 716.80 491.21 691.71   A 0.19 0.19 0.0 0 0 490.85 691.67   C 480.50 713.64 465.08 736.86 443.13 748.37   A 0.55 0.55 0.0 0 1 442.39 748.14   Q 431.98 729.28 417.45 712.78   Q 405.58 699.30 388.87 687.13   C 369.77 673.20 350.09 661.35 329.13 651.53   A 0.17 0.17 0.0 0 1 329.13 651.23   Q 329.41 651.09 330.01 651.06   Q 332.22 650.95 359.86 650.99   A 0.64 0.64 0.0 0 0 360.51 650.35   L 360.51 637.33   A 0.60 0.60 0.0 0 0 359.91 636.73   L 336.85 636.73   A 0.60 0.59 -0.0 0 1 336.25 636.14   L 336.25 617.85   A 0.60 0.60 0.0 0 1 336.85 617.25   L 359.92 617.25   A 0.59 0.59 0.0 0 0 360.51 616.66   L 360.51 603.85   A 0.62 0.61 -0.0 0 0 359.89 603.24   L 336.87 603.24   A 0.62 0.62 0.0 0 1 336.25 602.62   L 336.25 590.54   A 0.56 0.56 0.0 0 1 336.81 589.98   L 359.97 589.98   A 0.54 0.54 0.0 0 0 360.51 589.44   L 360.51 576.32   A 0.59 0.59 0.0 0 0 359.92 575.73   L 323.57 575.73   A 0.34 0.33 90.0 0 0 323.24 576.07   L 323.24 650.32   A 0.74 0.73 8.6 0 0 323.76 651.02   L 324.09 651.12   A 0.57 0.56 84.6 0 1 324.43 651.41   Q 334.22 670.43 340.24 693.27   Q 347.12 719.39 341.31 745.05   Q 339.44 753.31 337.01 763.48   Q 334.05 775.87 333.22 782.00   Q 330.04 805.26 336.88 830.90   C 340.25 843.53 346.39 854.35 355.81 862.80   Q 357.52 864.33 359.21 866.18"/>
<path stroke="none" vector-effect="non-scaling-stroke" d="   M 429.31 869.81   C 416.35 854.07 409.19 834.55 407.35 814.71   C 404.91 788.53 403.82 768.86 395.96 748.08   Q 378.73 702.50 344.80 667.70   Q 338.21 660.94 326.64 651.57   A 0.13 0.13 0.0 0 0 326.46 651.58   A 0.13 0.12 -46.8 0 0 326.46 651.75   C 352.04 678.30 369.96 712.15 379.41 747.68   Q 382.13 757.90 382.94 765.93   C 384.18 778.09 384.01 787.76 383.70 803.21   Q 383.64 806.21 383.51 810.50   Q 382.59 841.48 395.04 869.91"/>
<path stroke="none" vector-effect="non-scaling-stroke" d="   M 165.96 617.82   A 0.57 0.57 0.0 0 1 166.53 617.25   L 186.17 617.25   A 0.57 0.57 0.0 0 0 186.74 616.68   L 186.74 603.81   A 0.57 0.57 0.0 0 0 186.17 603.24   L 166.53 603.24   A 0.57 0.57 0.0 0 1 165.96 602.67   L 165.96 590.55   A 0.57 0.57 0.0 0 1 166.53 589.98   L 186.16 589.98   A 0.57 0.57 0.0 0 0 186.73 589.41   L 186.73 576.30   A 0.57 0.57 0.0 0 0 186.16 575.73   L 153.59 575.73   A 0.57 0.57 0.0 0 0 153.02 576.30   L 153.02 650.41   A 0.57 0.57 0.0 0 0 153.59 650.98   L 165.39 650.98   A 0.57 0.57 0.0 0 0 165.96 650.41   L 165.96 617.82"/>
<path stroke="none" vector-effect="non-scaling-stroke" d="   M 241.64 617.50   Q 252.13 613.14 253.71 602.07   C 255.29 590.91 251.17 578.50 238.55 576.51   C 230.53 575.24 224.84 575.73 214.07 575.74   A 0.33 0.32 -0.0 0 0 213.74 576.06   L 213.74 650.40   A 0.59 0.59 0.0 0 0 214.33 650.99   L 226.19 650.99   A 0.55 0.55 0.0 0 0 226.74 650.44   L 226.74 619.65   A 0.55 0.55 0.0 0 1 227.79 619.41   L 242.69 650.48   A 0.91 0.91 0.0 0 0 243.51 650.99   L 256.86 650.99   A 0.31 0.31 0.0 0 0 257.14 650.54   L 241.48 617.90   A 0.30 0.30 0.0 0 1 241.64 617.50"/>
<path stroke="none" vector-effect="non-scaling-stroke" d="   M 294.25 576.13   A 0.39 0.39 0.0 0 0 293.86 575.74   L 281.64 575.74   A 0.39 0.39 0.0 0 0 281.25 576.13   L 281.25 650.59   A 0.39 0.39 0.0 0 0 281.64 650.98   L 293.86 650.98   A 0.39 0.39 0.0 0 0 294.25 650.59   L 294.25 576.13"/>
<path stroke="none" vector-effect="non-scaling-stroke" d="   M 408.59 616.67   Q 421.22 638.34 428.45 650.43   A 1.14 1.14 0.0 0 0 429.42 650.98   L 440.65 650.98   A 0.61 0.60 -0.0 0 0 441.26 650.38   L 441.26 576.34   A 0.61 0.61 0.0 0 0 440.65 575.73   L 428.61 575.73   A 0.36 0.35 90.0 0 0 428.26 576.09   L 428.26 623.90   A 0.23 0.23 0.0 0 1 427.84 624.02   Q 423.32 616.32 419.67 610.05   Q 407.05 588.37 399.82 576.28   A 1.14 1.14 0.0 0 0 398.85 575.73   L 387.62 575.73   A 0.61 0.60 -0.0 0 0 387.01 576.33   L 387.01 650.37   A 0.61 0.61 0.0 0 0 387.62 650.98   L 399.66 650.98   A 0.36 0.35 90.0 0 0 400.01 650.62   L 400.01 602.81   A 0.23 0.23 0.0 0 1 400.43 602.69   Q 404.94 610.39 408.59 616.67"/>
<path stroke="none" vector-effect="non-scaling-stroke" d="   M 471.62 650.95   Q 483.78 651.08 492.00 650.92   C 498.87 650.79 505.23 650.27 510.47 646.71   C 527.90 634.85 528.96 606.48 518.74 589.76   Q 511.58 578.05 498.02 576.45   C 489.32 575.42 480.72 575.71 471.55 575.74   A 0.32 0.32 0.0 0 0 471.24 576.06   L 471.24 650.56   A 0.39 0.39 0.0 0 0 471.62 650.95"/>
<path stroke="none" vector-effect="non-scaling-stroke" d="   M 565.57 637.26   A 0.60 0.60 0.0 0 1 564.97 636.66   L 564.97 576.33   A 0.60 0.60 0.0 0 0 564.37 575.73   L 552.61 575.73   A 0.60 0.60 0.0 0 0 552.01 576.33   L 552.01 650.38   A 0.60 0.60 0.0 0 0 552.61 650.98   L 583.12 650.98   A 0.60 0.60 0.0 0 0 583.72 650.38   L 583.72 637.86   A 0.60 0.60 0.0 0 0 583.12 637.26   L 565.57 637.26"/>
<path stroke="none" vector-effect="non-scaling-stroke" d="   M 629.88 650.99   Q 635.59 650.98 636.18 650.94   A 0.33 0.32 -2.0 0 0 636.49 650.62   L 636.49 618.82   A 2.07 1.97 -34.2 0 1 636.67 617.99   L 656.07 576.21   A 0.35 0.35 0.0 0 0 655.75 575.71   L 642.58 575.71   A 0.58 0.56 12.0 0 0 642.06 576.04   L 630.02 601.99   A 0.27 0.18 -76.8 0 1 629.90 602.11   Q 629.87 602.12 629.81 602.12   Q 629.75 602.12 629.72 602.11   A 0.27 0.18 76.6 0 1 629.60 601.99   L 617.49 576.07   A 0.58 0.56 -12.1 0 0 616.97 575.75   L 603.80 575.78   A 0.35 0.35 0.0 0 0 603.48 576.28   L 622.99 618.01   A 2.07 1.97 34.0 0 1 623.18 618.84   L 623.26 650.64   A 0.33 0.32 1.8 0 0 623.57 650.96   Q 624.16 650.99 629.88 650.99"/>
<path stroke="none" vector-effect="non-scaling-stroke" d="   M 226.74 590.47   L 226.76 604.53   A 0.43 0.43 0.0 0 0 227.19 604.96   L 234.04 604.95   A 7.24 6.64 -0.1 0 0 241.27 598.30   L 241.27 596.66   A 7.24 6.64 -0.1 0 0 234.02 590.03   L 227.17 590.04   A 0.43 0.43 0.0 0 0 226.74 590.47"/>
<path stroke="none" vector-effect="non-scaling-stroke" d="   M 485.11 636.64   Q 493.06 637.17 499.07 635.99   C 507.32 634.39 510.97 625.54 511.77 617.99   Q 512.70 609.29 509.71 601.81   C 505.46 591.14 495.43 589.18 485.08 589.81   A 0.61 0.61 0.0 0 0 484.50 590.42   L 484.50 636.00   A 0.65 0.64 1.9 0 0 485.11 636.64"/>
</g>
<path fill="#93af00" d="   M 808.59 430.20   L 796.95 430.14   A 0.69 0.69 0.0 0 1 796.31 429.70   Q 787.10 406.67 784.60 385.72   Q 781.13 356.78 787.07 326.26   Q 789.32 314.65 796.11 284.11   C 800.53 264.25 803.77 243.79 804.58 223.45   Q 804.78 218.28 804.71 215.60   C 802.68 141.58 781.16 67.02 739.15 5.89   A 0.21 0.21 0.0 0 0 738.88 5.83   L 738.87 5.84   A 0.19 0.19 0.0 0 0 738.80 6.09   C 767.82 64.84 780.05 132.55 776.44 198.69   Q 775.11 223.01 767.84 248.35   C 762.51 266.90 756.51 283.82 747.51 310.75   Q 740.63 331.37 737.53 357.00   Q 733.93 386.80 738.84 415.09   L 741.50 428.27   A 0.36 0.35 5.1 0 1 741.02 428.67   C 716.58 418.68 693.89 402.95 679.26 380.81   C 665.02 359.26 659.88 334.47 661.52 308.19   C 663.71 273.07 672.45 241.64 689.71 212.45   C 700.38 194.41 712.32 175.96 722.35 155.63   C 733.38 133.27 738.59 110.04 740.20 85.74   Q 742.97 43.60 735.52 1.13   A 0.35 0.35 0.0 0 1 736.10 0.81   Q 788.33 48.07 828.73 105.04   C 855.59 142.91 872.49 185.16 881.67 230.61   A 0.33 0.32 -10.2 0 0 882.04 230.86   Q 903.54 227.36 923.10 216.81   C 949.01 202.84 972.38 183.23 992.53 161.67   A 0.37 0.37 0.0 0 1 993.17 161.95   Q 988.19 226.13 967.67 286.64   Q 965.15 294.06 960.66 303.91   Q 938.74 351.92 899.38 389.39   Q 884.60 403.47 866.80 414.05   C 849.27 424.48 828.84 429.01 808.59 430.20   Z"/>
<path fill="#6a8426" d="   M 808.59 430.20   Q 831.83 504.72 826.79 580.01   Q 819.24 692.80 756.28 785.78   Q 716.54 844.47 658.17 887.38   C 579.02 945.58 481.50 973.41 383.06 966.04   C 293.30 959.31 208.00 923.34 140.67 863.62   Q 64.27 795.86 27.69 700.79   C 0.68 630.56 -6.28 551.48 7.98 477.09   Q 26.87 378.59 88.39 299.87   Q 138.95 235.19 210.76 194.35   C 281.72 153.99 363.23 135.94 444.60 141.89   Q 487.66 145.04 528.10 156.67   C 533.71 158.28 539.60 162.65 543.07 167.62   C 556.88 187.34 544.03 214.81 519.28 215.39   Q 515.50 215.48 504.72 212.68   Q 421.53 191.13 338.43 209.17   C 249.56 228.45 170.87 282.90 120.53 358.16   C 85.54 410.47 65.45 470.26 61.62 532.91   C 56.57 615.57 80.95 696.60 129.97 763.28   C 207.92 869.33 339.77 923.57 470.03 902.60   C 584.84 884.12 683.20 809.98 733.21 705.24   C 776.72 614.10 778.53 508.10 738.84 415.09   Q 733.93 386.80 737.53 357.00   Q 740.63 331.37 747.51 310.75   C 756.51 283.82 762.51 266.90 767.84 248.35   Q 775.11 223.01 776.44 198.69   C 780.05 132.55 767.82 64.84 738.80 6.09   A 0.19 0.19 0.0 0 1 738.87 5.84   L 738.88 5.83   A 0.21 0.21 0.0 0 1 739.15 5.89   C 781.16 67.02 802.68 141.58 804.71 215.60   Q 804.78 218.28 804.58 223.45   C 803.77 243.79 800.53 264.25 796.11 284.11   Q 789.32 314.65 787.07 326.26   Q 781.13 356.78 784.60 385.72   Q 787.10 406.67 796.31 429.70   A 0.69 0.69 0.0 0 0 796.95 430.14   L 808.59 430.20   Z"/>
<path fill="#bed48d" d="   M 427.05 411.17   Q 413.54 397.21 398.58 391.73   C 387.57 387.70 374.58 386.79 362.78 389.87   C 342.61 395.13 326.24 412.41 322.98 433.52   C 317.74 467.49 338.62 496.50 373.56 499.12   Q 399.38 501.06 419.52 483.02   Q 426.18 477.05 427.12 476.20   A 0.57 0.55 -42.8 0 1 427.90 476.22   L 448.46 497.68   A 0.37 0.37 0.0 0 1 448.45 498.19   C 443.89 502.79 439.40 506.53 433.66 511.05   Q 412.53 527.72 384.76 529.17   Q 372.98 529.78 363.53 528.53   Q 332.77 524.46 312.92 502.99   C 296.43 485.15 289.70 462.51 290.98 438.00   C 292.87 401.58 315.16 373.77 349.31 362.34   Q 377.33 352.97 406.94 362.32   Q 430.65 369.81 449.01 390.04   A 0.69 0.69 0.0 0 1 448.97 391.00   L 427.90 411.19   A 0.61 0.60 46.0 0 1 427.05 411.17   Z"/>
<path fill="#bed48d" d="   M 673.62 438.41   C 675.56 469.48 661.96 497.59 636.53 515.18   C 616.56 529.00 590.46 532.88 567.15 526.88   Q 542.83 520.62 525.32 500.92   C 512.26 486.22 505.29 468.78 504.05 449.00   C 502.81 429.21 507.56 411.04 518.70 394.83   Q 533.62 373.10 556.97 363.87   C 579.35 355.01 605.73 355.62 627.27 366.84   C 654.69 381.14 671.68 407.33 673.62 438.41   Z   M 586.5511 388.2247   A 55.54 53.82 -92.3 0 0 535.0034 445.8799   A 55.54 53.82 -92.3 0 0 591.0089 499.2153   A 55.54 53.82 -92.3 0 0 642.5566 441.5601   A 55.54 53.82 -92.3 0 0 586.5511 388.2247   Z"/>
<path fill="#bed48d" d="   M 145.25 524.83   L 145.25 362.17   A 0.42 0.42 0.0 0 1 145.67 361.75   L 234.08 361.75   A 0.42 0.42 0.0 0 1 234.50 362.17   L 234.50 392.08   A 0.42 0.42 0.0 0 1 234.08 392.50   L 176.67 392.50   A 0.42 0.42 0.0 0 0 176.25 392.92   L 176.25 421.33   A 0.42 0.42 0.0 0 0 176.67 421.75   L 234.08 421.75   A 0.42 0.42 0.0 0 1 234.50 422.17   L 234.50 451.33   A 0.42 0.42 0.0 0 1 234.08 451.75   L 176.67 451.75   A 0.42 0.42 0.0 0 0 176.25 452.17   L 176.25 494.08   A 0.42 0.42 0.0 0 0 176.67 494.50   L 234.11 494.50   A 0.42 0.42 0.0 0 1 234.53 494.92   L 234.53 524.83   A 0.42 0.42 0.0 0 1 234.11 525.25   L 145.67 525.25   A 0.42 0.42 0.0 0 1 145.25 524.83   Z"/>

<path fill="#42561a" d="   M 165.96 617.82   L 165.96 650.41   A 0.57 0.57 0.0 0 1 165.39 650.98   L 153.59 650.98   A 0.57 0.57 0.0 0 1 153.02 650.41   L 153.02 576.30   A 0.57 0.57 0.0 0 1 153.59 575.73   L 186.16 575.73   A 0.57 0.57 0.0 0 1 186.73 576.30   L 186.73 589.41   A 0.57 0.57 0.0 0 1 186.16 589.98   L 166.53 589.98   A 0.57 0.57 0.0 0 0 165.96 590.55   L 165.96 602.67   A 0.57 0.57 0.0 0 0 166.53 603.24   L 186.17 603.24   A 0.57 0.57 0.0 0 1 186.74 603.81   L 186.74 616.68   A 0.57 0.57 0.0 0 1 186.17 617.25   L 166.53 617.25   A 0.57 0.57 0.0 0 0 165.96 617.82   Z"/>
<path fill="#42561a" d="   M 241.64 617.50   A 0.30 0.30 0.0 0 0 241.48 617.90   L 257.14 650.54   A 0.31 0.31 0.0 0 1 256.86 650.99   L 243.51 650.99   A 0.91 0.91 0.0 0 1 242.69 650.48   L 227.79 619.41   A 0.55 0.55 0.0 0 0 226.74 619.65   L 226.74 650.44   A 0.55 0.55 0.0 0 1 226.19 650.99   L 214.33 650.99   A 0.59 0.59 0.0 0 1 213.74 650.40   L 213.74 576.06   A 0.33 0.32 0.0 0 1 214.07 575.74   C 224.84 575.73 230.53 575.24 238.55 576.51   C 251.17 578.50 255.29 590.91 253.71 602.07   Q 252.13 613.14 241.64 617.50   Z   M 226.74 590.47   L 226.76 604.53   A 0.43 0.43 0.0 0 0 227.19 604.96   L 234.04 604.95   A 7.24 6.64 -0.1 0 0 241.27 598.30   L 241.27 596.66   A 7.24 6.64 -0.1 0 0 234.02 590.03   L 227.17 590.04   A 0.43 0.43 0.0 0 0 226.74 590.47   Z"/>
<rect fill="#42561a" x="281.25" y="575.74" width="13.00" height="993.17" rx="0.39"/>
<path fill="#42561a" d="   M 438.99 868.95   L 429.31 869.81   C 416.35 854.07 409.19 834.55 407.35 814.71   C 404.91 788.53 403.82 768.86 395.96 748.08   Q 378.73 702.50 344.80 667.70   Q 338.21 660.94 326.64 651.57   A 0.13 0.13 0.0 0 0 326.46 651.58   A 0.13 0.12 -46.8 0 0 326.46 651.75   C 352.04 678.30 369.96 712.15 379.41 747.68   Q 382.13 757.90 382.94 765.93   C 384.18 778.09 384.01 787.76 383.70 803.21   Q 383.64 806.21 383.51 810.50   Q 382.59 841.48 395.04 869.91   Q 392.13 869.96 382.99 869.12   Q 367.19 867.67 359.21 866.18   Q 357.52 864.33 355.81 862.80   C 346.39 854.35 340.25 843.53 336.88 830.90   Q 330.04 805.26 333.22 782.00   Q 334.05 775.87 337.01 763.48   Q 339.44 753.31 341.31 745.05   Q 347.12 719.39 340.24 693.27   Q 334.22 670.43 324.43 651.41   A 0.57 0.56 84.6 0 0 324.09 651.12   L 323.76 651.02   A 0.74 0.73 8.6 0 1 323.24 650.32   L 323.24 576.07   A 0.34 0.33 -90.0 0 1 323.57 575.73   L 359.92 575.73   A 0.59 0.59 0.0 0 1 360.51 576.32   L 360.51 589.44   A 0.54 0.54 0.0 0 1 359.97 589.98   L 336.81 589.98   A 0.56 0.56 0.0 0 0 336.25 590.54   L 336.25 602.62   A 0.62 0.62 0.0 0 0 336.87 603.24   L 359.89 603.24   A 0.62 0.61 -0.0 0 1 360.51 603.85   L 360.51 616.66   A 0.59 0.59 0.0 0 1 359.92 617.25   L 336.85 617.25   A 0.60 0.60 0.0 0 0 336.25 617.85   L 336.25 636.14   A 0.60 0.59 -0.0 0 0 336.85 636.73   L 359.91 636.73   A 0.60 0.60 0.0 0 1 360.51 637.33   L 360.51 650.35   A 0.64 0.64 0.0 0 1 359.86 650.99   Q 332.22 650.95 330.01 651.06   Q 329.41 651.09 329.13 651.23   A 0.17 0.17 0.0 0 0 329.13 651.53   C 350.09 661.35 369.77 673.20 388.87 687.13   Q 405.58 699.30 417.45 712.78   Q 431.98 729.28 442.39 748.14   A 0.55 0.55 0.0 0 0 443.13 748.37   C 465.08 736.86 480.50 713.64 490.85 691.67   A 0.19 0.19 0.0 0 1 491.21 691.71   Q 497.02 716.80 498.68 743.46   Q 500.16 767.36 496.33 786.37   C 491.71 809.34 481.91 832.93 466.35 850.85   Q 456.12 862.62 438.99 868.95   Z"/>
<path fill="#42561a" d="   M 419.67 610.05   Q 423.32 616.32 427.84 624.02   A 0.23 0.23 0.0 0 0 428.26 623.90   L 428.26 576.09   A 0.36 0.35 -90.0 0 1 428.61 575.73   L 440.65 575.73   A 0.61 0.61 0.0 0 1 441.26 576.34   L 441.26 650.38   A 0.61 0.60 0.0 0 1 440.65 650.98   L 429.42 650.98   A 1.14 1.14 0.0 0 1 428.45 650.43   Q 421.22 638.34 408.59 616.67   Q 404.94 610.39 400.43 602.69   A 0.23 0.23 0.0 0 0 400.01 602.81   L 400.01 650.62   A 0.36 0.35 -90.0 0 1 399.66 650.98   L 387.62 650.98   A 0.61 0.61 0.0 0 1 387.01 650.37   L 387.01 576.33   A 0.61 0.60 0.0 0 1 387.62 575.73   L 398.85 575.73   A 1.14 1.14 0.0 0 1 399.82 576.28   Q 407.05 588.37 419.67 610.05   Z"/>
<path fill="#42561a" d="   M 471.62 650.95   A 0.39 0.39 0.0 0 1 471.24 650.56   L 471.24 576.06   A 0.32 0.32 0.0 0 1 471.55 575.74   C 480.72 575.71 489.32 575.42 498.02 576.45   Q 511.58 578.05 518.74 589.76   C 528.96 606.48 527.90 634.85 510.47 646.71   C 505.23 650.27 498.87 650.79 492.00 650.92   Q 483.78 651.08 471.62 650.95   Z   M 485.11 636.64   Q 493.06 637.17 499.07 635.99   C 507.32 634.39 510.97 625.54 511.77 617.99   Q 512.70 609.29 509.71 601.81   C 505.46 591.14 495.43 589.18 485.08 589.81   A 0.61 0.61 0.0 0 0 484.50 590.42   L 484.50 636.00   A 0.65 0.64 1.9 0 0 485.11 636.64   Z"/>
<path fill="#42561a" d="   M 565.57 637.26   L 583.12 637.26   A 0.60 0.60 0.0 0 1 583.72 637.86   L 583.72 650.38   A 0.60 0.60 0.0 0 1 583.12 650.98   L 552.61 650.98   A 0.60 0.60 0.0 0 1 552.01 650.38   L 552.01 576.33   A 0.60 0.60 0.0 0 1 552.61 575.73   L 564.37 575.73   A 0.60 0.60 0.0 0 1 564.97 576.33   L 564.97 636.66   A 0.60 0.60 0.0 0 0 565.57 637.26   Z"/>
<path fill="#42561a" d="   M 629.81 602.12   Q 629.87 602.12 629.90 602.11   A 0.27 0.18 -76.8 0 0 630.02 601.99   L 642.06 576.04   A 0.58 0.56 12.0 0 1 642.58 575.71   L 655.75 575.71   A 0.35 0.35 0.0 0 1 656.07 576.21   L 636.67 617.99   A 2.07 1.97 -34.2 0 0 636.49 618.82   L 636.49 650.62   A 0.33 0.32 -2.0 0 1 636.18 650.94   Q 635.59 650.98 629.88 650.99   Q 624.16 650.99 623.57 650.96   A 0.33 0.32 1.8 0 1 623.26 650.64   L 623.18 618.84   A 2.07 1.97 34.0 0 0 622.99 618.01   L 603.48 576.28   A 0.35 0.35 0.0 0 1 603.80 575.78   L 616.97 575.75   A 0.58 0.56 -12.1 0 1 617.49 576.07   L 629.60 601.99   A 0.27 0.18 76.6 0 0 629.72 602.11   Q 629.75 602.12 629.81 602.12   Z"/>















</svg>