<svg xmlns="http://www.w3.org/2000/svg" 
                      viewBox="0 0 973.28 973.85" 
                      width="973.28" 
                      height="973.85"
                      preserveAspectRatio="none"
                      data-content-extracted="true"
                      data-overflow="horizontal:4,vertical:4"
                      data-original-bounds="-90,-90,879.28,879.85">
                        <g transform="translate(92, 92)">
                          
    <path vector-effect="non-scaling-stroke" d="   M 3.34 195.99   Q 17.41 166.70 41.94 147.59   C 70.00 125.73 105.62 116.15 141.16 120.32   C 144.93 120.76 149.46 121.88 153.34 122.59   A 1.68 1.66 27.2 0 0 154.81 122.13   C 174.66 102.48 177.47 72.84 167.01 47.69   C 157.97 25.92 140.47 11.64 117.43 6.27   Q 111.07 4.79 99.47 4.94   Q 91.29 5.05 3.46 4.99   A 0.56 0.56 0.0 0 0 2.90 5.55   L 2.90 195.89   A 0.23 0.23 0.0 0 0 3.34 195.99"/>
    <path vector-effect="non-scaling-stroke" d="   M 632.78 130.75   L 582.82 130.75   A 0.54 0.53 90.0 0 1 582.29 130.21   L 582.29 74.67   A 0.43 0.42 0.0 0 0 581.86 74.25   L 524.45 74.25   A 0.37 0.36 0.0 0 0 524.08 74.61   L 524.08 130.22   A 0.53 0.53 0.0 0 1 523.55 130.75   L 497.20 130.75   A 0.38 0.37 0.0 0 0 496.82 131.12   L 496.82 177.97   A 0.29 0.29 0.0 0 0 497.11 178.26   L 523.68 178.26   A 0.40 0.40 0.0 0 1 524.08 178.66   Q 524.09 282.80 524.07 287.00   C 523.93 318.64 534.19 345.89 567.09 355.65   C 578.72 359.10 590.00 359.58 602.00 359.53   Q 604.91 359.52 633.18 359.49   A 0.30 0.30 0.0 0 0 633.48 359.19   L 633.48 311.14   A 0.36 0.36 0.0 0 0 633.12 310.78   Q 624.00 310.68 607.25 310.76   C 592.24 310.83 582.34 306.49 582.31 289.50   Q 582.27 257.61 582.29 178.54   A 0.27 0.27 0.0 0 1 582.56 178.27   L 633.17 178.27   A 0.31 0.31 0.0 0 0 633.48 177.96   L 633.48 131.45   A 0.70 0.70 0.0 0 0 632.78 130.75"/>
    <path vector-effect="non-scaling-stroke" d="   M 781.02 130.75   L 731.06 130.75   A 0.54 0.53 90.0 0 1 730.53 130.21   L 730.53 74.67   A 0.43 0.42 -0.0 0 0 730.10 74.25   L 672.69 74.25   A 0.37 0.36 -0.0 0 0 672.32 74.61   L 672.32 130.22   A 0.53 0.53 0.0 0 1 671.79 130.75   L 645.44 130.75   A 0.38 0.37 -0.0 0 0 645.06 131.12   L 645.06 177.97   A 0.29 0.29 0.0 0 0 645.35 178.26   L 671.92 178.26   A 0.40 0.40 0.0 0 1 672.32 178.66   Q 672.33 282.80 672.31 287.00   C 672.17 318.64 682.43 345.89 715.33 355.65   C 726.96 359.10 738.24 359.58 750.24 359.53   Q 753.15 359.52 781.42 359.49   A 0.30 0.30 0.0 0 0 781.72 359.19   L 781.72 311.14   A 0.36 0.36 0.0 0 0 781.36 310.78   Q 772.24 310.68 755.49 310.76   C 740.48 310.83 730.58 306.49 730.55 289.50   Q 730.51 257.61 730.53 178.54   A 0.27 0.27 0.0 0 1 730.80 178.27   L 781.41 178.27   A 0.31 0.31 0.0 0 0 781.72 177.96   L 781.72 131.45   A 0.70 0.70 0.0 0 0 781.02 130.75"/>
    <path vector-effect="non-scaling-stroke" d="   M 478.11 287.75   L 416.72 287.75   A 1.08 1.08 0.0 0 0 415.76 288.34   Q 405.38 308.76 385.01 313.53   Q 370.51 316.92 356.36 313.65   C 331.81 307.99 317.44 287.49 315.58 263.04   A 0.51 0.50 -2.1 0 1 316.09 262.50   L 482.18 262.50   A 0.52 0.51 -86.2 0 0 482.69 262.05   C 490.69 207.02 468.97 153.34 413.84 133.90   C 392.70 126.44 368.07 125.36 345.77 129.33   C 320.69 133.78 297.09 147.27 281.39 167.36   C 258.41 196.75 252.84 235.90 259.32 272.25   Q 264.60 301.89 283.55 324.74   C 301.14 345.95 328.34 359.40 356.01 362.24   Q 381.45 364.84 403.64 359.32   C 439.25 350.45 467.80 323.49 478.35 288.07   A 0.25 0.25 0.0 0 0 478.11 287.75"/>
    <path vector-effect="non-scaling-stroke" d="   M 1014.61 287.76   L 953.21 287.76   A 1.08 1.08 0.0 0 0 952.25 288.35   Q 941.87 308.78 921.49 313.55   Q 906.99 316.94 892.84 313.67   C 868.29 308.01 853.91 287.51 852.05 263.05   A 0.51 0.50 -2.1 0 1 852.56 262.51   L 1018.68 262.51   A 0.52 0.51 -86.2 0 0 1019.19 262.06   C 1027.19 207.02 1005.46 153.33 950.32 133.89   C 929.18 126.43 904.55 125.35 882.24 129.32   C 857.16 133.77 833.56 147.27 817.86 167.36   C 794.87 196.75 789.30 235.91 795.79 272.27   Q 801.07 301.91 820.02 324.76   C 837.61 345.97 864.82 359.43 892.49 362.26   Q 917.94 364.86 940.13 359.34   C 975.74 350.47 1004.30 323.51 1014.85 288.08   A 0.25 0.25 0.0 0 0 1014.61 287.76"/>
    <path vector-effect="non-scaling-stroke" d="   M 1091.12 165.39   L 1091.12 131.18   A 0.43 0.43 0.0 0 0 1090.69 130.75   L 1033.68 130.75   A 0.37 0.36 90.0 0 0 1033.32 131.12   L 1033.32 359.19   A 0.32 0.32 0.0 0 0 1033.64 359.51   L 1090.84 359.51   A 0.29 0.28 -90.0 0 0 1091.12 359.22   Q 1091.13 318.58 1091.11 256.72   C 1091.10 231.35 1090.65 203.30 1118.87 192.65   C 1132.28 187.59 1146.29 188.21 1160.78 188.24   A 0.53 0.52 -0.0 0 0 1161.31 187.72   L 1161.31 127.98   A 0.41 0.41 0.0 0 0 1160.88 127.57   Q 1153.27 127.84 1146.59 128.77   C 1123.72 131.96 1103.98 146.12 1091.64 165.54   A 0.28 0.28 0.0 0 1 1091.12 165.39"/>
    <path vector-effect="non-scaling-stroke" d="   M 244.97 252.00   A 121.11 121.11 0.0 0 0 123.86 130.89   A 121.11 121.11 0.0 0 0 2.75 252.00   A 121.11 121.11 0.0 0 0 123.86 373.11   A 121.11 121.11 0.0 0 0 244.97 252.00"/>
    <path vector-effect="non-scaling-stroke" d="   M 394.89 461.47   C 389.82 467.27 381.12 468.90 374.82 464.82   C 365.50 458.79 364.27 445.12 366.96 435.28   Q 370.32 422.95 382.15 421.88   C 387.15 421.43 390.77 423.55 394.12 426.88   A 0.26 0.26 0.0 0 0 394.50 426.87   L 398.03 422.78   A 0.21 0.21 0.0 0 0 398.02 422.50   Q 391.10 415.16 382.47 415.60   Q 366.11 416.45 360.42 432.23   C 356.77 442.37 357.94 457.47 365.56 465.55   Q 376.80 477.49 392.65 470.67   Q 394.36 469.93 398.90 465.76   A 1.06 1.06 0.0 0 0 398.95 464.25   L 396.38 461.50   A 1.05 1.05 0.0 0 0 394.89 461.47"/>
    <path vector-effect="non-scaling-stroke" d="   M 601.57 444.32   C 601.56 458.79 609.02 473.13 625.24 473.14   C 641.47 473.15 648.94 458.82 648.95 444.35   C 648.96 429.89 641.51 415.55 625.28 415.54   C 609.06 415.52 601.58 429.86 601.57 444.32"/>
    <path vector-effect="non-scaling-stroke" d="   M 753.23 444.32   C 753.22 458.79 760.68 473.14 776.91 473.15   C 793.13 473.16 800.61 458.82 800.62 444.35   C 800.63 429.88 793.17 415.54 776.94 415.53   C 760.71 415.52 753.24 429.86 753.23 444.32"/>
    <path vector-effect="non-scaling-stroke" d="   M 862.09 449.26   L 872.99 449.26   A 0.42 0.42 0.0 0 1 873.41 449.68   L 873.42 463.14   A 1.33 1.30 -24.1 0 1 873.07 464.03   Q 872.22 464.98 870.34 465.61   Q 858.26 469.70 850.71 461.75   C 841.65 452.22 842.66 425.97 858.34 422.50   C 863.05 421.46 867.65 421.31 871.63 424.13   Q 873.95 425.77 874.41 426.37   A 0.76 0.76 0.0 0 0 875.55 426.45   L 878.46 423.54   A 1.12 1.11 -45.5 0 0 878.45 421.96   Q 872.73 416.29 865.74 415.73   C 844.46 414.00 835.33 432.81 838.38 451.45   C 840.30 463.21 848.40 472.13 860.50 473.08   Q 871.11 473.91 879.01 467.55   A 2.24 2.23 70.8 0 0 879.85 465.80   L 879.85 444.05   A 0.57 0.56 0.0 0 0 879.28 443.49   L 862.05 443.49   A 0.43 0.43 0.0 0 0 861.62 443.92   L 861.62 448.79   A 0.47 0.47 0.0 0 0 862.09 449.26"/>
    <path vector-effect="non-scaling-stroke" d="   M 230.17 472.26   Q 232.48 472.26 233.19 472.27   A 0.55 0.55 0.0 0 0 233.75 471.72   L 233.75 422.92   A 0.41 0.41 0.0 0 1 234.16 422.51   L 249.93 422.51   A 0.64 0.63 90.0 0 0 250.56 421.87   L 250.56 417.41   A 0.67 0.67 0.0 0 0 249.89 416.74   Q 240.00 416.73 230.19 416.73   Q 220.38 416.72 210.49 416.73   A 0.67 0.67 0.0 0 0 209.82 417.40   L 209.82 421.86   A 0.64 0.63 -90.0 0 0 210.45 422.50   L 226.22 422.51   A 0.41 0.41 0.0 0 1 226.63 422.92   L 226.60 471.72   A 0.55 0.55 0.0 0 0 227.16 472.27   Q 227.87 472.26 230.17 472.26"/>
    <path vector-effect="non-scaling-stroke" d="   M 296.28 440.00   A 0.48 0.48 0.0 0 1 295.80 439.52   L 295.80 422.98   A 0.48 0.48 0.0 0 1 296.28 422.50   L 320.32 422.50   A 0.48 0.48 0.0 0 0 320.80 422.02   L 320.80 417.22   A 0.48 0.48 0.0 0 0 320.32 416.74   L 289.21 416.74   A 0.48 0.48 0.0 0 0 288.73 417.22   L 288.73 471.78   A 0.48 0.48 0.0 0 0 289.21 472.26   L 321.16 472.26   A 0.48 0.48 0.0 0 0 321.64 471.78   L 321.64 466.72   A 0.48 0.48 0.0 0 0 321.16 466.24   L 296.28 466.24   A 0.48 0.48 0.0 0 1 295.80 465.76   L 295.80 446.48   A 0.48 0.48 0.0 0 1 296.28 446.00   L 316.42 446.00   A 0.48 0.48 0.0 0 0 316.90 445.52   L 316.90 440.48   A 0.48 0.48 0.0 0 0 316.42 440.00   L 296.28 440.00"/>
    <path vector-effect="non-scaling-stroke" d="   M 458.19 445.99   Q 470.18 445.99 470.74 446.02   A 0.39 0.39 0.0 0 1 471.11 446.41   L 471.11 471.75   A 0.52 0.52 0.0 0 0 471.63 472.27   L 477.63 472.27   A 0.54 0.54 0.0 0 0 478.17 471.73   L 478.17 417.15   A 0.39 0.39 0.0 0 0 477.78 416.76   L 471.50 416.76   A 0.39 0.39 0.0 0 0 471.11 417.15   L 471.11 439.40   A 0.59 0.58 -0.6 0 1 470.54 439.98   Q 469.40 440.00 458.19 440.00   Q 446.98 440.00 445.84 439.98   A 0.59 0.58 0.6 0 1 445.26 439.39   L 445.28 417.14   A 0.39 0.39 0.0 0 0 444.89 416.75   L 438.61 416.75   A 0.39 0.39 0.0 0 0 438.22 417.14   L 438.19 471.72   A 0.54 0.54 0.0 0 0 438.73 472.26   L 444.73 472.26   A 0.52 0.52 0.0 0 0 445.25 471.74   L 445.26 446.40   A 0.39 0.39 0.0 0 1 445.63 446.02   Q 446.19 445.99 458.19 445.99"/>
    <path vector-effect="non-scaling-stroke" d="   M 538.86 446.05   Q 542.58 452.41 553.59 471.52   A 1.46 1.46 0.0 0 0 554.86 472.26   L 560.58 472.26   A 0.70 0.70 0.0 0 0 561.28 471.56   L 561.28 417.08   A 0.35 0.35 0.0 0 0 560.93 416.73   L 554.92 416.73   A 0.32 0.32 0.0 0 0 554.60 417.05   C 554.49 437.53 554.44 449.69 555.42 462.58   A 0.26 0.26 0.0 0 1 554.93 462.72   Q 548.95 451.23 544.08 442.92   Q 540.36 436.56 529.35 417.45   A 1.46 1.46 0.0 0 0 528.08 416.71   L 522.36 416.71   A 0.70 0.70 0.0 0 0 521.66 417.41   L 521.66 471.89   A 0.35 0.35 0.0 0 0 522.01 472.24   L 528.02 472.24   A 0.32 0.32 0.0 0 0 528.34 471.92   C 528.45 451.44 528.50 439.28 527.52 426.39   A 0.26 0.26 0.0 0 1 528.01 426.25   Q 533.99 437.74 538.86 446.05"/>
    <path vector-effect="non-scaling-stroke" d="   M 689.61 416.75   A 0.44 0.44 0.0 0 0 689.17 417.19   L 689.17 471.83   A 0.44 0.44 0.0 0 0 689.61 472.27   L 720.09 472.27   A 0.44 0.44 0.0 0 0 720.53 471.83   L 720.53 466.68   A 0.44 0.44 0.0 0 0 720.09 466.24   L 696.68 466.24   A 0.44 0.44 0.0 0 1 696.24 465.80   L 696.24 417.19   A 0.44 0.44 0.0 0 0 695.80 416.75   L 689.61 416.75"/>
    <path vector-effect="non-scaling-stroke" d="   M 933.94 472.25   Q 936.98 472.25 937.12 472.22   A 0.46 0.46 0.0 0 0 937.50 471.77   L 937.51 451.81   A 4.68 4.61 58.6 0 1 937.99 449.75   L 954.15 416.95   A 0.14 0.14 0.0 0 0 954.03 416.75   L 947.03 416.75   A 0.41 0.40 -77.5 0 0 946.66 416.99   Q 940.48 430.36 934.44 443.69   Q 934.31 443.99 933.95 443.99   Q 933.60 443.99 933.46 443.69   Q 927.44 430.35 921.28 416.97   A 0.41 0.40 77.6 0 0 920.91 416.73   L 913.91 416.73   A 0.14 0.14 0.0 0 0 913.79 416.93   L 929.91 449.75   A 4.68 4.61 -58.5 0 1 930.39 451.81   L 930.37 471.77   A 0.46 0.46 0.0 0 0 930.75 472.22   Q 930.89 472.25 933.94 472.25"/>
    <path vector-effect="non-scaling-stroke" d="   M 316.63 223.77   L 424.04 223.77   A 0.34 0.33 -90.0 0 0 424.37 223.43   C 424.03 197.13 404.56 178.46 379.09 175.20   C 360.57 172.83 343.27 177.12 330.41 190.92   Q 318.65 203.52 316.03 223.09   A 0.60 0.60 0.0 0 0 316.63 223.77"/>
    <path vector-effect="non-scaling-stroke" d="   M 853.12 223.74   L 960.52 223.73   A 0.34 0.33 90.0 0 0 960.85 223.39   C 960.51 197.09 941.04 178.43 915.57 175.17   C 897.05 172.80 879.75 177.09 866.90 190.90   Q 855.14 203.50 852.52 223.06   A 0.60 0.60 0.0 0 0 853.12 223.74"/>
    <path vector-effect="non-scaling-stroke" d="   M 608.83 444.37   C 608.83 454.38 613.05 466.93 625.22 466.93   C 637.39 466.93 641.61 454.38 641.61 444.36   C 641.61 434.35 637.38 421.80 625.21 421.80   C 613.05 421.80 608.83 434.35 608.83 444.37"/>
    <path vector-effect="non-scaling-stroke" d="   M 760.51 444.34   C 760.50 454.35 764.70 466.91 776.87 466.93   C 789.03 466.94 793.27 454.39 793.28 444.38   C 793.29 434.37 789.09 421.82 776.92 421.80   C 764.76 421.78 760.52 434.33 760.51 444.34"/>
    
    <path fill="#333333" d="   M 3.34 195.99   A 0.23 0.23 0.0 0 1 2.90 195.89   L 2.90 5.55   A 0.56 0.56 0.0 0 1 3.46 4.99   Q 91.29 5.05 99.47 4.94   Q 111.07 4.79 117.43 6.27   C 140.47 11.64 157.97 25.92 167.01 47.69   C 177.47 72.84 174.66 102.48 154.81 122.13   A 1.68 1.66 27.2 0 1 153.34 122.59   C 149.46 121.88 144.93 120.76 141.16 120.32   C 105.62 116.15 70.00 125.73 41.94 147.59   Q 17.41 166.70 3.34 195.99   Z"/>
    <path fill="#333333" d="   M 633.48 131.45   L 633.48 177.96   A 0.31 0.31 0.0 0 1 633.17 178.27   L 582.56 178.27   A 0.27 0.27 0.0 0 0 582.29 178.54   Q 582.27 257.61 582.31 289.50   C 582.34 306.49 592.24 310.83 607.25 310.76   Q 624.00 310.68 633.12 310.78   A 0.36 0.36 0.0 0 1 633.48 311.14   L 633.48 359.19   A 0.30 0.30 0.0 0 1 633.18 359.49   Q 604.91 359.52 602.00 359.53   C 590.00 359.58 578.72 359.10 567.09 355.65   C 534.19 345.89 523.93 318.64 524.07 287.00   Q 524.09 282.80 524.08 178.66   A 0.40 0.40 0.0 0 0 523.68 178.26   L 497.11 178.26   A 0.29 0.29 0.0 0 1 496.82 177.97   L 496.82 131.12   A 0.38 0.37 -0.0 0 1 497.20 130.75   L 523.55 130.75   A 0.53 0.53 0.0 0 0 524.08 130.22   L 524.08 74.61   A 0.37 0.36 0.0 0 1 524.45 74.25   L 581.86 74.25   A 0.43 0.42 -0.0 0 1 582.29 74.67   L 582.29 130.21   A 0.54 0.53 -90.0 0 0 582.82 130.75   L 632.78 130.75   A 0.70 0.70 0.0 0 1 633.48 131.45   Z"/>
    <path fill="#333333" d="   M 781.02 130.75   A 0.70 0.70 0.0 0 1 781.72 131.45   L 781.72 177.96   A 0.31 0.31 0.0 0 1 781.41 178.27   L 730.80 178.27   A 0.27 0.27 0.0 0 0 730.53 178.54   Q 730.51 257.61 730.55 289.50   C 730.58 306.49 740.48 310.83 755.49 310.76   Q 772.24 310.68 781.36 310.78   A 0.36 0.36 0.0 0 1 781.72 311.14   L 781.72 359.19   A 0.30 0.30 0.0 0 1 781.42 359.49   Q 753.15 359.52 750.24 359.53   C 738.24 359.58 726.96 359.10 715.33 355.65   C 682.43 345.89 672.17 318.64 672.31 287.00   Q 672.33 282.80 672.32 178.66   A 0.40 0.40 0.0 0 0 671.92 178.26   L 645.35 178.26   A 0.29 0.29 0.0 0 1 645.06 177.97   L 645.06 131.12   A 0.38 0.37 -0.0 0 1 645.44 130.75   L 671.79 130.75   A 0.53 0.53 0.0 0 0 672.32 130.22   L 672.32 74.61   A 0.37 0.36 -0.0 0 1 672.69 74.25   L 730.10 74.25   A 0.43 0.42 -0.0 0 1 730.53 74.67   L 730.53 130.21   A 0.54 0.53 90.0 0 0 731.06 130.75   L 781.02 130.75   Z"/>
    <path fill="#333333" d="   M 478.11 287.75   A 0.25 0.25 0.0 0 1 478.35 288.07   C 467.80 323.49 439.25 350.45 403.64 359.32   Q 381.45 364.84 356.01 362.24   C 328.34 359.40 301.14 345.95 283.55 324.74   Q 264.60 301.89 259.32 272.25   C 252.84 235.90 258.41 196.75 281.39 167.36   C 297.09 147.27 320.69 133.78 345.77 129.33   C 368.07 125.36 392.70 126.44 413.84 133.90   C 468.97 153.34 490.69 207.02 482.69 262.05   A 0.52 0.51 -86.2 0 1 482.18 262.50   L 316.09 262.50   A 0.51 0.50 -2.1 0 0 315.58 263.04   C 317.44 287.49 331.81 307.99 356.36 313.65   Q 370.51 316.92 385.01 313.53   Q 405.38 308.76 415.76 288.34   A 1.08 1.08 0.0 0 1 416.72 287.75   L 478.11 287.75   Z   M 316.63 223.77   L 424.04 223.77   A 0.34 0.33 -90.0 0 0 424.37 223.43   C 424.03 197.13 404.56 178.46 379.09 175.20   C 360.57 172.83 343.27 177.12 330.41 190.92   Q 318.65 203.52 316.03 223.09   A 0.60 0.60 0.0 0 0 316.63 223.77   Z"/>
    <path fill="#333333" d="   M 1014.61 287.76   A 0.25 0.25 0.0 0 1 1014.85 288.08   C 1004.30 323.51 975.74 350.47 940.13 359.34   Q 917.94 364.86 892.49 362.26   C 864.82 359.43 837.61 345.97 820.02 324.76   Q 801.07 301.91 795.79 272.27   C 789.30 235.91 794.87 196.75 817.86 167.36   C 833.56 147.27 857.16 133.77 882.24 129.32   C 904.55 125.35 929.18 126.43 950.32 133.89   C 1005.46 153.33 1027.19 207.02 1019.19 262.06   A 0.52 0.51 -86.2 0 1 1018.68 262.51   L 852.56 262.51   A 0.51 0.50 -2.1 0 0 852.05 263.05   C 853.91 287.51 868.29 308.01 892.84 313.67   Q 906.99 316.94 921.49 313.55   Q 941.87 308.78 952.25 288.35   A 1.08 1.08 0.0 0 1 953.21 287.76   L 1014.61 287.76   Z   M 853.12 223.74   L 960.52 223.73   A 0.34 0.33 90.0 0 0 960.85 223.39   C 960.51 197.09 941.04 178.43 915.57 175.17   C 897.05 172.80 879.75 177.09 866.90 190.90   Q 855.14 203.50 852.52 223.06   A 0.60 0.60 0.0 0 0 853.12 223.74   Z"/>
    <path fill="#333333" d="   M 1091.12 165.39   A 0.28 0.28 0.0 0 0 1091.64 165.54   C 1103.98 146.12 1123.72 131.96 1146.59 128.77   Q 1153.27 127.84 1160.88 127.57   A 0.41 0.41 0.0 0 1 1161.31 127.98   L 1161.31 187.72   A 0.53 0.52 -0.0 0 1 1160.78 188.24   C 1146.29 188.21 1132.28 187.59 1118.87 192.65   C 1090.65 203.30 1091.10 231.35 1091.11 256.72   Q 1091.13 318.58 1091.12 359.22   A 0.29 0.28 -90.0 0 1 1090.84 359.51   L 1033.64 359.51   A 0.32 0.32 0.0 0 1 1033.32 359.19   L 1033.32 131.12   A 0.37 0.36 90.0 0 1 1033.68 130.75   L 1090.69 130.75   A 0.43 0.43 0.0 0 1 1091.12 131.18   L 1091.12 165.39   Z"/>
    
    
    <path fill="#333333" d="   M 394.89 461.47   A 1.05 1.05 0.0 0 1 396.38 461.50   L 398.95 464.25   A 1.06 1.06 0.0 0 1 398.90 465.76   Q 394.36 469.93 392.65 470.67   Q 376.80 477.49 365.56 465.55   C 357.94 457.47 356.77 442.37 360.42 432.23   Q 366.11 416.45 382.47 415.60   Q 391.10 415.16 398.02 422.50   A 0.21 0.21 0.0 0 1 398.03 422.78   L 394.50 426.87   A 0.26 0.26 0.0 0 1 394.12 426.88   C 390.77 423.55 387.15 421.43 382.15 421.88   Q 370.32 422.95 366.96 435.28   C 364.27 445.12 365.50 458.79 374.82 464.82   C 381.12 468.90 389.82 467.27 394.89 461.47   Z"/>
    <path fill="#333333" d="   M 625.28 415.54   C 641.51 415.55 648.96 429.89 648.95 444.35   C 648.94 458.82 641.47 473.15 625.24 473.14   C 609.02 473.13 601.56 458.79 601.57 444.32   C 601.58 429.86 609.06 415.52 625.28 415.54   Z   M 608.83 444.37   C 608.83 454.38 613.05 466.93 625.22 466.93   C 637.39 466.93 641.61 454.38 641.61 444.36   C 641.61 434.35 637.38 421.80 625.21 421.80   C 613.05 421.80 608.83 434.35 608.83 444.37   Z"/>
    <path fill="#333333" d="   M 753.23 444.32   C 753.24 429.86 760.71 415.52 776.94 415.53   C 793.17 415.54 800.63 429.88 800.62 444.35   C 800.61 458.82 793.13 473.16 776.91 473.15   C 760.68 473.14 753.22 458.79 753.23 444.32   Z   M 760.51 444.34   C 760.50 454.35 764.70 466.91 776.87 466.93   C 789.03 466.94 793.27 454.39 793.28 444.38   C 793.29 434.37 789.09 421.82 776.92 421.80   C 764.76 421.78 760.52 434.33 760.51 444.34   Z"/>
    <path fill="#333333" d="   M 862.09 449.26   A 0.47 0.47 0.0 0 1 861.62 448.79   L 861.62 443.92   A 0.43 0.43 0.0 0 1 862.05 443.49   L 879.28 443.49   A 0.57 0.56 -0.0 0 1 879.85 444.05   L 879.85 465.80   A 2.24 2.23 70.8 0 1 879.01 467.55   Q 871.11 473.91 860.50 473.08   C 848.40 472.13 840.30 463.21 838.38 451.45   C 835.33 432.81 844.46 414.00 865.74 415.73   Q 872.73 416.29 878.45 421.96   A 1.12 1.11 -45.5 0 1 878.46 423.54   L 875.55 426.45   A 0.76 0.76 0.0 0 1 874.41 426.37   Q 873.95 425.77 871.63 424.13   C 867.65 421.31 863.05 421.46 858.34 422.50   C 842.66 425.97 841.65 452.22 850.71 461.75   Q 858.26 469.70 870.34 465.61   Q 872.22 464.98 873.07 464.03   A 1.33 1.30 -24.1 0 0 873.42 463.14   L 873.41 449.68   A 0.42 0.42 0.0 0 0 872.99 449.26   L 862.09 449.26   Z"/>
    <path fill="#333333" d="   M 230.19 416.73   Q 240.00 416.73 249.89 416.74   A 0.67 0.67 0.0 0 1 250.56 417.41   L 250.56 421.87   A 0.64 0.63 90.0 0 1 249.93 422.51   L 234.16 422.51   A 0.41 0.41 0.0 0 0 233.75 422.92   L 233.75 471.72   A 0.55 0.55 0.0 0 1 233.19 472.27   Q 232.48 472.26 230.17 472.26   Q 227.87 472.26 227.16 472.27   A 0.55 0.55 0.0 0 1 226.60 471.72   L 226.63 422.92   A 0.41 0.41 0.0 0 0 226.22 422.51   L 210.45 422.50   A 0.64 0.63 -90.0 0 1 209.82 421.86   L 209.82 417.40   A 0.67 0.67 0.0 0 1 210.49 416.73   Q 220.38 416.72 230.19 416.73   Z"/>
    <path fill="#333333" d="   M 296.28 440.00   L 316.42 440.00   A 0.48 0.48 0.0 0 1 316.90 440.48   L 316.90 445.52   A 0.48 0.48 0.0 0 1 316.42 446.00   L 296.28 446.00   A 0.48 0.48 0.0 0 0 295.80 446.48   L 295.80 465.76   A 0.48 0.48 0.0 0 0 296.28 466.24   L 321.16 466.24   A 0.48 0.48 0.0 0 1 321.64 466.72   L 321.64 471.78   A 0.48 0.48 0.0 0 1 321.16 472.26   L 289.21 472.26   A 0.48 0.48 0.0 0 1 288.73 471.78   L 288.73 417.22   A 0.48 0.48 0.0 0 1 289.21 416.74   L 320.32 416.74   A 0.48 0.48 0.0 0 1 320.80 417.22   L 320.80 422.02   A 0.48 0.48 0.0 0 1 320.32 422.50   L 296.28 422.50   A 0.48 0.48 0.0 0 0 295.80 422.98   L 295.80 439.52   A 0.48 0.48 0.0 0 0 296.28 440.00   Z"/>
    <path fill="#333333" d="   M 458.19 440.00   Q 469.40 440.00 470.54 439.98   A 0.59 0.58 -0.6 0 0 471.11 439.40   L 471.11 417.15   A 0.39 0.39 0.0 0 1 471.50 416.76   L 477.78 416.76   A 0.39 0.39 0.0 0 1 478.17 417.15   L 478.17 471.73   A 0.54 0.54 0.0 0 1 477.63 472.27   L 471.63 472.27   A 0.52 0.52 0.0 0 1 471.11 471.75   L 471.11 446.41   A 0.39 0.39 0.0 0 0 470.74 446.02   Q 470.18 445.99 458.19 445.99   Q 446.19 445.99 445.63 446.02   A 0.39 0.39 0.0 0 0 445.26 446.40   L 445.25 471.74   A 0.52 0.52 0.0 0 1 444.73 472.26   L 438.73 472.26   A 0.54 0.54 0.0 0 1 438.19 471.72   L 438.22 417.14   A 0.39 0.39 0.0 0 1 438.61 416.75   L 444.89 416.75   A 0.39 0.39 0.0 0 1 445.28 417.14   L 445.26 439.39   A 0.59 0.58 0.6 0 0 445.84 439.98   Q 446.98 440.00 458.19 440.00   Z"/>
    <path fill="#333333" d="   M 544.08 442.92   Q 548.95 451.23 554.93 462.72   A 0.26 0.26 0.0 0 0 555.42 462.58   C 554.44 449.69 554.49 437.53 554.60 417.05   A 0.32 0.32 0.0 0 1 554.92 416.73   L 560.93 416.73   A 0.35 0.35 0.0 0 1 561.28 417.08   L 561.28 471.56   A 0.70 0.70 0.0 0 1 560.58 472.26   L 554.86 472.26   A 1.46 1.46 0.0 0 1 553.59 471.52   Q 542.58 452.41 538.86 446.05   Q 533.99 437.74 528.01 426.25   A 0.26 0.26 0.0 0 0 527.52 426.39   C 528.50 439.28 528.45 451.44 528.34 471.92   A 0.32 0.32 0.0 0 1 528.02 472.24   L 522.01 472.24   A 0.35 0.35 0.0 0 1 521.66 471.89   L 521.66 417.41   A 0.70 0.70 0.0 0 1 522.36 416.71   L 528.08 416.71   A 1.46 1.46 0.0 0 1 529.35 417.45   Q 540.36 436.56 544.08 442.92   Z"/>
    <path fill="#333333" d="   M 689.61 416.75   L 695.80 416.75   A 0.44 0.44 0.0 0 1 696.24 417.19   L 696.24 465.80   A 0.44 0.44 0.0 0 0 696.68 466.24   L 720.09 466.24   A 0.44 0.44 0.0 0 1 720.53 466.68   L 720.53 471.83   A 0.44 0.44 0.0 0 1 720.09 472.27   L 689.61 472.27   A 0.44 0.44 0.0 0 1 689.17 471.83   L 689.17 417.19   A 0.44 0.44 0.0 0 1 689.61 416.75   Z"/>
    <path fill="#333333" d="   M 933.95 443.99   Q 934.31 443.99 934.44 443.69   Q 940.48 430.36 946.66 416.99   A 0.41 0.40 -77.5 0 1 947.03 416.75   L 954.03 416.75   A 0.14 0.14 0.0 0 1 954.15 416.95   L 937.99 449.75   A 4.68 4.61 58.6 0 0 937.51 451.81   L 937.50 471.77   A 0.46 0.46 0.0 0 1 937.12 472.22   Q 936.98 472.25 933.94 472.25   Q 930.89 472.25 930.75 472.22   A 0.46 0.46 0.0 0 1 930.37 471.77   L 930.39 451.81   A 4.68 4.61 -58.5 0 0 929.91 449.75   L 913.79 416.93   A 0.14 0.14 0.0 0 1 913.91 416.73   L 920.91 416.73   A 0.41 0.40 77.6 0 1 921.28 416.97   Q 927.44 430.35 933.46 443.69   Q 933.60 443.99 933.95 443.99   Z"/>
    
    
    <circle fill="#fd6728" cx="123.86" cy="252.00" r="121.11"/>

                        </g>
                    </svg>