<svg xmlns="http://www.w3.org/2000/svg" 
                      viewBox="0 0 502.76 494.75" 
                      width="502.76" 
                      height="494.75"
                      preserveAspectRatio="none"
                      data-content-extracted="true"
                      data-overflow="horizontal:4,vertical:4"
                      data-original-bounds="-90,-82.1,408.76,408.65">
                        <g transform="translate(92, 84.1)">
                          
    <path vector-effect="non-scaling-stroke" d="   M 23.00 0.00   Q 7.32 2.14 2.68 16.69   Q 2.01 18.78 2.82 20.13   Q 3.41 21.14 5.92 21.24   Q 7.22 21.29 16.39 22.34   A 1.67 1.67 0.0 0 0 18.12 21.32   C 19.99 16.78 21.22 13.40 26.85 12.69   C 36.69 11.43 37.95 18.26 37.65 26.19   A 0.52 0.51 -1.3 0 1 37.18 26.68   C 22.22 28.11 2.93 29.49 0.67 47.78   C -0.85 60.08 4.44 70.01 17.51 71.03   Q 30.69 72.07 39.29 62.57   A 0.86 0.85 -39.4 0 1 40.66 62.70   Q 43.42 67.32 47.09 70.10   A 2.59 2.59 0.0 0 0 50.36 69.99   L 59.98 61.62   A 1.93 1.93 0.0 0 0 60.31 59.08   C 57.23 54.54 55.19 52.06 55.22 46.70   Q 55.30 28.69 55.20 21.50   C 55.05 9.59 50.10 2.18 37.94 0.00"/>
    <path vector-effect="non-scaling-stroke" d="   M 100.40 0.00   Q 90.67 1.62 87.03 11.16   A 0.42 0.42 0.0 0 1 86.22 11.00   L 86.31 3.20   A 1.97 1.97 0.0 0 0 84.28 1.21   Q 83.96 1.21 72.76 1.23   Q 69.89 1.23 69.89 3.76   Q 69.91 22.76 69.89 67.01   C 69.89 69.38 70.63 70.21 72.96 70.19   Q 78.15 70.17 84.99 70.17   A 2.18 2.18 0.0 0 0 87.17 67.98   Q 87.15 34.48 87.26 27.75   C 87.35 22.20 88.95 16.11 95.53 15.77   C 101.69 15.46 103.79 20.90 103.79 26.01   Q 103.84 52.25 103.83 67.99   A 2.17 2.16 0.1 0 0 106.00 70.16   Q 111.90 70.15 118.31 70.20   C 120.61 70.22 121.07 69.05 121.07 67.00   Q 121.06 32.26 121.09 29.77   Q 121.16 23.88 122.06 21.72   Q 124.89 14.85 132.40 16.20   C 137.22 17.06 137.71 22.36 137.71 26.26   Q 137.68 49.34 137.72 68.08   A 2.09 2.08 90.0 0 0 139.80 70.17   L 152.64 70.17   A 2.30 2.30 0.0 0 0 154.94 67.89   Q 155.17 44.18 154.91 18.51   Q 154.75 2.90 139.93 0.00"/>
    <path vector-effect="non-scaling-stroke" d="   M 188.64 0.00   C 178.43 1.65 170.94 7.23 168.38 17.41   C 167.74 19.95 168.69 20.98 171.18 21.17   Q 174.90 21.45 181.87 22.29   A 2.08 2.08 0.0 0 0 184.15 20.73   Q 186.15 12.73 194.21 12.53   C 202.95 12.32 203.85 19.45 203.38 26.14   A 0.61 0.61 0.0 0 1 202.83 26.70   Q 193.76 27.49 187.24 28.69   C 176.87 30.60 167.80 36.68 166.42 47.43   C 165.15 57.36 168.24 67.70 179.15 70.31   C 187.63 72.34 196.14 70.68 202.61 64.92   Q 204.16 63.55 205.75 62.07"/>
    <path vector-effect="non-scaling-stroke" d="   M 205.75 62.07   C 207.99 65.08 209.95 68.27 212.99 70.25   A 2.62 2.62 0.0 0 0 216.14 70.03   L 225.68 61.74   A 2.11 2.09 52.9 0 0 226.05 59.00   Q 225.08 57.52 222.82 54.19   Q 221.24 51.87 221.21 47.75   Q 221.11 32.92 220.87 18.68   Q 220.65 5.70 208.57 1.38"/>
    <path vector-effect="non-scaling-stroke" d="   M 208.57 1.38   L 204.12 0.00"/>
    <path vector-effect="non-scaling-stroke" d="   M 315.17 0.00   C 291.91 2.76 286.79 30.76 291.75 48.99   C 294.77 60.08 301.98 69.06 313.46 70.97   C 333.06 74.24 344.68 60.05 346.84 41.99   C 348.93 24.56 342.47 2.36 321.98 0.00"/>
    <path vector-effect="non-scaling-stroke" d="   M 387.62 0.00   Q 378.70 1.42 375.05 9.54   Q 373.99 11.90 373.10 12.85"/>
    <path vector-effect="non-scaling-stroke" d="   M 373.10 12.85   Q 373.18 8.20 373.25 3.74   Q 373.28 1.29 370.72 1.24   Q 363.27 1.09 359.25 1.26   Q 356.83 1.36 356.83 3.99   Q 356.84 34.44 356.88 68.12   A 2.06 2.05 89.9 0 0 358.93 70.17   L 371.97 70.17   A 2.18 2.18 0.0 0 0 374.15 67.98   Q 374.06 34.47 374.20 29.25   Q 374.30 25.69 375.65 21.94   C 377.17 17.71 381.15 14.58 385.61 15.83   C 390.70 17.26 391.34 23.07 391.54 27.25   Q 391.58 28.30 391.56 68.26   A 1.88 1.88 0.0 0 0 393.42 70.14   Q 399.71 70.20 406.19 70.16   Q 407.21 70.16 407.79 69.69   Q 408.46 69.15 408.65 68.23"/>
    <path vector-effect="non-scaling-stroke" d="   M 408.65 68.23   Q 408.63 47.61 408.71 27.00   C 408.76 15.20 408.08 2.63 393.76 0.00"/>
    <path vector-effect="non-scaling-stroke" d="   M 258.48 47.11   Q 268.69 32.22 279.39 17.40   Q 282.13 13.61 282.37 11.87   Q 283.01 7.26 282.49 2.64   A 1.87 1.87 0.0 0 0 280.63 0.98   L 238.63 0.98   A 2.09 2.09 0.0 0 0 236.54 3.01   Q 236.39 7.76 236.47 12.53   Q 236.51 14.91 239.26 14.91   Q 256.10 14.90 259.91 14.88   A 0.32 0.32 0.0 0 1 260.17 15.39   Q 249.21 31.09 236.57 49.08   Q 234.49 52.04 234.30 54.09   Q 233.71 60.18 234.12 66.57   A 2.02 2.01 75.0 0 0 237.02 68.25   Q 258.60 57.69 281.04 68.20   A 1.96 1.96 0.0 0 0 283.83 66.53   Q 284.17 60.10 283.82 56.22   Q 283.61 53.89 281.72 52.84   Q 273.78 48.43 264.11 47.91   Q 259.77 47.68 258.71 47.59   A 0.31 0.31 0.0 0 1 258.48 47.11"/>
    <path vector-effect="non-scaling-stroke" d="   M 263.63 83.86   C 266.79 88.01 259.58 105.44 257.22 111.02   Q 256.84 111.92 257.31 112.59   A 1.40 1.35 -34.9 0 0 259.23 112.89   C 269.24 105.90 274.27 90.45 274.42 78.89   Q 274.44 77.19 273.67 76.18   Q 272.90 75.17 271.25 74.75   C 260.06 71.87 243.83 72.67 234.46 80.50   A 1.40 1.35 -39.9 0 0 234.25 82.43   Q 234.77 83.06 235.74 82.93   C 241.75 82.12 260.46 79.72 263.63 83.86"/>
    <path vector-effect="non-scaling-stroke" d="   M 57.75 79.38   Q 57.84 79.74 58.06 80.23   A 2.34 2.31 -82.1 0 0 58.65 81.02   C 106.94 123.87 175.05 133.70 233.73 106.75   Q 243.45 102.29 252.95 95.57   C 257.76 92.18 254.59 87.77 249.61 89.85   C 188.01 115.54 119.51 110.50 61.02 78.02   Q 59.77 77.32 58.64 77.73   A 1.41 1.41 0.0 0 0 57.75 79.38"/>
    <path vector-effect="non-scaling-stroke" d="   M 36.84 36.55   C 26.95 36.60 15.88 40.32 19.16 52.97   C 20.48 58.09 26.16 60.02 30.62 57.39   C 37.45 53.35 38.13 44.61 37.55 37.21   A 0.71 0.71 0.0 0 0 36.84 36.55"/>
    <path vector-effect="non-scaling-stroke" d="   M 106.11 0.00   C 112.86 0.97 116.79 5.47 119.50 11.40"/>
    <path vector-effect="non-scaling-stroke" d="   M 119.50 11.40   Q 119.34 11.73 119.23 11.79   A 0.83 0.78 65.7 0 1 118.14 11.34   C 115.86 5.77 112.13 2.13 105.67 1.27   Q 94.10 -0.29 88.52 10.26   C 87.94 11.36 86.95 12.03 85.78 11.86   A 1.04 1.03 4.2 0 1 84.89 10.84   L 84.89 3.49   A 1.07 1.07 0.0 0 0 83.82 2.42   L 72.79 2.42   A 1.47 1.47 0.0 0 0 71.32 3.89   L 71.32 67.56   A 1.30 1.29 -90.0 0 0 72.61 68.86   L 85.06 68.86   A 0.89 0.89 0.0 0 0 85.95 67.96   Q 85.84 46.30 86.06 27.52   Q 86.10 23.70 87.93 19.93   C 91.30 12.99 100.50 12.83 103.77 19.98   C 104.50 21.57 105.14 24.77 105.13 26.95   Q 105.11 28.81 105.15 63.79   A 2.21 2.20 31.4 0 0 105.40 64.81   C 107.89 69.60 114.41 68.96 119.05 68.83   A 0.90 0.89 -1.3 0 0 119.92 67.93   Q 119.82 42.15 119.93 26.76   Q 119.96 22.54 122.60 19.00   Q 125.48 15.15 129.59 15.03   Q 132.93 14.94 135.02 16.22   C 138.12 18.10 139.06 23.07 139.10 26.51   Q 139.33 50.32 139.09 67.69   A 1.16 1.16 0.0 0 0 140.25 68.87   L 152.77 68.87   A 1.19 1.19 0.0 0 0 153.96 67.67   Q 153.79 50.85 153.91 21.44   C 153.93 17.13 153.10 9.43 149.75 6.09   C 144.05 0.41 135.41 -0.16 128.38 3.11   Q 125.00 4.69 119.89 11.97"/>
    <path vector-effect="non-scaling-stroke" d="   M 119.89 11.97   Q 123.40 1.50 134.74 0.00"/>
    <path vector-effect="non-scaling-stroke" d="   M 119.89 11.97   Q 119.69 11.69 119.50 11.40"/>
    <path vector-effect="non-scaling-stroke" d="   M 208.57 1.38   Q 203.91 1.37 196.49 0.85   C 184.66 0.03 171.39 5.69 169.73 18.87   A 0.56 0.55 6.6 0 0 170.23 19.49   L 181.84 20.80   A 1.21 1.19 15.3 0 0 183.06 20.12   C 185.81 14.32 190.08 10.25 197.02 11.89   C 203.83 13.50 204.79 19.92 204.63 25.87   A 0.88 0.88 0.0 0 1 204.07 26.66   Q 200.40 28.16 199.49 28.29   C 187.05 30.05 171.33 31.06 168.13 46.52   C 166.61 53.89 168.03 63.26 175.18 66.76   Q 183.92 71.05 193.40 68.47   Q 195.25 67.97 199.55 65.29   Q 202.52 63.43 205.75 62.07"/>
    <path vector-effect="non-scaling-stroke" d="   M 291.34 35.67   C 291.35 44.55 293.13 52.88 298.33 60.24   C 303.09 66.96 310.32 70.14 318.67 70.13   C 327.02 70.12 334.24 66.91 338.98 60.18   C 344.17 52.81 345.92 44.47 345.91 35.59   C 345.89 26.71 344.12 18.38 338.91 11.02   C 334.15 4.30 326.92 1.11 318.57 1.12   C 310.23 1.14 303.01 4.34 298.27 11.08   C 293.08 18.45 291.33 26.79 291.34 35.67"/>
    <path vector-effect="non-scaling-stroke" d="   M 408.65 68.23   L 393.90 68.81   A 0.92 0.91 -0.9 0 1 392.95 67.90   Q 393.02 49.26 392.65 30.43   C 392.53 24.48 392.07 17.38 385.40 15.21   Q 381.89 14.08 379.14 15.87   C 373.90 19.30 372.87 27.18 372.88 33.00   Q 372.90 44.63 373.00 67.84   A 0.95 0.95 0.0 0 1 372.10 68.80   C 367.36 69.09 362.70 69.14 358.58 67.03   A 0.65 0.64 -76.3 0 1 358.24 66.46   L 358.24 3.53   A 1.22 1.22 0.0 0 1 359.46 2.31   L 370.37 2.31   A 1.54 1.54 0.0 0 1 371.91 3.85   L 371.91 12.21   A 0.70 0.70 0.0 0 0 372.72 12.90   L 373.10 12.85"/>
    <path vector-effect="non-scaling-stroke" d="   M 202.58 36.57   C 192.70 36.61 181.64 40.31 184.89 52.95   C 186.20 58.06 191.87 60.00 196.33 57.38   C 203.16 53.36 203.86 44.63 203.29 37.23   A 0.71 0.71 0.0 0 0 202.58 36.57"/>
    <path vector-effect="non-scaling-stroke" d="   M 308.60 35.58   C 308.62 44.06 308.91 58.30 318.76 58.27   C 328.61 58.25 328.82 44.01 328.80 35.52   C 328.77 27.04 328.48 12.80 318.63 12.83   C 308.78 12.85 308.57 27.09 308.60 35.58"/>
    
    <path fill="#221f1f" d="   M 37.94 0.00   C 50.10 2.18 55.05 9.59 55.20 21.50   Q 55.30 28.69 55.22 46.70   C 55.19 52.06 57.23 54.54 60.31 59.08   A 1.93 1.93 0.0 0 1 59.98 61.62   L 50.36 69.99   A 2.59 2.59 0.0 0 1 47.09 70.10   Q 43.42 67.32 40.66 62.70   A 0.86 0.85 -39.4 0 0 39.29 62.57   Q 30.69 72.07 17.51 71.03   C 4.44 70.01 -0.85 60.08 0.67 47.78   C 2.93 29.49 22.22 28.11 37.18 26.68   A 0.52 0.51 -1.3 0 0 37.65 26.19   C 37.95 18.26 36.69 11.43 26.85 12.69   C 21.22 13.40 19.99 16.78 18.12 21.32   A 1.67 1.67 0.0 0 1 16.39 22.34   Q 7.22 21.29 5.92 21.24   Q 3.41 21.14 2.82 20.13   Q 2.01 18.78 2.68 16.69   Q 7.32 2.14 23.00 0.00   L 37.94 0.00   Z   M 36.84 36.55   C 26.95 36.60 15.88 40.32 19.16 52.97   C 20.48 58.09 26.16 60.02 30.62 57.39   C 37.45 53.35 38.13 44.61 37.55 37.21   A 0.71 0.71 0.0 0 0 36.84 36.55   Z"/>
    
    
    
    
    <path fill="#221f1f" d="   M 393.76 0.00   C 408.08 2.63 408.76 15.20 408.71 27.00   Q 408.63 47.61 408.65 68.23   L 393.90 68.81   A 0.92 0.91 -0.9 0 1 392.95 67.90   Q 393.02 49.26 392.65 30.43   C 392.53 24.48 392.07 17.38 385.40 15.21   Q 381.89 14.08 379.14 15.87   C 373.90 19.30 372.87 27.18 372.88 33.00   Q 372.90 44.63 373.00 67.84   A 0.95 0.95 0.0 0 1 372.10 68.80   C 367.36 69.09 362.70 69.14 358.58 67.03   A 0.65 0.64 -76.3 0 1 358.24 66.46   L 358.24 3.53   A 1.22 1.22 0.0 0 1 359.46 2.31   L 370.37 2.31   A 1.54 1.54 0.0 0 1 371.91 3.85   L 371.91 12.21   A 0.70 0.70 0.0 0 0 372.72 12.90   L 373.10 12.85   Q 373.99 11.90 375.05 9.54   Q 378.70 1.42 387.62 0.00   L 393.76 0.00   Z"/>
    <path fill="#221f1f" d="   M 208.57 1.38   Q 220.65 5.70 220.87 18.68   Q 221.11 32.92 221.21 47.75   Q 221.24 51.87 222.82 54.19   Q 225.08 57.52 226.05 59.00   A 2.11 2.09 52.9 0 1 225.68 61.74   L 216.14 70.03   A 2.62 2.62 0.0 0 1 212.99 70.25   C 209.95 68.27 207.99 65.08 205.75 62.07   Q 202.52 63.43 199.55 65.29   Q 195.25 67.97 193.40 68.47   Q 183.92 71.05 175.18 66.76   C 168.03 63.26 166.61 53.89 168.13 46.52   C 171.33 31.06 187.05 30.05 199.49 28.29   Q 200.40 28.16 204.07 26.66   A 0.88 0.88 0.0 0 0 204.63 25.87   C 204.79 19.92 203.83 13.50 197.02 11.89   C 190.08 10.25 185.81 14.32 183.06 20.12   A 1.21 1.19 15.3 0 1 181.84 20.80   L 170.23 19.49   A 0.56 0.55 6.6 0 1 169.73 18.87   C 171.39 5.69 184.66 0.03 196.49 0.85   Q 203.91 1.37 208.57 1.38   Z   M 202.58 36.57   C 192.70 36.61 181.64 40.31 184.89 52.95   C 186.20 58.06 191.87 60.00 196.33 57.38   C 203.16 53.36 203.86 44.63 203.29 37.23   A 0.71 0.71 0.0 0 0 202.58 36.57   Z"/>
    <path fill="#221f1f" d="   M 119.50 11.40   Q 119.69 11.69 119.89 11.97   Q 125.00 4.69 128.38 3.11   C 135.41 -0.16 144.05 0.41 149.75 6.09   C 153.10 9.43 153.93 17.13 153.91 21.44   Q 153.79 50.85 153.96 67.67   A 1.19 1.19 0.0 0 1 152.77 68.87   L 140.25 68.87   A 1.16 1.16 0.0 0 1 139.09 67.69   Q 139.33 50.32 139.10 26.51   C 139.06 23.07 138.12 18.10 135.02 16.22   Q 132.93 14.94 129.59 15.03   Q 125.48 15.15 122.60 19.00   Q 119.96 22.54 119.93 26.76   Q 119.82 42.15 119.92 67.93   A 0.90 0.89 -1.3 0 1 119.05 68.83   C 114.41 68.96 107.89 69.60 105.40 64.81   A 2.21 2.20 31.4 0 1 105.15 63.79   Q 105.11 28.81 105.13 26.95   C 105.14 24.77 104.50 21.57 103.77 19.98   C 100.50 12.83 91.30 12.99 87.93 19.93   Q 86.10 23.70 86.06 27.52   Q 85.84 46.30 85.95 67.96   A 0.89 0.89 0.0 0 1 85.06 68.86   L 72.61 68.86   A 1.30 1.29 90.0 0 1 71.32 67.56   L 71.32 3.89   A 1.47 1.47 0.0 0 1 72.79 2.42   L 83.82 2.42   A 1.07 1.07 0.0 0 1 84.89 3.49   L 84.89 10.84   A 1.04 1.03 4.2 0 0 85.78 11.86   C 86.95 12.03 87.94 11.36 88.52 10.26   Q 94.10 -0.29 105.67 1.27   C 112.13 2.13 115.86 5.77 118.14 11.34   A 0.83 0.78 65.7 0 0 119.23 11.79   Q 119.34 11.73 119.50 11.40   Z"/>
    <path fill="#221f1f" d="   M 258.71 47.59   Q 259.77 47.68 264.11 47.91   Q 273.78 48.43 281.72 52.84   Q 283.61 53.89 283.82 56.22   Q 284.17 60.10 283.83 66.53   A 1.96 1.96 0.0 0 1 281.04 68.20   Q 258.60 57.69 237.02 68.25   A 2.02 2.01 75.0 0 1 234.12 66.57   Q 233.71 60.18 234.30 54.09   Q 234.49 52.04 236.57 49.08   Q 249.21 31.09 260.17 15.39   A 0.32 0.32 0.0 0 0 259.91 14.88   Q 256.10 14.90 239.26 14.91   Q 236.51 14.91 236.47 12.53   Q 236.39 7.76 236.54 3.01   A 2.09 2.09 0.0 0 1 238.63 0.98   L 280.63 0.98   A 1.87 1.87 0.0 0 1 282.49 2.64   Q 283.01 7.26 282.37 11.87   Q 282.13 13.61 279.39 17.40   Q 268.69 32.22 258.48 47.11   A 0.31 0.31 0.0 0 0 258.71 47.59   Z"/>
    <path fill="#221f1f" d="   M 318.57 1.12   C 326.92 1.11 334.15 4.30 338.91 11.02   C 344.12 18.38 345.89 26.71 345.91 35.59   C 345.92 44.47 344.17 52.81 338.98 60.18   C 334.24 66.91 327.02 70.12 318.67 70.13   C 310.32 70.14 303.09 66.96 298.33 60.24   C 293.13 52.88 291.35 44.55 291.34 35.67   C 291.33 26.79 293.08 18.45 298.27 11.08   C 303.01 4.34 310.23 1.14 318.57 1.12   Z   M 308.60 35.58   C 308.62 44.06 308.91 58.30 318.76 58.27   C 328.61 58.25 328.82 44.01 328.80 35.52   C 328.77 27.04 328.48 12.80 318.63 12.83   C 308.78 12.85 308.57 27.09 308.60 35.58   Z"/>
    
    
    
    
    <path fill="#ff9900" d="   M 273.67 76.18   Q 274.44 77.19 274.42 78.89   C 274.27 90.45 269.24 105.90 259.23 112.89   A 1.40 1.35 -34.9 0 1 257.31 112.59   Q 256.84 111.92 257.22 111.02   C 259.58 105.44 266.79 88.01 263.63 83.86   C 260.46 79.72 241.75 82.12 235.74 82.93   Q 234.77 83.06 234.25 82.43   A 1.40 1.35 -39.9 0 1 234.46 80.50   C 243.83 72.67 260.06 71.87 271.25 74.75   Q 272.90 75.17 273.67 76.18   Z"/>
    <path fill="#ff9900" d="   M 57.75 79.38   A 1.41 1.41 0.0 0 1 58.64 77.73   Q 59.77 77.32 61.02 78.02   C 119.51 110.50 188.01 115.54 249.61 89.85   C 254.59 87.77 257.76 92.18 252.95 95.57   Q 243.45 102.29 233.73 106.75   C 175.05 133.70 106.94 123.87 58.65 81.02   A 2.34 2.31 -82.1 0 1 58.06 80.23   Q 57.84 79.74 57.75 79.38   Z"/>

                        </g>
                    </svg>