<svg xmlns="http://www.w3.org/2000/svg" 
                      viewBox="0 0 986.25 999.47" 
                      width="986.25" 
                      height="999.47"
                      preserveAspectRatio="none"
                      data-content-extracted="true"
                      data-overflow="horizontal:4,vertical:4"
                      data-original-bounds="-90,-90,892.25,905.47">
                        <g transform="translate(92, 92)">
                          
    <path vector-effect="non-scaling-stroke" d="   M 278.84 493.69   Q 285.88 494.05 289.55 496.24   C 291.94 497.67 296.75 500.55 298.46 497.95   Q 299.66 496.13 298.91 494.24   Q 295.83 486.53 288.17 482.62   Q 280.20 478.54 271.69 481.03   A 0.43 0.43 0.0 0 1 271.14 480.70   Q 268.31 465.15 267.91 445.74   C 267.27 415.16 277.21 385.88 299.49 364.46   A 0.38 0.38 0.0 0 1 300.13 364.66   C 312.58 430.50 354.35 486.90 414.03 517.42   A 1.19 1.19 0.0 0 1 414.66 518.30   Q 417.74 538.61 425.06 558.70   Q 426.42 562.42 426.18 567.31   C 425.84 574.14 418.87 579.99 412.81 582.19   C 407.76 584.03 400.76 583.96 394.22 584.66   Q 384.67 585.67 375.83 589.12   C 365.25 593.24 358.88 601.62 353.85 611.46   A 0.43 0.42 13.6 0 0 354.23 612.08   Q 389.87 612.07 429.15 612.10   Q 442.79 612.11 444.81 611.59   C 454.44 609.09 461.28 600.72 461.35 590.81   Q 461.54 563.66 465.12 537.27   A 0.45 0.44 -80.1 0 1 465.66 536.89   Q 482.04 540.36 497.23 541.16   Q 528.86 542.81 560.11 536.86   A 0.64 0.64 0.0 0 1 560.87 537.40   Q 564.24 562.94 564.55 587.11   Q 564.64 594.09 565.69 597.28   C 568.65 606.23 576.57 612.15 586.00 612.09   Q 588.84 612.07 671.92 612.08   A 0.26 0.26 0.0 0 0 672.15 611.69   C 667.71 603.61 662.57 595.56 654.27 591.04   C 644.43 585.68 633.14 584.57 619.80 583.55   Q 610.41 582.83 603.64 575.41   C 600.13 571.57 599.03 567.66 600.06 562.76   Q 600.97 558.42 601.24 557.75   Q 608.78 539.06 611.16 518.72   A 1.92 1.92 0.0 0 1 612.16 517.26   Q 668.23 487.88 700.39 432.97   Q 719.10 401.03 725.87 364.59   A 0.39 0.39 0.0 0 1 726.53 364.39   Q 747.65 385.87 754.12 415.59   C 758.84 437.27 758.21 459.65 754.72 481.09   A 0.22 0.22 0.0 0 1 754.45 481.27   Q 744.76 478.59 735.98 483.74   C 732.00 486.07 725.51 492.37 727.20 497.41   C 728.08 500.02 731.94 498.84 733.44 497.82   Q 739.88 493.39 747.64 493.79   A 0.18 0.18 0.0 0 1 747.78 494.07   C 745.50 497.29 737.71 509.46 742.81 512.49   A 1.84 1.84 0.0 0 0 745.23 512.00   Q 748.99 506.89 755.17 501.29   A 0.35 0.35 0.0 0 1 755.75 501.55   C 755.70 504.63 755.42 515.71 759.85 516.33   Q 761.94 516.62 763.04 514.46   C 766.15 508.31 764.92 501.54 761.81 495.42   A 0.25 0.25 0.0 0 1 762.14 495.08   C 767.24 497.55 768.07 500.19 770.38 505.00   A 2.02 2.02 0.0 0 0 770.87 505.64   C 774.46 508.72 777.93 505.67 776.94 501.58   Q 774.37 491.07 763.77 488.92   A 0.30 0.30 0.0 0 1 763.56 488.48   C 781.58 454.92 789.27 417.61 780.33 380.40   C 773.39 351.48 756.08 325.70 730.76 310.13   A 2.29 2.28 -76.8 0 1 729.68 308.38   Q 725.25 252.92 694.83 205.77   A 0.42 0.41 -23.4 0 1 695.08 205.14   C 723.84 198.09 754.28 187.99 767.41 158.88   Q 779.36 132.41 771.20 105.50   A 0.65 0.64 -11.1 0 1 771.76 104.68   C 786.93 103.23 795.30 113.25 804.49 122.99   A 0.17 0.17 0.0 0 0 804.77 122.81   C 779.14 65.87 702.87 58.89 665.98 108.72   C 656.54 121.47 651.19 133.25 643.30 149.20   A 0.62 0.61 31.1 0 1 642.39 149.42   Q 614.41 129.12 582.34 117.49   A 0.45 0.45 0.0 0 1 582.12 116.82   Q 589.84 105.13 596.65 92.90   Q 604.42 78.97 617.79 55.30   C 624.59 43.25 634.38 19.21 623.00 7.08   Q 617.67 1.40 609.75 0.98   Q 595.93 0.25 583.91 7.14   Q 560.44 20.58 553.07 46.28   Q 549.50 58.71 551.08 71.25   Q 552.51 82.60 555.37 97.66   Q 556.55 103.87 556.71 110.16   A 0.45 0.45 0.0 0 1 556.17 110.61   Q 513.56 101.85 470.73 110.66   A 0.57 0.56 83.7 0 1 470.05 110.11   C 469.95 94.49 475.57 77.75 476.02 61.25   Q 476.14 57.18 474.92 51.60   Q 469.44 26.43 449.04 11.49   Q 439.96 4.84 430.94 2.31   Q 426.18 0.97 419.34 0.88   Q 412.57 0.78 408.03 3.22   C 390.24 12.79 399.53 38.88 406.51 52.26   C 411.57 61.95 418.03 72.06 423.90 82.79   C 430.91 95.60 436.98 106.47 443.75 116.62   A 0.67 0.67 0.0 0 1 443.41 117.63   Q 410.86 128.57 383.52 149.31   A 0.64 0.63 58.4 0 1 382.57 149.08   Q 375.80 135.44 370.51 125.25   C 356.86 99.02 333.86 78.99 303.52 75.82   C 268.40 72.15 236.09 90.01 221.22 122.53   A 0.21 0.21 0.0 0 0 221.56 122.76   Q 223.71 120.70 225.22 118.99   C 233.25 109.89 242.63 102.71 255.18 102.96   A 0.62 0.62 0.0 0 1 255.75 103.77   C 247.83 127.36 252.74 155.52 269.96 173.63   C 286.21 190.71 308.95 197.68 331.68 203.18   A 0.42 0.41 -68.4 0 1 331.94 203.79   Q 328.38 209.93 325.75 214.47   Q 300.91 257.41 297.14 306.70   A 1.66 1.65 -13.9 0 1 296.38 307.95   C 260.62 330.33 241.18 370.33 241.83 412.26   C 242.23 438.57 249.69 464.40 262.33 487.29   A 0.54 0.54 0.0 0 1 261.99 488.07   Q 253.98 490.19 250.19 497.65   C 249.22 499.55 247.88 503.90 250.25 505.30   C 253.09 506.99 255.37 504.99 256.46 502.14   C 257.90 498.38 259.81 495.83 263.58 494.25   A 0.40 0.39 -87.4 0 1 264.08 494.80   Q 259.39 503.82 262.63 513.11   Q 263.37 515.24 264.75 516.13   A 2.23 2.21 -54.9 0 0 267.72 515.60   C 270.36 512.15 270.33 505.51 270.20 501.22   A 0.23 0.23 0.0 0 1 270.61 501.08   Q 272.55 503.70 275.42 506.10   C 277.62 507.93 278.81 509.71 280.96 512.39   A 1.96 1.76 53.9 0 0 283.41 512.91   C 287.66 510.18 281.04 497.31 278.49 494.43   A 0.44 0.44 0.0 0 1 278.84 493.69"/>
    <path vector-effect="non-scaling-stroke" d="   M 93.61 793.41   C 98.79 793.41 103.25 790.72 105.79 786.28   Q 121.89 758.16 155.39 699.38   A 0.22 0.21 60.0 0 1 155.79 699.49   L 155.79 790.68   A 0.59 0.58 0.0 0 0 156.38 791.26   L 183.73 791.26   A 0.42 0.41 -0.0 0 0 184.15 790.85   Q 184.10 774.93 184.11 649.01   C 184.11 639.82 177.66 632.95 168.50 633.66   Q 161.38 634.21 157.42 641.15   Q 153.95 647.22 93.84 751.56   Q 93.77 751.69 93.60 751.69   Q 93.44 751.69 93.36 751.56   Q 33.22 647.24 29.75 641.17   Q 25.78 634.23 18.66 633.68   C 9.50 632.98 3.06 639.85 3.06 649.04   Q 3.11 774.96 3.06 790.88   A 0.42 0.41 -0.0 0 0 3.48 791.29   L 30.83 791.28   A 0.59 0.58 -0.0 0 0 31.42 790.70   L 31.39 699.51   A 0.22 0.21 -60.0 0 1 31.79 699.40   Q 65.31 758.17 81.42 786.28   C 83.97 790.72 88.43 793.41 93.61 793.41"/>
    <path vector-effect="non-scaling-stroke" d="   M 679.68 635.75   A 0.44 0.44 0.0 0 0 679.24 636.19   L 679.24 673.56   A 0.44 0.44 0.0 0 1 678.80 674.00   L 642.98 674.00   A 0.44 0.44 0.0 0 0 642.54 674.44   L 642.54 701.82   A 0.44 0.44 0.0 0 0 642.98 702.26   L 678.81 702.26   A 0.44 0.44 0.0 0 1 679.25 702.70   L 679.25 790.83   A 0.44 0.44 0.0 0 0 679.69 791.27   L 707.30 791.27   A 0.44 0.44 0.0 0 0 707.74 790.83   L 707.74 702.70   A 0.44 0.44 0.0 0 1 708.18 702.26   L 756.58 702.26   A 0.44 0.44 0.0 0 0 757.02 701.82   L 757.02 674.44   A 0.44 0.44 0.0 0 0 756.58 674.00   L 708.19 674.00   A 0.44 0.44 0.0 0 1 707.75 673.56   L 707.75 636.19   A 0.44 0.44 0.0 0 0 707.31 635.75   L 679.68 635.75"/>
    <path vector-effect="non-scaling-stroke" d="   M 340.4545 712.2267   A 38.29 38.29 0.0 0 0 302.0977 674.0036   L 248.8578 674.0965   A 38.29 38.29 0.0 0 0 210.6347 712.4533   L 210.7055 753.0333   A 38.29 38.29 0.0 0 0 249.0623 791.2564   L 302.3022 791.1635   A 38.29 38.29 0.0 0 0 340.5253 752.8067   L 340.4545 712.2267"/>
    <path vector-effect="non-scaling-stroke" d="   M 494.48 790.86   Q 494.53 766.43 494.47 726.75   C 494.45 707.12 486.60 690.88 469.33 681.18   Q 456.57 674.01 441.48 674.01   Q 395.52 674.01 383.90 673.98   C 375.28 673.95 370.02 674.53 365.98 681.54   Q 364.48 684.14 364.51 695.23   Q 364.63 738.86 364.51 790.47   A 0.80 0.79 0.4 0 0 365.31 791.27   L 392.43 791.27   A 0.35 0.35 0.0 0 0 392.78 790.92   L 392.78 702.64   A 0.36 0.36 0.0 0 1 393.14 702.28   Q 411.77 702.17 440.49 702.30   C 449.96 702.34 457.10 704.65 462.40 712.67   C 465.53 717.40 466.26 722.39 466.27 728.25   Q 466.32 753.77 466.28 790.88   A 0.39 0.39 0.0 0 0 466.67 791.27   L 494.07 791.27   A 0.41 0.41 0.0 0 0 494.48 790.86"/>
    <path vector-effect="non-scaling-stroke" d="   M 516.59 763.45   L 516.59 790.52   A 0.76 0.75 0.0 0 0 517.35 791.27   Q 585.18 791.28 591.00 791.26   C 605.63 791.19 619.49 785.63 626.97 773.06   C 634.76 759.94 634.13 742.83 626.10 729.67   C 618.33 716.93 606.39 712.24 591.50 712.24   Q 550.25 712.25 548.15 712.25   A 4.70 4.70 0.0 0 1 543.45 707.55   L 543.45 706.72   A 4.46 4.45 -90.0 0 1 547.90 702.26   L 618.22 702.26   A 0.38 0.37 90.0 0 0 618.59 701.88   L 618.59 674.39   A 0.39 0.39 0.0 0 0 618.20 674.00   Q 585.50 674.01 551.01 674.01   C 537.71 674.01 525.96 679.24 519.22 690.98   C 514.62 699.01 514.14 709.73 517.14 718.59   C 521.71 732.11 534.47 740.27 548.49 740.25   Q 570.21 740.21 593.49 740.29   Q 600.19 740.31 602.85 745.39   C 606.85 753.02 603.38 762.91 593.68 762.94   Q 565.44 763.05 517.07 762.98   A 0.48 0.47 -0.0 0 0 516.59 763.45"/>
    <path vector-effect="non-scaling-stroke" d="   M 861.71 764.25   Q 852.14 764.21 811.99 764.29   Q 804.04 764.31 800.85 758.58   Q 799.21 755.64 799.48 745.69   Q 799.61 740.96 799.45 718.32   Q 799.39 709.49 801.06 706.45   Q 804.19 700.77 812.26 700.76   Q 858.13 700.73 858.62 700.72   Q 864.76 700.62 867.27 701.64   C 874.57 704.61 876.30 713.10 872.50 719.51   Q 869.36 724.83 861.96 724.92   Q 849.33 725.08 811.94 724.97   A 0.41 0.41 0.0 0 0 811.53 725.38   L 811.53 751.45   A 0.30 0.29 -0.0 0 0 811.83 751.74   Q 828.31 751.73 858.26 751.75   C 869.77 751.76 877.26 750.65 885.72 744.26   Q 893.19 738.62 896.91 730.92   C 905.47 713.18 901.41 692.16 884.82 680.73   C 878.73 676.55 870.03 674.12 863.01 674.07   Q 849.27 673.96 812.25 673.99   Q 799.14 674.01 790.07 680.02   C 779.50 687.04 773.25 699.03 772.84 711.28   Q 772.67 716.42 772.64 740.65   Q 772.63 758.57 773.74 762.76   Q 776.88 774.48 786.18 782.27   C 794.61 789.33 804.56 791.27 815.50 791.27   Q 846.89 791.30 862.00 791.24   A 0.40 0.40 0.0 0 0 862.40 790.84   L 862.40 764.95   A 0.70 0.69 90.0 0 0 861.71 764.25"/>
    <path vector-effect="non-scaling-stroke" d="   M 1022.86 701.86   L 1022.86 674.56   A 0.55 0.55 0.0 0 0 1022.31 674.01   Q 963.21 673.96 960.00 674.04   C 942.04 674.49 926.37 683.62 921.23 701.17   Q 919.43 707.33 919.52 722.04   Q 919.66 743.53 919.57 790.70   A 0.58 0.57 -0.0 0 0 920.15 791.27   L 947.13 791.27   A 0.61 0.60 -89.5 0 0 947.73 790.67   Q 947.76 788.79 947.74 718.20   Q 947.73 711.93 948.03 710.32   C 949.42 702.59 956.37 702.16 963.83 702.21   Q 977.04 702.30 1022.49 702.23   A 0.37 0.37 0.0 0 0 1022.86 701.86"/>
    <path vector-effect="non-scaling-stroke" d="   M 421.84 864.58   C 421.86 879.13 429.34 893.31 445.59 893.28   C 461.83 893.25 469.26 879.05 469.24 864.50   C 469.21 849.95 461.73 835.77 445.49 835.80   C 429.25 835.83 421.81 850.03 421.84 864.58"/>
    <path vector-effect="non-scaling-stroke" d="   M 538.23 862.26   A 0.36 0.36 0.0 0 0 537.88 862.53   Q 535.63 871.05 530.47 878.42   A 0.40 0.40 0.0 0 1 529.89 878.50   Q 522.01 872.16 516.41 863.66   A 0.64 0.63 -34.5 0 1 516.58 862.79   C 520.58 859.99 524.54 857.09 526.94 852.77   C 532.51 842.78 523.58 832.13 512.54 836.83   C 502.10 841.28 504.29 853.35 508.25 861.39   A 0.68 0.67 -31.5 0 1 508.04 862.24   Q 501.75 866.73 499.51 870.73   C 494.93 878.90 498.76 889.39 507.86 892.22   Q 519.76 895.91 530.10 887.27   A 0.68 0.67 42.5 0 1 530.91 887.24   Q 536.53 891.18 542.63 893.15   A 0.70 0.69 17.8 0 0 543.51 892.70   L 544.93 888.24   A 0.71 0.71 0.0 0 0 544.47 887.35   Q 539.87 885.83 535.16 882.60   A 0.57 0.57 0.0 0 1 535.02 881.80   Q 541.35 872.94 544.30 862.50   A 0.19 0.19 0.0 0 0 544.12 862.26   L 538.23 862.26"/>
    <path vector-effect="non-scaling-stroke" d="   M 819.36 864.57   C 819.38 879.13 826.87 893.31 843.11 893.28   C 859.36 893.25 866.79 879.05 866.77 864.50   C 866.75 849.94 859.26 835.76 843.02 835.79   C 826.77 835.81 819.34 850.02 819.36 864.57"/>
    <path vector-effect="non-scaling-stroke" d="   M 181.89 875.48   Q 190.57 875.49 191.57 875.50   A 0.34 0.33 80.1 0 1 191.89 875.73   L 197.41 892.12   A 0.23 0.23 0.0 0 0 197.63 892.28   L 204.35 892.28   A 0.17 0.16 -9.7 0 0 204.51 892.06   L 186.13 837.47   A 0.89 0.89 0.0 0 0 185.34 836.86   Q 183.66 836.75 181.94 836.75   Q 180.23 836.75 178.55 836.85   A 0.89 0.89 0.0 0 0 177.76 837.46   L 159.23 892.00   A 0.17 0.16 9.9 0 0 159.39 892.22   L 166.11 892.24   A 0.23 0.23 0.0 0 0 166.33 892.08   L 171.89 875.70   A 0.34 0.33 -79.9 0 1 172.21 875.47   Q 173.21 875.47 181.89 875.48"/>
    <path vector-effect="non-scaling-stroke" d="   M 252.28 893.29   C 266.02 893.26 272.00 883.75 272.05 870.99   Q 272.11 855.26 272.02 837.13   A 0.42 0.41 0.0 0 0 271.60 836.72   L 265.59 836.72   A 0.43 0.43 0.0 0 0 265.16 837.15   Q 265.20 866.89 265.24 868.25   C 265.44 877.06 263.41 887.16 252.26 887.19   C 241.12 887.21 239.04 877.11 239.21 868.30   Q 239.24 866.95 239.15 837.21   A 0.43 0.43 0.0 0 0 238.71 836.78   L 232.70 836.80   A 0.42 0.41 -0.2 0 0 232.29 837.22   Q 232.28 855.35 232.40 871.07   C 232.51 883.83 238.54 893.32 252.28 893.29"/>
    <path vector-effect="non-scaling-stroke" d="   M 308.30 837.16   L 308.20 891.81   A 0.45 0.45 0.0 0 0 308.65 892.27   L 323.88 892.29   A 24.55 24.46 -89.9 0 0 348.38 867.79   L 348.40 861.33   A 24.55 24.46 -89.9 0 0 323.98 836.73   L 308.75 836.71   A 0.45 0.45 0.0 0 0 308.30 837.16"/>
    <path vector-effect="non-scaling-stroke" d="   M 388.49 837.19   A 0.45 0.45 0.0 0 0 388.04 836.74   L 381.96 836.74   A 0.45 0.45 0.0 0 0 381.51 837.19   L 381.51 891.79   A 0.45 0.45 0.0 0 0 381.96 892.24   L 388.04 892.24   A 0.45 0.45 0.0 0 0 388.49 891.79   L 388.49 837.19"/>
    <path vector-effect="non-scaling-stroke" d="   M 589.54 892.24   Q 593.04 892.24 593.19 892.21   A 0.86 0.85 2.9 0 0 593.85 891.62   L 611.23 836.95   A 0.16 0.16 0.0 0 0 611.08 836.74   L 604.18 836.74   A 0.33 0.33 0.0 0 0 603.86 836.98   Q 598.49 855.17 589.84 884.77   Q 589.79 884.94 589.53 884.94   Q 589.26 884.94 589.21 884.77   Q 580.50 855.19 575.09 837.01   A 0.33 0.33 0.0 0 0 574.77 836.77   L 567.87 836.79   A 0.16 0.16 0.0 0 0 567.72 837.00   L 585.22 891.63   A 0.86 0.85 -3.0 0 0 585.88 892.22   Q 586.04 892.25 589.54 892.24"/>
    <path vector-effect="non-scaling-stroke" d="   M 647.00 837.13   A 0.38 0.38 0.0 0 0 646.62 836.75   L 640.38 836.75   A 0.38 0.38 0.0 0 0 640.00 837.13   L 640.00 891.87   A 0.38 0.38 0.0 0 0 640.38 892.25   L 646.62 892.25   A 0.38 0.38 0.0 0 0 647.00 891.87   L 647.00 837.13"/>
    <path vector-effect="non-scaling-stroke" d="   M 683.57 837.16   L 683.47 891.82   A 0.44 0.44 0.0 0 0 683.91 892.26   L 699.07 892.28   A 24.34 24.32 -89.9 0 0 723.43 867.98   L 723.45 861.12   A 24.34 24.32 -89.9 0 0 699.17 836.74   L 684.01 836.72   A 0.44 0.44 0.0 0 0 683.57 837.16"/>
    <path vector-effect="non-scaling-stroke" d="   M 764.13 860.26   A 0.39 0.39 0.0 0 1 763.74 859.87   L 763.74 843.12   A 0.39 0.39 0.0 0 1 764.13 842.73   L 788.35 842.73   A 0.39 0.39 0.0 0 0 788.74 842.34   L 788.74 837.15   A 0.39 0.39 0.0 0 0 788.35 836.76   L 757.14 836.76   A 0.39 0.39 0.0 0 0 756.75 837.15   L 756.75 891.86   A 0.39 0.39 0.0 0 0 757.14 892.25   L 789.11 892.25   A 0.39 0.39 0.0 0 0 789.50 891.86   L 789.50 886.65   A 0.39 0.39 0.0 0 0 789.11 886.26   L 764.14 886.26   A 0.39 0.39 0.0 0 1 763.75 885.87   L 763.75 866.63   A 0.39 0.39 0.0 0 1 764.14 866.24   L 784.34 866.24   A 0.39 0.39 0.0 0 0 784.73 865.85   L 784.73 860.65   A 0.39 0.39 0.0 0 0 784.34 860.26   L 764.13 860.26"/>
    <path vector-effect="non-scaling-stroke" d="   M 450.6534 183.3303   A 50.60 48.66 -90.2 0 0 402.1703 234.0999   A 50.60 48.66 -90.2 0 0 451.0066 284.5297   A 50.60 48.66 -90.2 0 0 499.4897 233.7601   A 50.60 48.66 -90.2 0 0 450.6534 183.3303"/>
    <path vector-effect="non-scaling-stroke" d="   M 574.4221 183.3738   A 50.58 48.66 -90.7 0 0 526.3836 234.5445   A 50.58 48.66 -90.7 0 0 575.6579 284.5262   A 50.58 48.66 -90.7 0 0 623.6964 233.3555   A 50.58 48.66 -90.7 0 0 574.4221 183.3738"/>
    <path vector-effect="non-scaling-stroke" d="   M 626.59 313.34   C 610.91 330.13 589.31 341.77 566.93 348.13   C 524.59 360.16 476.97 359.01 435.55 342.72   Q 409.81 332.60 390.53 313.13   A 0.15 0.15 0.0 0 0 390.29 313.31   C 399.09 329.84 413.99 342.18 430.13 351.12   A 0.64 0.64 0.0 0 1 430.35 352.04   C 427.19 356.65 418.20 370.20 420.45 375.64   C 424.41 385.21 431.95 389.41 441.90 391.59   C 446.33 392.55 455.34 392.32 458.79 388.66   C 463.51 383.66 465.49 372.74 466.97 365.41   A 0.71 0.71 0.0 0 1 467.84 364.86   Q 486.85 369.39 505.62 369.48   A 0.62 0.62 0.0 0 1 506.22 370.21   C 505.14 376.15 503.64 383.34 504.84 388.93   C 505.50 391.96 510.40 395.21 512.78 396.48   Q 522.16 401.49 532.97 401.86   C 544.90 402.26 557.29 399.50 563.98 389.74   C 566.09 386.68 565.41 383.57 564.06 380.19   Q 560.84 372.17 555.30 364.41   A 0.34 0.33 63.0 0 1 555.46 363.89   L 571.85 358.37   A 0.37 0.37 0.0 0 1 572.31 358.57   C 575.21 364.97 582.22 380.68 589.35 382.17   C 599.33 384.26 610.37 378.52 616.62 371.03   C 619.86 367.15 623.76 360.36 620.74 355.27   Q 616.35 347.88 609.06 342.18   Q 606.53 340.20 605.39 339.19   A 0.55 0.55 0.0 0 1 605.42 338.34   C 613.82 331.90 621.29 323.22 626.91 313.58   A 0.20 0.20 0.0 0 0 626.59 313.34"/>
    <path vector-effect="non-scaling-stroke" d="   M 471.46 231.60   C 467.90 236.46 459.97 236.00 458.69 229.27   Q 457.96 225.38 461.68 221.81   A 0.38 0.38 0.0 0 0 461.54 221.18   C 451.66 217.71 442.21 220.60 437.02 229.64   C 432.06 238.28 435.83 248.69 443.87 254.36   C 459.19 265.18 479.66 248.94 472.23 231.69   A 0.45 0.45 0.0 0 0 471.46 231.60"/>
    <path vector-effect="non-scaling-stroke" d="   M 578.22 221.14   Q 577.90 221.09 574.92 220.30   C 558.53 215.92 544.17 235.33 554.79 249.23   Q 562.35 259.12 574.25 257.47   C 586.51 255.77 593.23 242.88 588.91 231.89   A 0.48 0.48 0.0 0 0 588.11 231.74   Q 584.64 235.50 580.34 234.66   C 573.76 233.37 573.94 225.37 578.39 221.80   A 0.37 0.37 0.0 0 0 578.22 221.14"/>
    <path vector-effect="non-scaling-stroke" d="   M 452.3801 239.1153   A 4.82 4.62 -46.3 0 0 445.7099 239.4081   A 4.82 4.62 -46.3 0 0 445.7199 246.0847   A 4.82 4.62 -46.3 0 0 452.3901 245.7919   A 4.82 4.62 -46.3 0 0 452.3801 239.1153"/>
    <path vector-effect="non-scaling-stroke" d="   M 571.24 242.49   A 4.80 4.80 0.0 0 0 566.44 237.69   A 4.80 4.80 0.0 0 0 561.64 242.49   A 4.80 4.80 0.0 0 0 566.44 247.29   A 4.80 4.80 0.0 0 0 571.24 242.49"/>
    <path vector-effect="non-scaling-stroke" d="   M 312.39 712.37   A 10.11 10.11 0.0 0 0 302.28 702.26   L 248.96 702.26   A 10.11 10.11 0.0 0 0 238.85 712.37   L 238.85 752.87   A 10.11 10.11 0.0 0 0 248.96 762.98   L 302.28 762.98   A 10.11 10.11 0.0 0 0 312.39 752.87   L 312.39 712.37"/>
    <path vector-effect="non-scaling-stroke" d="   M 429.15 864.52   C 429.13 874.54 433.26 887.10 445.50 887.12   C 457.74 887.14 461.90 874.59 461.91 864.57   C 461.93 854.55 457.80 841.99 445.56 841.97   C 433.32 841.96 429.16 854.51 429.15 864.52"/>
    <path vector-effect="non-scaling-stroke" d="   M 513.35 858.35   Q 513.38 858.36 513.41 858.36   A 0.21 0.09 16.3 0 0 513.52 858.35   C 517.14 856.32 522.27 852.40 522.77 848.46   Q 523.52 842.49 519.13 841.03   Q 514.75 839.57 511.77 844.79   C 509.80 848.24 511.55 854.45 513.22 858.25   A 0.21 0.09 20.6 0 0 513.30 858.33   Q 513.33 858.34 513.35 858.35"/>
    <path vector-effect="non-scaling-stroke" d="   M 525.15 883.84   A 0.76 0.75 -43.8 0 0 525.18 882.70   Q 517.09 875.36 511.64 867.31   A 0.51 0.50 -35.9 0 0 510.91 867.20   C 507.46 869.86 504.15 873.58 504.40 878.21   C 504.70 883.86 509.34 887.71 514.87 887.72   Q 520.41 887.73 525.15 883.84"/>
    <path vector-effect="non-scaling-stroke" d="   M 826.66 864.53   C 826.65 874.55 830.78 887.11 843.03 887.12   C 855.27 887.13 859.42 874.57 859.43 864.55   C 859.44 854.53 855.30 841.97 843.06 841.96   C 830.82 841.95 826.66 854.51 826.66 864.53"/>
    <path vector-effect="non-scaling-stroke" d="   M 181.80 869.75   Q 187.02 869.75 189.68 869.71   A 0.38 0.38 0.0 0 0 190.03 869.21   Q 185.07 853.99 182.08 842.92   Q 182.02 842.73 181.79 842.73   Q 181.56 842.73 181.51 842.92   Q 178.52 853.99 173.57 869.21   A 0.38 0.38 0.0 0 0 173.92 869.71   Q 176.58 869.76 181.80 869.75"/>
    <path vector-effect="non-scaling-stroke" d="   M 315.25 843.00   L 315.25 886.04   A 0.54 0.54 0.0 0 0 315.79 886.58   L 322.76 886.58   A 18.72 18.23 -90.0 0 0 340.99 867.86   L 340.99 861.18   A 18.72 18.23 90.0 0 0 322.76 842.46   L 315.79 842.46   A 0.54 0.54 0.0 0 0 315.25 843.00"/>
    <path vector-effect="non-scaling-stroke" d="   M 690.50 842.99   L 690.50 886.05   A 0.54 0.54 0.0 0 0 691.04 886.59   L 697.93 886.59   A 18.77 18.25 90.0 0 0 716.18 867.82   L 716.18 861.22   A 18.77 18.25 -90.0 0 0 697.93 842.45   L 691.04 842.45   A 0.54 0.54 0.0 0 0 690.50 842.99"/>
    
    <path fill="#303030" d="   M 278.49 494.43   C 281.04 497.31 287.66 510.18 283.41 512.91   A 1.96 1.76 53.9 0 1 280.96 512.39   C 278.81 509.71 277.62 507.93 275.42 506.10   Q 272.55 503.70 270.61 501.08   A 0.23 0.23 0.0 0 0 270.20 501.22   C 270.33 505.51 270.36 512.15 267.72 515.60   A 2.23 2.21 -54.9 0 1 264.75 516.13   Q 263.37 515.24 262.63 513.11   Q 259.39 503.82 264.08 494.80   A 0.40 0.39 -87.4 0 0 263.58 494.25   C 259.81 495.83 257.90 498.38 256.46 502.14   C 255.37 504.99 253.09 506.99 250.25 505.30   C 247.88 503.90 249.22 499.55 250.19 497.65   Q 253.98 490.19 261.99 488.07   A 0.54 0.54 0.0 0 0 262.33 487.29   C 249.69 464.40 242.23 438.57 241.83 412.26   C 241.18 370.33 260.62 330.33 296.38 307.95   A 1.66 1.65 -13.9 0 0 297.14 306.70   Q 300.91 257.41 325.75 214.47   Q 328.38 209.93 331.94 203.79   A 0.42 0.41 -68.4 0 0 331.68 203.18   C 308.95 197.68 286.21 190.71 269.96 173.63   C 252.74 155.52 247.83 127.36 255.75 103.77   A 0.62 0.62 0.0 0 0 255.18 102.96   C 242.63 102.71 233.25 109.89 225.22 118.99   Q 223.71 120.70 221.56 122.76   A 0.21 0.21 0.0 0 1 221.22 122.53   C 236.09 90.01 268.40 72.15 303.52 75.82   C 333.86 78.99 356.86 99.02 370.51 125.25   Q 375.80 135.44 382.57 149.08   A 0.64 0.63 58.4 0 0 383.52 149.31   Q 410.86 128.57 443.41 117.63   A 0.67 0.67 0.0 0 0 443.75 116.62   C 436.98 106.47 430.91 95.60 423.90 82.79   C 418.03 72.06 411.57 61.95 406.51 52.26   C 399.53 38.88 390.24 12.79 408.03 3.22   Q 412.57 0.78 419.34 0.88   Q 426.18 0.97 430.94 2.31   Q 439.96 4.84 449.04 11.49   Q 469.44 26.43 474.92 51.60   Q 476.14 57.18 476.02 61.25   C 475.57 77.75 469.95 94.49 470.05 110.11   A 0.57 0.56 83.7 0 0 470.73 110.66   Q 513.56 101.85 556.17 110.61   A 0.45 0.45 0.0 0 0 556.71 110.16   Q 556.55 103.87 555.37 97.66   Q 552.51 82.60 551.08 71.25   Q 549.50 58.71 553.07 46.28   Q 560.44 20.58 583.91 7.14   Q 595.93 0.25 609.75 0.98   Q 617.67 1.40 623.00 7.08   C 634.38 19.21 624.59 43.25 617.79 55.30   Q 604.42 78.97 596.65 92.90   Q 589.84 105.13 582.12 116.82   A 0.45 0.45 0.0 0 0 582.34 117.49   Q 614.41 129.12 642.39 149.42   A 0.62 0.61 31.1 0 0 643.30 149.20   C 651.19 133.25 656.54 121.47 665.98 108.72   C 702.87 58.89 779.14 65.87 804.77 122.81   A 0.17 0.17 0.0 0 1 804.49 122.99   C 795.30 113.25 786.93 103.23 771.76 104.68   A 0.65 0.64 -11.1 0 0 771.20 105.50   Q 779.36 132.41 767.41 158.88   C 754.28 187.99 723.84 198.09 695.08 205.14   A 0.42 0.41 -23.4 0 0 694.83 205.77   Q 725.25 252.92 729.68 308.38   A 2.29 2.28 -76.8 0 0 730.76 310.13   C 756.08 325.70 773.39 351.48 780.33 380.40   C 789.27 417.61 781.58 454.92 763.56 488.48   A 0.30 0.30 0.0 0 0 763.77 488.92   Q 774.37 491.07 776.94 501.58   C 777.93 505.67 774.46 508.72 770.87 505.64   A 2.02 2.02 0.0 0 1 770.38 505.00   C 768.07 500.19 767.24 497.55 762.14 495.08   A 0.25 0.25 0.0 0 0 761.81 495.42   C 764.92 501.54 766.15 508.31 763.04 514.46   Q 761.94 516.62 759.85 516.33   C 755.42 515.71 755.70 504.63 755.75 501.55   A 0.35 0.35 0.0 0 0 755.17 501.29   Q 748.99 506.89 745.23 512.00   A 1.84 1.84 0.0 0 1 742.81 512.49   C 737.71 509.46 745.50 497.29 747.78 494.07   A 0.18 0.18 0.0 0 0 747.64 493.79   Q 739.88 493.39 733.44 497.82   C 731.94 498.84 728.08 500.02 727.20 497.41   C 725.51 492.37 732.00 486.07 735.98 483.74   Q 744.76 478.59 754.45 481.27   A 0.22 0.22 0.0 0 0 754.72 481.09   C 758.21 459.65 758.84 437.27 754.12 415.59   Q 747.65 385.87 726.53 364.39   A 0.39 0.39 0.0 0 0 725.87 364.59   Q 719.10 401.03 700.39 432.97   Q 668.23 487.88 612.16 517.26   A 1.92 1.92 0.0 0 0 611.16 518.72   Q 608.78 539.06 601.24 557.75   Q 600.97 558.42 600.06 562.76   C 599.03 567.66 600.13 571.57 603.64 575.41   Q 610.41 582.83 619.80 583.55   C 633.14 584.57 644.43 585.68 654.27 591.04   C 662.57 595.56 667.71 603.61 672.15 611.69   A 0.26 0.26 0.0 0 1 671.92 612.08   Q 588.84 612.07 586.00 612.09   C 576.57 612.15 568.65 606.23 565.69 597.28   Q 564.64 594.09 564.55 587.11   Q 564.24 562.94 560.87 537.40   A 0.64 0.64 0.0 0 0 560.11 536.86   Q 528.86 542.81 497.23 541.16   Q 482.04 540.36 465.66 536.89   A 0.45 0.44 -80.1 0 0 465.12 537.27   Q 461.54 563.66 461.35 590.81   C 461.28 600.72 454.44 609.09 444.81 611.59   Q 442.79 612.11 429.15 612.10   Q 389.87 612.07 354.23 612.08   A 0.43 0.42 13.6 0 1 353.85 611.46   C 358.88 601.62 365.25 593.24 375.83 589.12   Q 384.67 585.67 394.22 584.66   C 400.76 583.96 407.76 584.03 412.81 582.19   C 418.87 579.99 425.84 574.14 426.18 567.31   Q 426.42 562.42 425.06 558.70   Q 417.74 538.61 414.66 518.30   A 1.19 1.19 0.0 0 0 414.03 517.42   C 354.35 486.90 312.58 430.50 300.13 364.66   A 0.38 0.38 0.0 0 0 299.49 364.46   C 277.21 385.88 267.27 415.16 267.91 445.74   Q 268.31 465.15 271.14 480.70   A 0.43 0.43 0.0 0 0 271.69 481.03   Q 280.20 478.54 288.17 482.62   Q 295.83 486.53 298.91 494.24   Q 299.66 496.13 298.46 497.95   C 296.75 500.55 291.94 497.67 289.55 496.24   Q 285.88 494.05 278.84 493.69   A 0.44 0.44 0.0 0 0 278.49 494.43   Z   M 450.6534 183.3303   A 50.60 48.66 -90.2 0 0 402.1703 234.0999   A 50.60 48.66 -90.2 0 0 451.0066 284.5297   A 50.60 48.66 -90.2 0 0 499.4897 233.7601   A 50.60 48.66 -90.2 0 0 450.6534 183.3303   Z   M 574.4221 183.3738   A 50.58 48.66 -90.7 0 0 526.3836 234.5445   A 50.58 48.66 -90.7 0 0 575.6579 284.5262   A 50.58 48.66 -90.7 0 0 623.6964 233.3555   A 50.58 48.66 -90.7 0 0 574.4221 183.3738   Z   M 626.59 313.34   C 610.91 330.13 589.31 341.77 566.93 348.13   C 524.59 360.16 476.97 359.01 435.55 342.72   Q 409.81 332.60 390.53 313.13   A 0.15 0.15 0.0 0 0 390.29 313.31   C 399.09 329.84 413.99 342.18 430.13 351.12   A 0.64 0.64 0.0 0 1 430.35 352.04   C 427.19 356.65 418.20 370.20 420.45 375.64   C 424.41 385.21 431.95 389.41 441.90 391.59   C 446.33 392.55 455.34 392.32 458.79 388.66   C 463.51 383.66 465.49 372.74 466.97 365.41   A 0.71 0.71 0.0 0 1 467.84 364.86   Q 486.85 369.39 505.62 369.48   A 0.62 0.62 0.0 0 1 506.22 370.21   C 505.14 376.15 503.64 383.34 504.84 388.93   C 505.50 391.96 510.40 395.21 512.78 396.48   Q 522.16 401.49 532.97 401.86   C 544.90 402.26 557.29 399.50 563.98 389.74   C 566.09 386.68 565.41 383.57 564.06 380.19   Q 560.84 372.17 555.30 364.41   A 0.34 0.33 63.0 0 1 555.46 363.89   L 571.85 358.37   A 0.37 0.37 0.0 0 1 572.31 358.57   C 575.21 364.97 582.22 380.68 589.35 382.17   C 599.33 384.26 610.37 378.52 616.62 371.03   C 619.86 367.15 623.76 360.36 620.74 355.27   Q 616.35 347.88 609.06 342.18   Q 606.53 340.20 605.39 339.19   A 0.55 0.55 0.0 0 1 605.42 338.34   C 613.82 331.90 621.29 323.22 626.91 313.58   A 0.20 0.20 0.0 0 0 626.59 313.34   Z"/>
    
    
    <path fill="#303030" d="   M 471.46 231.60   A 0.45 0.45 0.0 0 1 472.23 231.69   C 479.66 248.94 459.19 265.18 443.87 254.36   C 435.83 248.69 432.06 238.28 437.02 229.64   C 442.21 220.60 451.66 217.71 461.54 221.18   A 0.38 0.38 0.0 0 1 461.68 221.81   Q 457.96 225.38 458.69 229.27   C 459.97 236.00 467.90 236.46 471.46 231.60   Z   M 452.3801 239.1153   A 4.82 4.62 -46.3 0 0 445.7099 239.4081   A 4.82 4.62 -46.3 0 0 445.7199 246.0847   A 4.82 4.62 -46.3 0 0 452.3901 245.7919   A 4.82 4.62 -46.3 0 0 452.3801 239.1153   Z"/>
    <path fill="#303030" d="   M 578.22 221.14   A 0.37 0.37 0.0 0 1 578.39 221.80   C 573.94 225.37 573.76 233.37 580.34 234.66   Q 584.64 235.50 588.11 231.74   A 0.48 0.48 0.0 0 1 588.91 231.89   C 593.23 242.88 586.51 255.77 574.25 257.47   Q 562.35 259.12 554.79 249.23   C 544.17 235.33 558.53 215.92 574.92 220.30   Q 577.90 221.09 578.22 221.14   Z   M 571.24 242.49   A 4.80 4.80 0.0 0 0 566.44 237.69   A 4.80 4.80 0.0 0 0 561.64 242.49   A 4.80 4.80 0.0 0 0 566.44 247.29   A 4.80 4.80 0.0 0 0 571.24 242.49   Z"/>
    
    <path fill="#303030" d="   M 93.60 751.69   Q 93.77 751.69 93.84 751.56   Q 153.95 647.22 157.42 641.15   Q 161.38 634.21 168.50 633.66   C 177.66 632.95 184.11 639.82 184.11 649.01   Q 184.10 774.93 184.15 790.85   A 0.42 0.41 0.0 0 1 183.73 791.26   L 156.38 791.26   A 0.59 0.58 0.0 0 1 155.79 790.68   L 155.79 699.49   A 0.22 0.21 60.0 0 0 155.39 699.38   Q 121.89 758.16 105.79 786.28   C 103.25 790.72 98.79 793.41 93.61 793.41   C 88.43 793.41 83.97 790.72 81.42 786.28   Q 65.31 758.17 31.79 699.40   A 0.22 0.21 -60.0 0 0 31.39 699.51   L 31.42 790.70   A 0.59 0.58 -0.0 0 1 30.83 791.28   L 3.48 791.29   A 0.42 0.41 -0.0 0 1 3.06 790.88   Q 3.11 774.96 3.06 649.04   C 3.06 639.85 9.50 632.98 18.66 633.68   Q 25.78 634.23 29.75 641.17   Q 33.22 647.24 93.36 751.56   Q 93.44 751.69 93.60 751.69   Z"/>
    <path fill="#303030" d="   M 679.68 635.75   L 707.31 635.75   A 0.44 0.44 0.0 0 1 707.75 636.19   L 707.75 673.56   A 0.44 0.44 0.0 0 0 708.19 674.00   L 756.58 674.00   A 0.44 0.44 0.0 0 1 757.02 674.44   L 757.02 701.82   A 0.44 0.44 0.0 0 1 756.58 702.26   L 708.18 702.26   A 0.44 0.44 0.0 0 0 707.74 702.70   L 707.74 790.83   A 0.44 0.44 0.0 0 1 707.30 791.27   L 679.69 791.27   A 0.44 0.44 0.0 0 1 679.25 790.83   L 679.25 702.70   A 0.44 0.44 0.0 0 0 678.81 702.26   L 642.98 702.26   A 0.44 0.44 0.0 0 1 642.54 701.82   L 642.54 674.44   A 0.44 0.44 0.0 0 1 642.98 674.00   L 678.80 674.00   A 0.44 0.44 0.0 0 0 679.24 673.56   L 679.24 636.19   A 0.44 0.44 0.0 0 1 679.68 635.75   Z"/>
    <path fill="#303030" d="   M 340.5253 752.8067   A 38.29 38.29 0.0 0 1 302.3022 791.1635   L 249.0623 791.2564   A 38.29 38.29 0.0 0 1 210.7055 753.0333   L 210.6347 712.4533   A 38.29 38.29 0.0 0 1 248.8578 674.0965   L 302.0977 674.0036   A 38.29 38.29 0.0 0 1 340.4545 712.2267   L 340.5253 752.8067   Z   M 312.39 712.37   A 10.11 10.11 0.0 0 0 302.28 702.26   L 248.96 702.26   A 10.11 10.11 0.0 0 0 238.85 712.37   L 238.85 752.87   A 10.11 10.11 0.0 0 0 248.96 762.98   L 302.28 762.98   A 10.11 10.11 0.0 0 0 312.39 752.87   L 312.39 712.37   Z"/>
    <path fill="#303030" d="   M 494.48 790.86   A 0.41 0.41 0.0 0 1 494.07 791.27   L 466.67 791.27   A 0.39 0.39 0.0 0 1 466.28 790.88   Q 466.32 753.77 466.27 728.25   C 466.26 722.39 465.53 717.40 462.40 712.67   C 457.10 704.65 449.96 702.34 440.49 702.30   Q 411.77 702.17 393.14 702.28   A 0.36 0.36 0.0 0 0 392.78 702.64   L 392.78 790.92   A 0.35 0.35 0.0 0 1 392.43 791.27   L 365.31 791.27   A 0.80 0.79 0.4 0 1 364.51 790.47   Q 364.63 738.86 364.51 695.23   Q 364.48 684.14 365.98 681.54   C 370.02 674.53 375.28 673.95 383.90 673.98   Q 395.52 674.01 441.48 674.01   Q 456.57 674.01 469.33 681.18   C 486.60 690.88 494.45 707.12 494.47 726.75   Q 494.53 766.43 494.48 790.86   Z"/>
    <path fill="#303030" d="   M 516.59 763.45   A 0.48 0.47 0.0 0 1 517.07 762.98   Q 565.44 763.05 593.68 762.94   C 603.38 762.91 606.85 753.02 602.85 745.39   Q 600.19 740.31 593.49 740.29   Q 570.21 740.21 548.49 740.25   C 534.47 740.27 521.71 732.11 517.14 718.59   C 514.14 709.73 514.62 699.01 519.22 690.98   C 525.96 679.24 537.71 674.01 551.01 674.01   Q 585.50 674.01 618.20 674.00   A 0.39 0.39 0.0 0 1 618.59 674.39   L 618.59 701.88   A 0.38 0.37 90.0 0 1 618.22 702.26   L 547.90 702.26   A 4.46 4.45 -90.0 0 0 543.45 706.72   L 543.45 707.55   A 4.70 4.70 0.0 0 0 548.15 712.25   Q 550.25 712.25 591.50 712.24   C 606.39 712.24 618.33 716.93 626.10 729.67   C 634.13 742.83 634.76 759.94 626.97 773.06   C 619.49 785.63 605.63 791.19 591.00 791.26   Q 585.18 791.28 517.35 791.27   A 0.76 0.75 0.0 0 1 516.59 790.52   L 516.59 763.45   Z"/>
    <path fill="#303030" d="   M 862.40 764.95   L 862.40 790.84   A 0.40 0.40 0.0 0 1 862.00 791.24   Q 846.89 791.30 815.50 791.27   C 804.56 791.27 794.61 789.33 786.18 782.27   Q 776.88 774.48 773.74 762.76   Q 772.63 758.57 772.64 740.65   Q 772.67 716.42 772.84 711.28   C 773.25 699.03 779.50 687.04 790.07 680.02   Q 799.14 674.01 812.25 673.99   Q 849.27 673.96 863.01 674.07   C 870.03 674.12 878.73 676.55 884.82 680.73   C 901.41 692.16 905.47 713.18 896.91 730.92   Q 893.19 738.62 885.72 744.26   C 877.26 750.65 869.77 751.76 858.26 751.75   Q 828.31 751.73 811.83 751.74   A 0.30 0.29 0.0 0 1 811.53 751.45   L 811.53 725.38   A 0.41 0.41 0.0 0 1 811.94 724.97   Q 849.33 725.08 861.96 724.92   Q 869.36 724.83 872.50 719.51   C 876.30 713.10 874.57 704.61 867.27 701.64   Q 864.76 700.62 858.62 700.72   Q 858.13 700.73 812.26 700.76   Q 804.19 700.77 801.06 706.45   Q 799.39 709.49 799.45 718.32   Q 799.61 740.96 799.48 745.69   Q 799.21 755.64 800.85 758.58   Q 804.04 764.31 811.99 764.29   Q 852.14 764.21 861.71 764.25   A 0.70 0.69 -90.0 0 1 862.40 764.95   Z"/>
    <path fill="#303030" d="   M 1022.86 701.86   A 0.37 0.37 0.0 0 1 1022.49 702.23   Q 977.04 702.30 963.83 702.21   C 956.37 702.16 949.42 702.59 948.03 710.32   Q 947.73 711.93 947.74 718.20   Q 947.76 788.79 947.73 790.67   A 0.61 0.60 -89.5 0 1 947.13 791.27   L 920.15 791.27   A 0.58 0.57 0.0 0 1 919.57 790.70   Q 919.66 743.53 919.52 722.04   Q 919.43 707.33 921.23 701.17   C 926.37 683.62 942.04 674.49 960.00 674.04   Q 963.21 673.96 1022.31 674.01   A 0.55 0.55 0.0 0 1 1022.86 674.56   L 1022.86 701.86   Z"/>
    <path fill="#303030" d="   M 445.49 835.80   C 461.73 835.77 469.21 849.95 469.24 864.50   C 469.26 879.05 461.83 893.25 445.59 893.28   C 429.34 893.31 421.86 879.13 421.84 864.58   C 421.81 850.03 429.25 835.83 445.49 835.80   Z   M 429.15 864.52   C 429.13 874.54 433.26 887.10 445.50 887.12   C 457.74 887.14 461.90 874.59 461.91 864.57   C 461.93 854.55 457.80 841.99 445.56 841.97   C 433.32 841.96 429.16 854.51 429.15 864.52   Z"/>
    <path fill="#303030" d="   M 544.30 862.50   Q 541.35 872.94 535.02 881.80   A 0.57 0.57 0.0 0 0 535.16 882.60   Q 539.87 885.83 544.47 887.35   A 0.71 0.71 0.0 0 1 544.93 888.24   L 543.51 892.70   A 0.70 0.69 17.8 0 1 542.63 893.15   Q 536.53 891.18 530.91 887.24   A 0.68 0.67 42.5 0 0 530.10 887.27   Q 519.76 895.91 507.86 892.22   C 498.76 889.39 494.93 878.90 499.51 870.73   Q 501.75 866.73 508.04 862.24   A 0.68 0.67 -31.5 0 0 508.25 861.39   C 504.29 853.35 502.10 841.28 512.54 836.83   C 523.58 832.13 532.51 842.78 526.94 852.77   C 524.54 857.09 520.58 859.99 516.58 862.79   A 0.64 0.63 -34.5 0 0 516.41 863.66   Q 522.01 872.16 529.89 878.50   A 0.40 0.40 0.0 0 0 530.47 878.42   Q 535.63 871.05 537.88 862.53   A 0.36 0.36 0.0 0 1 538.23 862.26   L 544.12 862.26   A 0.19 0.19 0.0 0 1 544.30 862.50   Z   M 513.35 858.35   Q 513.38 858.36 513.41 858.36   A 0.21 0.09 16.3 0 0 513.52 858.35   C 517.14 856.32 522.27 852.40 522.77 848.46   Q 523.52 842.49 519.13 841.03   Q 514.75 839.57 511.77 844.79   C 509.80 848.24 511.55 854.45 513.22 858.25   A 0.21 0.09 20.6 0 0 513.30 858.33   Q 513.33 858.34 513.35 858.35   Z   M 525.15 883.84   A 0.76 0.75 -43.8 0 0 525.18 882.70   Q 517.09 875.36 511.64 867.31   A 0.51 0.50 -35.9 0 0 510.91 867.20   C 507.46 869.86 504.15 873.58 504.40 878.21   C 504.70 883.86 509.34 887.71 514.87 887.72   Q 520.41 887.73 525.15 883.84   Z"/>
    <path fill="#303030" d="   M 819.36 864.57   C 819.34 850.02 826.77 835.81 843.02 835.79   C 859.26 835.76 866.75 849.94 866.77 864.50   C 866.79 879.05 859.36 893.25 843.11 893.28   C 826.87 893.31 819.38 879.13 819.36 864.57   Z   M 826.66 864.53   C 826.65 874.55 830.78 887.11 843.03 887.12   C 855.27 887.13 859.42 874.57 859.43 864.55   C 859.44 854.53 855.30 841.97 843.06 841.96   C 830.82 841.95 826.66 854.51 826.66 864.53   Z"/>
    <path fill="#303030" d="   M 181.94 836.75   Q 183.66 836.75 185.34 836.86   A 0.89 0.89 0.0 0 1 186.13 837.47   L 204.51 892.06   A 0.17 0.16 -9.7 0 1 204.35 892.28   L 197.63 892.28   A 0.23 0.23 0.0 0 1 197.41 892.12   L 191.89 875.73   A 0.34 0.33 80.1 0 0 191.57 875.50   Q 190.57 875.49 181.89 875.48   Q 173.21 875.47 172.21 875.47   A 0.34 0.33 -79.9 0 0 171.89 875.70   L 166.33 892.08   A 0.23 0.23 0.0 0 1 166.11 892.24   L 159.39 892.22   A 0.17 0.16 9.9 0 1 159.23 892.00   L 177.76 837.46   A 0.89 0.89 0.0 0 1 178.55 836.85   Q 180.23 836.75 181.94 836.75   Z   M 181.80 869.75   Q 187.02 869.75 189.68 869.71   A 0.38 0.38 0.0 0 0 190.03 869.21   Q 185.07 853.99 182.08 842.92   Q 182.02 842.73 181.79 842.73   Q 181.56 842.73 181.51 842.92   Q 178.52 853.99 173.57 869.21   A 0.38 0.38 0.0 0 0 173.92 869.71   Q 176.58 869.76 181.80 869.75   Z"/>
    <path fill="#303030" d="   M 252.26 887.19   C 263.41 887.16 265.44 877.06 265.24 868.25   Q 265.20 866.89 265.16 837.15   A 0.43 0.43 0.0 0 1 265.59 836.72   L 271.60 836.72   A 0.42 0.41 0.0 0 1 272.02 837.13   Q 272.11 855.26 272.05 870.99   C 272.00 883.75 266.02 893.26 252.28 893.29   C 238.54 893.32 232.51 883.83 232.40 871.07   Q 232.28 855.35 232.29 837.22   A 0.42 0.41 -0.2 0 1 232.70 836.80   L 238.71 836.78   A 0.43 0.43 0.0 0 1 239.15 837.21   Q 239.24 866.95 239.21 868.30   C 239.04 877.11 241.12 887.21 252.26 887.19   Z"/>
    <path fill="#303030" d="   M 308.30 837.16   A 0.45 0.45 0.0 0 1 308.75 836.71   L 323.98 836.73   A 24.55 24.46 -89.9 0 1 348.40 861.33   L 348.38 867.79   A 24.55 24.46 -89.9 0 1 323.88 892.29   L 308.65 892.27   A 0.45 0.45 0.0 0 1 308.20 891.81   L 308.30 837.16   Z   M 315.25 843.00   L 315.25 886.04   A 0.54 0.54 0.0 0 0 315.79 886.58   L 322.76 886.58   A 18.72 18.23 -90.0 0 0 340.99 867.86   L 340.99 861.18   A 18.72 18.23 90.0 0 0 322.76 842.46   L 315.79 842.46   A 0.54 0.54 0.0 0 0 315.25 843.00   Z"/>
    <path fill="#303030" d="   M 589.53 884.94   Q 589.79 884.94 589.84 884.77   Q 598.49 855.17 603.86 836.98   A 0.33 0.33 0.0 0 1 604.18 836.74   L 611.08 836.74   A 0.16 0.16 0.0 0 1 611.23 836.95   L 593.85 891.62   A 0.86 0.85 2.9 0 1 593.19 892.21   Q 593.04 892.24 589.54 892.24   Q 586.04 892.25 585.88 892.22   A 0.86 0.85 -3.0 0 1 585.22 891.63   L 567.72 837.00   A 0.16 0.16 0.0 0 1 567.87 836.79   L 574.77 836.77   A 0.33 0.33 0.0 0 1 575.09 837.01   Q 580.50 855.19 589.21 884.77   Q 589.26 884.94 589.53 884.94   Z"/>
    <path fill="#303030" d="   M 683.57 837.16   A 0.44 0.44 0.0 0 1 684.01 836.72   L 699.17 836.74   A 24.34 24.32 -89.9 0 1 723.45 861.12   L 723.43 867.98   A 24.34 24.32 -89.9 0 1 699.07 892.28   L 683.91 892.26   A 0.44 0.44 0.0 0 1 683.47 891.82   L 683.57 837.16   Z   M 690.50 842.99   L 690.50 886.05   A 0.54 0.54 0.0 0 0 691.04 886.59   L 697.93 886.59   A 18.77 18.25 90.0 0 0 716.18 867.82   L 716.18 861.22   A 18.77 18.25 -90.0 0 0 697.93 842.45   L 691.04 842.45   A 0.54 0.54 0.0 0 0 690.50 842.99   Z"/>
    <path fill="#303030" d="   M 764.13 860.26   L 784.34 860.26   A 0.39 0.39 0.0 0 1 784.73 860.65   L 784.73 865.85   A 0.39 0.39 0.0 0 1 784.34 866.24   L 764.14 866.24   A 0.39 0.39 0.0 0 0 763.75 866.63   L 763.75 885.87   A 0.39 0.39 0.0 0 0 764.14 886.26   L 789.11 886.26   A 0.39 0.39 0.0 0 1 789.50 886.65   L 789.50 891.86   A 0.39 0.39 0.0 0 1 789.11 892.25   L 757.14 892.25   A 0.39 0.39 0.0 0 1 756.75 891.86   L 756.75 837.15   A 0.39 0.39 0.0 0 1 757.14 836.76   L 788.35 836.76   A 0.39 0.39 0.0 0 1 788.74 837.15   L 788.74 842.34   A 0.39 0.39 0.0 0 1 788.35 842.73   L 764.13 842.73   A 0.39 0.39 0.0 0 0 763.74 843.12   L 763.74 859.87   A 0.39 0.39 0.0 0 0 764.13 860.26   Z"/>
    
    
    
    
    
    
    
    
    
    
    <rect fill="#303030" x="381.51" y="836.74" width="6.98" height="55.50" rx="0.45"/>
    <rect fill="#303030" x="640.00" y="836.75" width="7.00" height="55.50" rx="0.38"/>

                        </g>
                    </svg>