<svg xmlns="http://www.w3.org/2000/svg" 
                      viewBox="0 0 990.0799999999999 991.12" 
                      width="990.0799999999999" 
                      height="991.12"
                      preserveAspectRatio="none"
                      data-content-extracted="true"
                      data-overflow="horizontal:4,vertical:4"
                      data-original-bounds="-90.8,-90.8,895.28,896.32">
                        <g transform="translate(92.8, 92.8)">
                          
<g stroke-width="2.00" fill="none" stroke-linecap="butt">
<path vector-effect="non-scaling-stroke" d="   M 278.53 496.82   Q 284.28 496.54 289.32 499.18   C 291.89 500.52 295.23 502.74 297.51 501.81   A 3.21 2.62 77.9 0 0 299.11 498.68   Q 298.87 496.22 297.34 493.92   Q 290.24 483.29 277.25 483.00   Q 274.30 482.94 271.76 484.19   A 0.39 0.39 0.0 0 1 271.20 483.91   C 263.70 441.94 267.15 398.57 299.54 367.42   A 0.29 0.29 0.0 0 1 300.03 367.58   Q 313.42 435.97 363.16 484.32   Q 384.16 504.73 414.12 520.57   A 0.96 0.96 0.0 0 1 414.62 521.26   Q 417.36 538.00 420.92 549.11   Q 425.24 562.59 425.64 564.04   C 428.44 574.29 421.29 582.41 412.05 585.41   C 407.39 586.92 401.63 586.92 395.50 587.51   Q 383.50 588.65 373.94 592.93   C 364.70 597.06 358.31 605.38 353.88 614.50   A 0.41 0.41 0.0 0 0 354.25 615.09   Q 426.63 615.04 431.60 615.12   Q 443.74 615.33 447.72 613.71   Q 455.37 610.59 459.35 602.69   C 460.32 600.77 461.36 596.99 461.36 595.00   Q 461.44 567.36 465.14 540.22   A 0.44 0.43 10.3 0 1 465.67 539.86   Q 479.12 542.90 492.72 543.86   Q 526.50 546.26 560.10 539.86   A 0.64 0.64 0.0 0 1 560.86 540.41   Q 564.25 566.26 564.54 590.16   Q 564.62 597.59 566.01 601.18   Q 569.54 610.39 578.66 613.90   Q 582.04 615.20 587.98 615.13   Q 592.05 615.08 671.87 615.08   A 0.31 0.31 0.0 0 0 672.14 614.62   C 667.59 606.45 662.38 598.12 653.60 593.72   C 645.06 589.44 635.53 587.75 625.73 587.08   C 615.81 586.39 610.00 585.20 603.95 578.74   Q 600.98 575.58 600.18 572.47   C 599.25 568.84 600.06 563.69 601.33 560.54   Q 608.68 542.33 611.14 522.03   A 2.45 2.45 0.0 0 1 612.43 520.15   Q 668.22 490.71 700.23 436.24   Q 719.33 403.75 725.88 367.59   A 0.41 0.41 0.0 0 1 726.58 367.38   Q 749.40 390.89 755.15 423.60   Q 760.01 451.30 754.74 483.69   A 0.53 0.53 0.0 0 1 754.10 484.12   Q 741.65 481.19 732.12 489.61   C 729.44 491.98 725.97 496.70 727.18 500.40   C 728.46 504.35 734.73 500.06 737.36 498.62   Q 740.43 496.94 747.22 496.72   A 0.38 0.38 0.0 0 1 747.54 497.32   C 745.15 500.85 738.13 511.70 742.67 515.40   A 1.75 1.75 0.0 0 0 745.16 515.11   L 748.19 511.20   A 3.06 1.93 -66.5 0 1 748.46 510.90   L 755.32 504.04   A 0.23 0.23 0.0 0 1 755.72 504.21   C 755.62 508.25 755.50 515.74 758.39 518.61   A 2.63 2.44 49.9 0 0 761.58 519.00   Q 763.27 517.87 763.98 515.41   Q 766.46 506.81 761.81 498.57   A 0.30 0.30 0.0 0 1 762.18 498.15   C 766.45 499.96 768.40 503.17 770.06 507.46   C 771.62 511.49 777.86 510.45 776.95 505.19   Q 775.11 494.53 763.93 491.90   A 0.43 0.43 0.0 0 1 763.65 491.27   Q 773.29 473.81 779.08 452.63   Q 789.82 413.37 778.02 375.09   Q 766.03 336.18 730.38 312.59   A 1.00 1.00 0.0 0 1 729.96 311.93   Q 729.78 310.82 728.82 302.74   Q 722.74 251.58 694.87 208.95   A 0.55 0.55 0.0 0 1 695.20 208.11   C 724.01 201.08 754.85 190.86 767.86 160.90   Q 779.17 134.86 771.32 108.93   A 1.05 1.05 0.0 0 1 772.27 107.58   Q 783.89 106.94 792.40 114.10   Q 798.85 119.53 804.36 125.95   A 0.22 0.22 0.0 0 0 804.72 125.72   C 789.76 92.31 754.75 73.45 718.58 79.33   C 689.98 83.99 669.60 102.11 656.07 127.06   Q 651.37 135.73 643.32 152.21   A 0.61 0.61 0.0 0 1 642.41 152.43   Q 614.69 132.26 582.33 120.46   A 0.43 0.42 -63.7 0 1 582.12 119.83   C 586.37 113.38 590.84 106.28 594.76 99.26   Q 607.27 76.91 617.54 58.80   C 624.33 46.83 634.47 22.47 623.14 10.26   Q 618.46 5.22 612.92 4.41   Q 598.17 2.28 584.69 9.71   Q 562.16 22.14 554.00 46.23   C 549.72 58.85 549.97 71.87 552.41 84.06   Q 554.98 96.94 556.97 112.77   A 0.75 0.74 2.3 0 1 556.08 113.59   Q 513.71 104.84 470.41 113.69   A 0.32 0.32 0.0 0 1 470.02 113.38   C 470.25 100.89 472.98 88.62 474.97 76.25   C 476.25 68.29 476.53 61.35 474.86 54.19   Q 467.44 22.28 438.04 7.98   Q 427.58 2.89 415.73 4.08   Q 404.86 5.17 400.09 14.22   C 393.67 26.37 401.66 47.06 407.82 57.70   Q 420.70 79.98 435.03 105.72   C 437.66 110.45 440.68 115.27 443.72 119.60   A 0.59 0.59 0.0 0 1 443.43 120.49   C 421.80 128.07 401.59 138.50 383.49 152.35   A 0.57 0.57 0.0 0 1 382.63 152.15   C 371.71 130.35 363.17 110.69 344.67 95.93   Q 325.35 80.50 301.19 78.60   C 277.64 76.76 255.00 84.65 238.22 101.00   Q 227.16 111.77 221.27 125.56   A 0.23 0.23 0.0 0 0 221.65 125.81   C 230.43 115.90 240.91 105.08 255.47 106.07   A 0.36 0.35 10.7 0 1 255.79 106.53   Q 247.06 133.00 258.11 158.40   C 271.13 188.31 302.40 199.63 331.81 206.17   A 0.45 0.45 0.0 0 1 332.09 206.85   Q 301.59 253.95 297.10 309.97   A 1.08 1.08 0.0 0 1 296.58 310.82   C 260.54 333.24 241.04 373.53 241.83 415.76   C 242.31 441.88 249.76 467.49 262.29 490.25   A 0.56 0.56 0.0 0 1 261.95 491.06   C 255.72 492.74 248.23 499.15 249.00 506.41   A 3.05 2.73 -0.7 0 0 251.82 508.87   C 255.19 509.09 255.99 506.22 257.37 503.12   Q 259.24 498.91 263.84 497.19   A 0.26 0.25 3.1 0 1 264.16 497.54   Q 259.69 506.18 262.26 515.10   Q 263.00 517.67 264.61 519.01   A 2.47 2.19 -55.7 0 0 268.08 518.14   C 270.02 514.77 270.65 507.60 270.19 504.53   A 0.24 0.24 0.0 0 1 270.60 504.32   L 278.30 512.03   A 0.42 0.18 67.5 0 1 278.38 512.11   Q 280.09 514.48 281.11 515.52   Q 282.16 516.60 283.25 516.03   C 285.30 514.96 284.88 511.50 284.36 509.39   Q 282.94 503.67 278.31 497.27   A 0.29 0.28 -19.3 0 1 278.53 496.82"/>
<path vector-effect="non-scaling-stroke" d="   M 93.61 796.42   C 99.53 796.42 103.58 793.24 106.36 788.37   Q 149.19 713.25 155.40 702.41   A 0.21 0.21 0.0 0 1 155.79 702.51   L 155.79 793.71   A 0.53 0.52 -90.0 0 0 156.31 794.24   L 183.69 794.24   A 0.45 0.45 0.0 0 0 184.14 793.79   Q 184.10 655.70 184.11 654.82   C 184.18 648.45 183.58 643.54 178.84 639.84   C 173.29 635.51 166.07 635.53 160.80 639.73   Q 159.23 640.99 155.90 646.78   C 129.95 691.83 93.91 754.70 93.60 754.70   C 93.29 754.70 57.23 691.84 31.26 646.80   Q 27.93 641.02 26.36 639.76   C 21.09 635.56 13.87 635.54 8.32 639.87   C 3.58 643.58 2.98 648.49 3.06 654.86   Q 3.07 655.74 3.08 793.83   A 0.45 0.45 0.0 0 0 3.53 794.28   L 30.91 794.26   A 0.53 0.52 90.0 0 0 31.43 793.73   L 31.40 702.53   A 0.21 0.21 0.0 0 1 31.79 702.43   Q 38.00 713.27 80.86 788.37   C 83.64 793.24 87.69 796.43 93.61 796.42"/>
<path vector-effect="non-scaling-stroke" d="   M 756.59 705.28   A 0.43 0.43 0.0 0 0 757.02 704.85   L 757.02 677.43   A 0.43 0.43 0.0 0 0 756.59 677.00   L 708.19 677.00   A 0.43 0.43 0.0 0 1 707.76 676.57   L 707.76 639.18   A 0.43 0.43 0.0 0 0 707.33 638.75   L 679.66 638.75   A 0.43 0.43 0.0 0 0 679.23 639.18   L 679.23 676.57   A 0.43 0.43 0.0 0 1 678.80 677.00   L 642.96 677.00   A 0.43 0.43 0.0 0 0 642.53 677.43   L 642.53 704.84   A 0.43 0.43 0.0 0 0 642.96 705.27   L 678.81 705.27   A 0.43 0.43 0.0 0 1 679.24 705.70   L 679.24 793.83   A 0.43 0.43 0.0 0 0 679.67 794.26   L 707.33 794.26   A 0.43 0.43 0.0 0 0 707.76 793.83   L 707.76 705.71   A 0.43 0.43 0.0 0 1 708.19 705.28   L 756.59 705.28"/>
<path vector-effect="non-scaling-stroke" d="   M 340.5353 715.4533   A 38.31 38.31 0.0 0 0 302.2922 677.0765   L 249.0723 676.9836   A 38.31 38.31 0.0 0 0 210.6955 715.2267   L 210.6247 755.8067   A 38.31 38.31 0.0 0 0 248.8678 794.1835   L 302.0877 794.2764   A 38.31 38.31 0.0 0 0 340.4645 756.0333   L 340.5353 715.4533"/>
<path vector-effect="non-scaling-stroke" d="   M 365.29 794.26   L 392.18 794.26   A 0.62 0.61 -90.0 0 0 392.79 793.64   L 392.79 705.58   A 0.33 0.33 0.0 0 1 393.13 705.25   Q 422.50 705.39 434.19 705.21   Q 446.56 705.02 451.56 706.86   Q 460.65 710.23 464.72 720.23   C 465.95 723.27 466.21 727.48 466.27 730.75   Q 466.29 731.71 466.29 793.83   A 0.41 0.40 -0.0 0 0 466.70 794.23   L 493.89 794.23   A 0.56 0.56 0.0 0 0 494.45 793.67   Q 494.62 760.47 494.44 728.51   C 494.34 712.27 488.03 697.03 474.51 687.48   Q 459.84 677.12 442.23 677.04   Q 424.55 676.96 383.59 676.99   C 375.01 676.99 369.95 677.60 365.97 684.59   Q 364.48 687.20 364.51 697.19   Q 364.59 724.75 364.54 790.00   Q 364.53 792.86 364.65 793.71   A 0.65 0.64 -4.1 0 0 365.29 794.26"/>
<path vector-effect="non-scaling-stroke" d="   M 618.61 704.91   L 618.61 677.34   A 0.33 0.33 0.0 0 0 618.28 677.01   Q 576.79 676.96 550.01 677.05   Q 538.89 677.08 529.89 682.64   C 510.60 694.56 510.38 724.49 528.89 737.24   Q 537.62 743.26 548.99 743.26   Q 589.67 743.27 591.52 743.23   Q 605.64 742.93 604.13 757.25   C 603.43 763.95 597.71 766.00 591.75 766.00   Q 558.87 765.99 516.94 766.00   A 0.35 0.35 0.0 0 0 516.59 766.35   L 516.59 793.67   A 0.56 0.55 -0.0 0 0 517.15 794.22   Q 581.61 794.30 591.00 794.27   C 614.61 794.19 632.61 779.47 632.47 754.99   Q 632.40 743.30 626.40 733.16   C 618.66 720.06 606.44 715.18 591.50 715.22   Q 570.47 715.27 548.22 715.22   A 4.76 4.75 0.1 0 1 543.47 710.47   L 543.47 710.00   A 4.74 4.74 0.0 0 1 548.21 705.26   L 618.25 705.26   A 0.36 0.35 -0.0 0 0 618.61 704.91"/>
<path vector-effect="non-scaling-stroke" d="   M 861.72 767.24   Q 847.10 767.19 811.99 767.28   C 803.23 767.31 799.29 761.99 799.53 754.00   Q 799.61 751.25 799.44 722.40   Q 799.38 712.66 801.17 709.34   Q 804.17 703.79 812.51 703.77   Q 837.73 703.72 862.99 703.81   C 871.99 703.84 876.69 712.93 873.32 720.85   Q 870.36 727.80 862.60 727.87   Q 835.13 728.12 812.15 727.93   A 0.64 0.63 -0.0 0 0 811.51 728.56   L 811.51 754.35   A 0.42 0.42 0.0 0 0 811.93 754.77   Q 836.71 754.71 862.78 754.76   Q 877.86 754.79 889.02 744.52   C 901.53 733.02 905.11 711.33 896.63 696.51   C 888.89 682.99 875.50 676.95 860.26 676.99   Q 846.65 677.02 811.48 677.00   C 789.62 676.99 773.33 693.36 772.78 715.03   Q 772.61 721.78 772.70 755.52   Q 772.74 768.71 779.31 777.89   C 787.58 789.45 799.74 794.27 814.00 794.27   Q 823.59 794.27 861.76 794.21   A 0.66 0.66 0.0 0 0 862.41 793.55   L 862.41 767.93   A 0.69 0.69 0.0 0 0 861.72 767.24"/>
<path vector-effect="non-scaling-stroke" d="   M 1022.87 704.79   L 1022.87 677.56   A 0.56 0.55 0.5 0 0 1022.32 677.01   Q 962.29 676.96 960.00 677.02   C 941.82 677.51 926.38 686.64 921.11 704.44   Q 919.48 709.96 919.52 726.36   Q 919.67 790.50 919.58 793.77   A 0.46 0.46 0.0 0 0 920.04 794.24   L 947.10 794.24   A 0.61 0.61 0.0 0 0 947.71 793.64   Q 947.80 716.64 947.80 716.49   C 947.66 706.02 955.06 705.12 964.10 705.23   Q 969.43 705.29 1022.38 705.27   A 0.49 0.48 -0.0 0 0 1022.87 704.79"/>
<path vector-effect="non-scaling-stroke" d="   M 421.82 867.60   C 421.85 882.08 429.30 896.31 445.60 896.28   C 461.91 896.24 469.29 881.98 469.26 867.49   C 469.22 853.00 461.77 838.77 445.47 838.81   C 429.17 838.84 421.79 853.11 421.82 867.60"/>
<path vector-effect="non-scaling-stroke" d="   M 544.10 865.24   L 538.22 865.24   A 0.36 0.36 0.0 0 0 537.87 865.51   Q 535.56 874.15 530.54 881.30   A 0.53 0.53 0.0 0 1 529.77 881.41   Q 521.86 874.93 516.40 866.68   A 0.66 0.64 -34.7 0 1 516.57 865.79   C 520.65 862.91 524.61 860.09 527.01 855.62   C 530.60 848.95 527.85 839.75 519.55 838.91   C 514.32 838.38 509.47 840.28 506.78 844.75   C 503.27 850.60 505.24 858.08 508.12 864.16   A 1.10 1.09 -28.8 0 1 507.71 865.56   Q 503.35 868.28 500.28 872.50   C 495.66 878.86 497.09 888.22 503.32 892.89   C 511.22 898.80 522.72 896.68 530.01 890.32   A 0.73 0.72 -47.9 0 1 530.90 890.27   Q 536.48 894.16 542.69 896.17   A 0.64 0.64 0.0 0 0 543.50 895.76   L 544.96 891.16   A 0.61 0.60 -71.9 0 0 544.58 890.40   Q 539.87 888.81 535.06 885.53   A 0.44 0.43 35.6 0 1 534.95 884.91   Q 541.33 876.07 544.30 865.50   A 0.21 0.21 0.0 0 0 544.10 865.24"/>
<path vector-effect="non-scaling-stroke" d="   M 819.34 867.57   C 819.36 882.06 826.80 896.30 843.11 896.28   C 859.41 896.25 866.81 881.99 866.79 867.50   C 866.76 853.01 859.32 838.77 843.02 838.79   C 826.71 838.82 819.32 853.08 819.34 867.57"/>
<path vector-effect="non-scaling-stroke" d="   M 181.89 878.49   Q 190.52 878.50 191.54 878.50   A 0.36 0.36 0.0 0 1 191.88 878.75   L 197.40 895.14   A 0.22 0.22 0.0 0 0 197.61 895.29   L 204.37 895.29   A 0.16 0.16 0.0 0 0 204.52 895.08   L 186.13 840.43   A 0.86 0.86 0.0 0 0 185.36 839.83   Q 183.67 839.73 181.94 839.73   Q 180.22 839.73 178.53 839.82   A 0.86 0.86 0.0 0 0 177.76 840.42   L 159.21 895.02   A 0.16 0.16 0.0 0 0 159.36 895.23   L 166.12 895.25   A 0.22 0.22 0.0 0 0 166.33 895.10   L 171.90 878.72   A 0.36 0.36 0.0 0 1 172.24 878.47   Q 173.26 878.47 181.89 878.49"/>
<path vector-effect="non-scaling-stroke" d="   M 252.28 896.29   C 266.00 896.25 272.04 886.77 272.06 873.99   Q 272.10 851.39 272.02 840.11   A 0.42 0.42 0.0 0 0 271.60 839.70   L 265.54 839.70   A 0.43 0.43 0.0 0 0 265.11 840.13   Q 265.26 859.15 265.14 874.72   C 265.07 882.83 261.38 890.17 252.26 890.19   C 243.15 890.21 239.42 882.89 239.32 874.78   Q 239.12 859.21 239.18 840.19   A 0.43 0.43 0.0 0 0 238.75 839.76   L 232.69 839.79   A 0.42 0.42 0.0 0 0 232.27 840.20   Q 232.25 851.48 232.39 874.08   C 232.47 886.86 238.55 896.32 252.28 896.29"/>
<path vector-effect="non-scaling-stroke" d="   M 308.28 840.25   L 308.18 894.73   A 0.58 0.58 0.0 0 0 308.76 895.32   L 323.89 895.34   A 24.75 24.47 -89.9 0 0 348.40 870.64   L 348.42 864.50   A 24.75 24.47 -89.9 0 0 323.99 839.70   L 308.86 839.68   A 0.58 0.58 0.0 0 0 308.28 840.25"/>
<path vector-effect="non-scaling-stroke" d="   M 388.52 840.16   A 0.43 0.43 0.0 0 0 388.09 839.73   L 381.93 839.73   A 0.43 0.43 0.0 0 0 381.50 840.16   L 381.50 894.80   A 0.43 0.43 0.0 0 0 381.93 895.23   L 388.09 895.23   A 0.43 0.43 0.0 0 0 388.52 894.80   L 388.52 840.16"/>
<path vector-effect="non-scaling-stroke" d="   M 589.54 895.25   Q 593.09 895.25 593.19 895.23   A 0.96 0.94 -86.9 0 0 593.88 894.60   L 611.24 839.95   A 0.17 0.17 0.0 0 0 611.08 839.73   L 604.18 839.73   A 0.33 0.33 0.0 0 0 603.86 839.97   Q 596.79 863.80 589.92 887.53   Q 589.84 887.79 589.53 887.79   Q 589.21 887.79 589.14 887.53   Q 582.21 863.82 575.09 840.00   A 0.33 0.33 0.0 0 0 574.77 839.76   L 567.87 839.78   A 0.17 0.17 0.0 0 0 567.71 840.00   L 585.19 894.61   A 0.96 0.94 86.8 0 0 585.88 895.24   Q 585.98 895.26 589.54 895.25"/>
<path vector-effect="non-scaling-stroke" d="   M 647.00 840.10   A 0.37 0.37 0.0 0 0 646.63 839.73   L 640.37 839.73   A 0.37 0.37 0.0 0 0 640.00 840.10   L 640.00 894.88   A 0.37 0.37 0.0 0 0 640.37 895.25   L 646.63 895.25   A 0.37 0.37 0.0 0 0 647.00 894.88   L 647.00 840.10"/>
<path vector-effect="non-scaling-stroke" d="   M 683.49 840.18   L 683.49 894.84   A 0.44 0.44 0.0 0 0 683.93 895.28   L 699.14 895.28   A 24.38 24.33 90.0 0 0 723.47 870.90   L 723.47 864.12   A 24.38 24.33 90.0 0 0 699.14 839.74   L 683.93 839.74   A 0.44 0.44 0.0 0 0 683.49 840.18"/>
<path vector-effect="non-scaling-stroke" d="   M 764.20 863.23   A 0.44 0.44 0.0 0 1 763.76 862.79   L 763.76 846.19   A 0.44 0.44 0.0 0 1 764.20 845.75   L 788.34 845.75   A 0.44 0.44 0.0 0 0 788.78 845.31   L 788.78 840.19   A 0.44 0.44 0.0 0 0 788.34 839.75   L 757.19 839.75   A 0.44 0.44 0.0 0 0 756.75 840.19   L 756.75 894.82   A 0.44 0.44 0.0 0 0 757.19 895.26   L 789.07 895.26   A 0.44 0.44 0.0 0 0 789.51 894.82   L 789.51 889.68   A 0.44 0.44 0.0 0 0 789.07 889.24   L 764.20 889.24   A 0.44 0.44 0.0 0 1 763.76 888.80   L 763.76 869.71   A 0.44 0.44 0.0 0 1 764.20 869.27   L 784.34 869.27   A 0.44 0.44 0.0 0 0 784.78 868.83   L 784.78 863.67   A 0.44 0.44 0.0 0 0 784.34 863.23   L 764.20 863.23"/>
<path vector-effect="non-scaling-stroke" d="   M 450.6534 186.3403   A 50.59 48.65 -90.2 0 0 402.1803 237.0998   A 50.59 48.65 -90.2 0 0 451.0066 287.5197   A 50.59 48.65 -90.2 0 0 499.4797 236.7602   A 50.59 48.65 -90.2 0 0 450.6534 186.3403"/>
<path vector-effect="non-scaling-stroke" d="   M 574.3339 186.3849   A 50.57 48.66 -90.8 0 0 526.3847 237.6294   A 50.57 48.66 -90.8 0 0 575.7461 287.5151   A 50.57 48.66 -90.8 0 0 623.6953 236.2706   A 50.57 48.66 -90.8 0 0 574.3339 186.3849"/>
<path vector-effect="non-scaling-stroke" d="   M 390.40 316.39   Q 399.29 332.79 414.72 344.01   Q 426.47 352.55 430.13 354.01   A 0.58 0.57 27.3 0 1 430.40 354.85   C 427.08 360.08 418.22 372.87 420.52 378.75   C 424.70 389.48 435.18 394.09 446.33 395.14   C 449.21 395.42 456.94 394.11 458.99 391.43   C 463.71 385.28 465.47 375.83 467.00 368.35   A 0.57 0.57 0.0 0 1 467.67 367.90   C 480.48 370.58 492.98 372.47 505.84 372.46   A 0.40 0.40 0.0 0 1 506.23 372.92   C 505.44 377.96 502.59 390.68 505.95 394.17   C 519.39 408.14 553.16 409.86 564.47 391.97   C 568.00 386.38 558.69 372.22 555.31 367.34   A 0.30 0.30 0.0 0 1 555.46 366.88   L 571.64 361.43   A 0.71 0.71 0.0 0 1 572.52 361.83   Q 575.96 369.99 580.90 377.64   C 584.78 383.63 589.26 386.71 596.26 385.48   Q 611.27 382.87 619.04 370.54   C 621.32 366.92 622.96 362.27 620.99 358.75   C 617.36 352.27 611.60 346.72 605.36 342.35   A 0.62 0.62 0.0 0 1 605.33 341.36   Q 618.73 330.76 626.81 316.68   A 0.26 0.26 0.0 0 0 626.39 316.38   C 606.48 338.17 576.67 350.53 547.97 355.65   Q 500.36 364.16 454.65 352.07   C 430.22 345.61 408.12 334.06 390.64 316.21   A 0.15 0.15 0.0 0 0 390.40 316.39"/>
<path vector-effect="non-scaling-stroke" d="   M 472.16 234.48   A 0.32 0.32 0.0 0 0 471.60 234.43   C 469.57 237.46 465.11 238.79 461.86 237.00   C 456.83 234.23 458.24 228.00 461.81 224.78   A 0.31 0.31 0.0 0 0 461.71 224.26   C 452.35 220.79 443.05 223.24 437.63 231.62   C 431.86 240.54 435.38 251.36 443.82 257.31   C 459.31 268.22 479.73 251.94 472.16 234.48"/>
<path vector-effect="non-scaling-stroke" d="   M 578.20 224.15   Q 564.55 219.72 556.06 229.18   C 545.58 240.84 553.26 257.47 567.35 260.35   C 575.83 262.09 584.29 257.96 588.26 250.37   Q 592.09 243.07 588.83 234.55   A 0.28 0.28 0.0 0 0 588.35 234.47   C 581.09 243.23 569.49 233.28 578.35 224.80   A 0.39 0.39 0.0 0 0 578.20 224.15"/>
<path vector-effect="non-scaling-stroke" d="   M 452.4073 242.1558   A 4.81 4.60 -45.9 0 0 445.7566 242.4088   A 4.81 4.60 -45.9 0 0 445.7127 249.0642   A 4.81 4.60 -45.9 0 0 452.3634 248.8112   A 4.81 4.60 -45.9 0 0 452.4073 242.1558"/>
<path vector-effect="non-scaling-stroke" d="   M 571.24 245.49   A 4.79 4.79 0.0 0 0 566.45 240.70   A 4.79 4.79 0.0 0 0 561.66 245.49   A 4.79 4.79 0.0 0 0 566.45 250.28   A 4.79 4.79 0.0 0 0 571.24 245.49"/>
<path vector-effect="non-scaling-stroke" d="   M 312.39 715.37   A 10.10 10.10 0.0 0 0 302.29 705.27   L 248.95 705.27   A 10.10 10.10 0.0 0 0 238.85 715.37   L 238.85 755.87   A 10.10 10.10 0.0 0 0 248.95 765.97   L 302.29 765.97   A 10.10 10.10 0.0 0 0 312.39 755.87   L 312.39 715.37"/>
<path vector-effect="non-scaling-stroke" d="   M 429.16 867.53   C 429.15 877.58 433.30 890.11 445.51 890.12   C 457.72 890.13 461.89 877.61 461.90 867.57   C 461.91 857.52 457.76 845.00 445.55 844.98   C 433.35 844.97 429.17 857.49 429.16 867.53"/>
<path vector-effect="non-scaling-stroke" d="   M 513.35 861.36   Q 513.43 861.39 513.47 861.37   C 518.34 858.65 524.36 853.84 522.58 847.66   Q 521.79 844.93 519.13 844.04   Q 516.47 843.15 514.19 844.87   C 509.06 848.73 510.98 856.20 513.25 861.29   Q 513.27 861.34 513.35 861.36"/>
<path vector-effect="non-scaling-stroke" d="   M 525.15 885.70   Q 517.25 878.58 511.70 870.44   A 0.65 0.64 53.1 0 0 510.76 870.30   C 506.02 874.09 502.35 879.26 505.61 885.39   C 509.58 892.86 519.35 891.65 525.14 886.79   A 0.73 0.72 46.0 0 0 525.15 885.70"/>
<path vector-effect="non-scaling-stroke" d="   M 826.66 867.53   C 826.66 877.57 830.81 890.11 843.02 890.12   C 855.24 890.13 859.41 877.60 859.42 867.55   C 859.43 857.51 855.27 844.97 843.06 844.96   C 830.85 844.95 826.67 857.48 826.66 867.53"/>
<path vector-effect="non-scaling-stroke" d="   M 181.80 872.75   Q 186.85 872.75 189.76 872.68   A 0.29 0.29 0.0 0 0 190.03 872.30   Q 184.76 855.86 182.05 845.94   Q 182.01 845.76 181.79 845.76   Q 181.57 845.76 181.52 845.94   Q 178.82 855.86 173.57 872.31   A 0.29 0.29 0.0 0 0 173.84 872.69   Q 176.75 872.75 181.80 872.75"/>
<path vector-effect="non-scaling-stroke" d="   M 315.25 846.05   L 315.25 888.97   A 0.57 0.57 0.0 0 0 315.82 889.54   L 322.80 889.54   A 18.68 18.17 -90.0 0 0 340.97 870.86   L 340.97 864.16   A 18.68 18.17 90.0 0 0 322.80 845.48   L 315.82 845.48   A 0.57 0.57 0.0 0 0 315.25 846.05"/>
<path vector-effect="non-scaling-stroke" d="   M 690.51 846.02   L 690.51 889.02   A 0.54 0.54 0.0 0 0 691.05 889.56   L 698.07 889.56   A 18.83 18.10 -90.0 0 0 716.17 870.73   L 716.17 864.31   A 18.83 18.10 90.0 0 0 698.07 845.48   L 691.05 845.48   A 0.54 0.54 0.0 0 0 690.51 846.02"/>
</g>

<path fill="#333333" d="   M 278.53 496.82   A 0.29 0.28 -19.3 0 0 278.31 497.27   Q 282.94 503.67 284.36 509.39   C 284.88 511.50 285.30 514.96 283.25 516.03   Q 282.16 516.60 281.11 515.52   Q 280.09 514.48 278.38 512.11   A 0.42 0.18 67.5 0 0 278.30 512.03   L 270.60 504.32   A 0.24 0.24 0.0 0 0 270.19 504.53   C 270.65 507.60 270.02 514.77 268.08 518.14   A 2.47 2.19 -55.7 0 1 264.61 519.01   Q 263.00 517.67 262.26 515.10   Q 259.69 506.18 264.16 497.54   A 0.26 0.25 3.1 0 0 263.84 497.19   Q 259.24 498.91 257.37 503.12   C 255.99 506.22 255.19 509.09 251.82 508.87   A 3.05 2.73 -0.7 0 1 249.00 506.41   C 248.23 499.15 255.72 492.74 261.95 491.06   A 0.56 0.56 0.0 0 0 262.29 490.25   C 249.76 467.49 242.31 441.88 241.83 415.76   C 241.04 373.53 260.54 333.24 296.58 310.82   A 1.08 1.08 0.0 0 0 297.10 309.97   Q 301.59 253.95 332.09 206.85   A 0.45 0.45 0.0 0 0 331.81 206.17   C 302.40 199.63 271.13 188.31 258.11 158.40   Q 247.06 133.00 255.79 106.53   A 0.36 0.35 10.7 0 0 255.47 106.07   C 240.91 105.08 230.43 115.90 221.65 125.81   A 0.23 0.23 0.0 0 1 221.27 125.56   Q 227.16 111.77 238.22 101.00   C 255.00 84.65 277.64 76.76 301.19 78.60   Q 325.35 80.50 344.67 95.93   C 363.17 110.69 371.71 130.35 382.63 152.15   A 0.57 0.57 0.0 0 0 383.49 152.35   C 401.59 138.50 421.80 128.07 443.43 120.49   A 0.59 0.59 0.0 0 0 443.72 119.60   C 440.68 115.27 437.66 110.45 435.03 105.72   Q 420.70 79.98 407.82 57.70   C 401.66 47.06 393.67 26.37 400.09 14.22   Q 404.86 5.17 415.73 4.08   Q 427.58 2.89 438.04 7.98   Q 467.44 22.28 474.86 54.19   C 476.53 61.35 476.25 68.29 474.97 76.25   C 472.98 88.62 470.25 100.89 470.02 113.38   A 0.32 0.32 0.0 0 0 470.41 113.69   Q 513.71 104.84 556.08 113.59   A 0.75 0.74 2.3 0 0 556.97 112.77   Q 554.98 96.94 552.41 84.06   C 549.97 71.87 549.72 58.85 554.00 46.23   Q 562.16 22.14 584.69 9.71   Q 598.17 2.28 612.92 4.41   Q 618.46 5.22 623.14 10.26   C 634.47 22.47 624.33 46.83 617.54 58.80   Q 607.27 76.91 594.76 99.26   C 590.84 106.28 586.37 113.38 582.12 119.83   A 0.43 0.42 -63.7 0 0 582.33 120.46   Q 614.69 132.26 642.41 152.43   A 0.61 0.61 0.0 0 0 643.32 152.21   Q 651.37 135.73 656.07 127.06   C 669.60 102.11 689.98 83.99 718.58 79.33   C 754.75 73.45 789.76 92.31 804.72 125.72   A 0.22 0.22 0.0 0 1 804.36 125.95   Q 798.85 119.53 792.40 114.10   Q 783.89 106.94 772.27 107.58   A 1.05 1.05 0.0 0 0 771.32 108.93   Q 779.17 134.86 767.86 160.90   C 754.85 190.86 724.01 201.08 695.20 208.11   A 0.55 0.55 0.0 0 0 694.87 208.95   Q 722.74 251.58 728.82 302.74   Q 729.78 310.82 729.96 311.93   A 1.00 1.00 0.0 0 0 730.38 312.59   Q 766.03 336.18 778.02 375.09   Q 789.82 413.37 779.08 452.63   Q 773.29 473.81 763.65 491.27   A 0.43 0.43 0.0 0 0 763.93 491.90   Q 775.11 494.53 776.95 505.19   C 777.86 510.45 771.62 511.49 770.06 507.46   C 768.40 503.17 766.45 499.96 762.18 498.15   A 0.30 0.30 0.0 0 0 761.81 498.57   Q 766.46 506.81 763.98 515.41   Q 763.27 517.87 761.58 519.00   A 2.63 2.44 49.9 0 1 758.39 518.61   C 755.50 515.74 755.62 508.25 755.72 504.21   A 0.23 0.23 0.0 0 0 755.32 504.04   L 748.46 510.90   A 3.06 1.93 -66.5 0 0 748.19 511.20   L 745.16 515.11   A 1.75 1.75 0.0 0 1 742.67 515.40   C 738.13 511.70 745.15 500.85 747.54 497.32   A 0.38 0.38 0.0 0 0 747.22 496.72   Q 740.43 496.94 737.36 498.62   C 734.73 500.06 728.46 504.35 727.18 500.40   C 725.97 496.70 729.44 491.98 732.12 489.61   Q 741.65 481.19 754.10 484.12   A 0.53 0.53 0.0 0 0 754.74 483.69   Q 760.01 451.30 755.15 423.60   Q 749.40 390.89 726.58 367.38   A 0.41 0.41 0.0 0 0 725.88 367.59   Q 719.33 403.75 700.23 436.24   Q 668.22 490.71 612.43 520.15   A 2.45 2.45 0.0 0 0 611.14 522.03   Q 608.68 542.33 601.33 560.54   C 600.06 563.69 599.25 568.84 600.18 572.47   Q 600.98 575.58 603.95 578.74   C 610.00 585.20 615.81 586.39 625.73 587.08   C 635.53 587.75 645.06 589.44 653.60 593.72   C 662.38 598.12 667.59 606.45 672.14 614.62   A 0.31 0.31 0.0 0 1 671.87 615.08   Q 592.05 615.08 587.98 615.13   Q 582.04 615.20 578.66 613.90   Q 569.54 610.39 566.01 601.18   Q 564.62 597.59 564.54 590.16   Q 564.25 566.26 560.86 540.41   A 0.64 0.64 0.0 0 0 560.10 539.86   Q 526.50 546.26 492.72 543.86   Q 479.12 542.90 465.67 539.86   A 0.44 0.43 10.3 0 0 465.14 540.22   Q 461.44 567.36 461.36 595.00   C 461.36 596.99 460.32 600.77 459.35 602.69   Q 455.37 610.59 447.72 613.71   Q 443.74 615.33 431.60 615.12   Q 426.63 615.04 354.25 615.09   A 0.41 0.41 0.0 0 1 353.88 614.50   C 358.31 605.38 364.70 597.06 373.94 592.93   Q 383.50 588.65 395.50 587.51   C 401.63 586.92 407.39 586.92 412.05 585.41   C 421.29 582.41 428.44 574.29 425.64 564.04   Q 425.24 562.59 420.92 549.11   Q 417.36 538.00 414.62 521.26   A 0.96 0.96 0.0 0 0 414.12 520.57   Q 384.16 504.73 363.16 484.32   Q 313.42 435.97 300.03 367.58   A 0.29 0.29 0.0 0 0 299.54 367.42   C 267.15 398.57 263.70 441.94 271.20 483.91   A 0.39 0.39 0.0 0 0 271.76 484.19   Q 274.30 482.94 277.25 483.00   Q 290.24 483.29 297.34 493.92   Q 298.87 496.22 299.11 498.68   A 3.21 2.62 77.9 0 1 297.51 501.81   C 295.23 502.74 291.89 500.52 289.32 499.18   Q 284.28 496.54 278.53 496.82   Z   M 450.6534 186.3403   A 50.59 48.65 -90.2 0 0 402.1803 237.0998   A 50.59 48.65 -90.2 0 0 451.0066 287.5197   A 50.59 48.65 -90.2 0 0 499.4797 236.7602   A 50.59 48.65 -90.2 0 0 450.6534 186.3403   Z   M 574.3339 186.3849   A 50.57 48.66 -90.8 0 0 526.3847 237.6294   A 50.57 48.66 -90.8 0 0 575.7461 287.5151   A 50.57 48.66 -90.8 0 0 623.6953 236.2706   A 50.57 48.66 -90.8 0 0 574.3339 186.3849   Z   M 390.40 316.39   Q 399.29 332.79 414.72 344.01   Q 426.47 352.55 430.13 354.01   A 0.58 0.57 27.3 0 1 430.40 354.85   C 427.08 360.08 418.22 372.87 420.52 378.75   C 424.70 389.48 435.18 394.09 446.33 395.14   C 449.21 395.42 456.94 394.11 458.99 391.43   C 463.71 385.28 465.47 375.83 467.00 368.35   A 0.57 0.57 0.0 0 1 467.67 367.90   C 480.48 370.58 492.98 372.47 505.84 372.46   A 0.40 0.40 0.0 0 1 506.23 372.92   C 505.44 377.96 502.59 390.68 505.95 394.17   C 519.39 408.14 553.16 409.86 564.47 391.97   C 568.00 386.38 558.69 372.22 555.31 367.34   A 0.30 0.30 0.0 0 1 555.46 366.88   L 571.64 361.43   A 0.71 0.71 0.0 0 1 572.52 361.83   Q 575.96 369.99 580.90 377.64   C 584.78 383.63 589.26 386.71 596.26 385.48   Q 611.27 382.87 619.04 370.54   C 621.32 366.92 622.96 362.27 620.99 358.75   C 617.36 352.27 611.60 346.72 605.36 342.35   A 0.62 0.62 0.0 0 1 605.33 341.36   Q 618.73 330.76 626.81 316.68   A 0.26 0.26 0.0 0 0 626.39 316.38   C 606.48 338.17 576.67 350.53 547.97 355.65   Q 500.36 364.16 454.65 352.07   C 430.22 345.61 408.12 334.06 390.64 316.21   A 0.15 0.15 0.0 0 0 390.40 316.39   Z"/>


<path fill="#333333" d="   M 472.16 234.48   C 479.73 251.94 459.31 268.22 443.82 257.31   C 435.38 251.36 431.86 240.54 437.63 231.62   C 443.05 223.24 452.35 220.79 461.71 224.26   A 0.31 0.31 0.0 0 1 461.81 224.78   C 458.24 228.00 456.83 234.23 461.86 237.00   C 465.11 238.79 469.57 237.46 471.60 234.43   A 0.32 0.32 0.0 0 1 472.16 234.48   Z   M 452.4073 242.1558   A 4.81 4.60 -45.9 0 0 445.7566 242.4088   A 4.81 4.60 -45.9 0 0 445.7127 249.0642   A 4.81 4.60 -45.9 0 0 452.3634 248.8112   A 4.81 4.60 -45.9 0 0 452.4073 242.1558   Z"/>
<path fill="#333333" d="   M 578.20 224.15   A 0.39 0.39 0.0 0 1 578.35 224.80   C 569.49 233.28 581.09 243.23 588.35 234.47   A 0.28 0.28 0.0 0 1 588.83 234.55   Q 592.09 243.07 588.26 250.37   C 584.29 257.96 575.83 262.09 567.35 260.35   C 553.26 257.47 545.58 240.84 556.06 229.18   Q 564.55 219.72 578.20 224.15   Z   M 571.24 245.49   A 4.79 4.79 0.0 0 0 566.45 240.70   A 4.79 4.79 0.0 0 0 561.66 245.49   A 4.79 4.79 0.0 0 0 566.45 250.28   A 4.79 4.79 0.0 0 0 571.24 245.49   Z"/>



<path fill="#333333" d="   M 93.60 754.70   C 93.91 754.70 129.95 691.83 155.90 646.78   Q 159.23 640.99 160.80 639.73   C 166.07 635.53 173.29 635.51 178.84 639.84   C 183.58 643.54 184.18 648.45 184.11 654.82   Q 184.10 655.70 184.14 793.79   A 0.45 0.45 0.0 0 1 183.69 794.24   L 156.31 794.24   A 0.53 0.52 90.0 0 1 155.79 793.71   L 155.79 702.51   A 0.21 0.21 0.0 0 0 155.40 702.41   Q 149.19 713.25 106.36 788.37   C 103.58 793.24 99.53 796.42 93.61 796.42   C 87.69 796.43 83.64 793.24 80.86 788.37   Q 38.00 713.27 31.79 702.43   A 0.21 0.21 0.0 0 0 31.40 702.53   L 31.43 793.73   A 0.53 0.52 90.0 0 1 30.91 794.26   L 3.53 794.28   A 0.45 0.45 0.0 0 1 3.08 793.83   Q 3.07 655.74 3.06 654.86   C 2.98 648.49 3.58 643.58 8.32 639.87   C 13.87 635.54 21.09 635.56 26.36 639.76   Q 27.93 641.02 31.26 646.80   C 57.23 691.84 93.29 754.70 93.60 754.70   Z"/>
<path fill="#333333" d="   M 756.59 705.28   L 708.19 705.28   A 0.43 0.43 0.0 0 0 707.76 705.71   L 707.76 793.83   A 0.43 0.43 0.0 0 1 707.33 794.26   L 679.67 794.26   A 0.43 0.43 0.0 0 1 679.24 793.83   L 679.24 705.70   A 0.43 0.43 0.0 0 0 678.81 705.27   L 642.96 705.27   A 0.43 0.43 0.0 0 1 642.53 704.84   L 642.53 677.43   A 0.43 0.43 0.0 0 1 642.96 677.00   L 678.80 677.00   A 0.43 0.43 0.0 0 0 679.23 676.57   L 679.23 639.18   A 0.43 0.43 0.0 0 1 679.66 638.75   L 707.33 638.75   A 0.43 0.43 0.0 0 1 707.76 639.18   L 707.76 676.57   A 0.43 0.43 0.0 0 0 708.19 677.00   L 756.59 677.00   A 0.43 0.43 0.0 0 1 757.02 677.43   L 757.02 704.85   A 0.43 0.43 0.0 0 1 756.59 705.28   Z"/>
<path fill="#333333" d="   M 340.4645 756.0333   A 38.31 38.31 0.0 0 1 302.0877 794.2764   L 248.8678 794.1835   A 38.31 38.31 0.0 0 1 210.6247 755.8067   L 210.6955 715.2267   A 38.31 38.31 0.0 0 1 249.0723 676.9836   L 302.2922 677.0765   A 38.31 38.31 0.0 0 1 340.5353 715.4533   L 340.4645 756.0333   Z   M 312.39 715.37   A 10.10 10.10 0.0 0 0 302.29 705.27   L 248.95 705.27   A 10.10 10.10 0.0 0 0 238.85 715.37   L 238.85 755.87   A 10.10 10.10 0.0 0 0 248.95 765.97   L 302.29 765.97   A 10.10 10.10 0.0 0 0 312.39 755.87   L 312.39 715.37   Z"/>
<path fill="#333333" d="   M 364.65 793.71   Q 364.53 792.86 364.54 790.00   Q 364.59 724.75 364.51 697.19   Q 364.48 687.20 365.97 684.59   C 369.95 677.60 375.01 676.99 383.59 676.99   Q 424.55 676.96 442.23 677.04   Q 459.84 677.12 474.51 687.48   C 488.03 697.03 494.34 712.27 494.44 728.51   Q 494.62 760.47 494.45 793.67   A 0.56 0.56 0.0 0 1 493.89 794.23   L 466.70 794.23   A 0.41 0.40 -0.0 0 1 466.29 793.83   Q 466.29 731.71 466.27 730.75   C 466.21 727.48 465.95 723.27 464.72 720.23   Q 460.65 710.23 451.56 706.86   Q 446.56 705.02 434.19 705.21   Q 422.50 705.39 393.13 705.25   A 0.33 0.33 0.0 0 0 392.79 705.58   L 392.79 793.64   A 0.62 0.61 90.0 0 1 392.18 794.26   L 365.29 794.26   A 0.65 0.64 -4.1 0 1 364.65 793.71   Z"/>
<path fill="#333333" d="   M 618.61 704.91   A 0.36 0.35 -0.0 0 1 618.25 705.26   L 548.21 705.26   A 4.74 4.74 0.0 0 0 543.47 710.00   L 543.47 710.47   A 4.76 4.75 0.1 0 0 548.22 715.22   Q 570.47 715.27 591.50 715.22   C 606.44 715.18 618.66 720.06 626.40 733.16   Q 632.40 743.30 632.47 754.99   C 632.61 779.47 614.61 794.19 591.00 794.27   Q 581.61 794.30 517.15 794.22   A 0.56 0.55 -0.0 0 1 516.59 793.67   L 516.59 766.35   A 0.35 0.35 0.0 0 1 516.94 766.00   Q 558.87 765.99 591.75 766.00   C 597.71 766.00 603.43 763.95 604.13 757.25   Q 605.64 742.93 591.52 743.23   Q 589.67 743.27 548.99 743.26   Q 537.62 743.26 528.89 737.24   C 510.38 724.49 510.60 694.56 529.89 682.64   Q 538.89 677.08 550.01 677.05   Q 576.79 676.96 618.28 677.01   A 0.33 0.33 0.0 0 1 618.61 677.34   L 618.61 704.91   Z"/>
<path fill="#333333" d="   M 862.41 767.93   L 862.41 793.55   A 0.66 0.66 0.0 0 1 861.76 794.21   Q 823.59 794.27 814.00 794.27   C 799.74 794.27 787.58 789.45 779.31 777.89   Q 772.74 768.71 772.70 755.52   Q 772.61 721.78 772.78 715.03   C 773.33 693.36 789.62 676.99 811.48 677.00   Q 846.65 677.02 860.26 676.99   C 875.50 676.95 888.89 682.99 896.63 696.51   C 905.11 711.33 901.53 733.02 889.02 744.52   Q 877.86 754.79 862.78 754.76   Q 836.71 754.71 811.93 754.77   A 0.42 0.42 0.0 0 1 811.51 754.35   L 811.51 728.56   A 0.64 0.63 -0.0 0 1 812.15 727.93   Q 835.13 728.12 862.60 727.87   Q 870.36 727.80 873.32 720.85   C 876.69 712.93 871.99 703.84 862.99 703.81   Q 837.73 703.72 812.51 703.77   Q 804.17 703.79 801.17 709.34   Q 799.38 712.66 799.44 722.40   Q 799.61 751.25 799.53 754.00   C 799.29 761.99 803.23 767.31 811.99 767.28   Q 847.10 767.19 861.72 767.24   A 0.69 0.69 0.0 0 1 862.41 767.93   Z"/>
<path fill="#333333" d="   M 1022.87 704.79   A 0.49 0.48 -0.0 0 1 1022.38 705.27   Q 969.43 705.29 964.10 705.23   C 955.06 705.12 947.66 706.02 947.80 716.49   Q 947.80 716.64 947.71 793.64   A 0.61 0.61 0.0 0 1 947.10 794.24   L 920.04 794.24   A 0.46 0.46 0.0 0 1 919.58 793.77   Q 919.67 790.50 919.52 726.36   Q 919.48 709.96 921.11 704.44   C 926.38 686.64 941.82 677.51 960.00 677.02   Q 962.29 676.96 1022.32 677.01   A 0.56 0.55 0.5 0 1 1022.87 677.56   L 1022.87 704.79   Z"/>

<path fill="#333333" d="   M 445.47 838.81   C 461.77 838.77 469.22 853.00 469.26 867.49   C 469.29 881.98 461.91 896.24 445.60 896.28   C 429.30 896.31 421.85 882.08 421.82 867.60   C 421.79 853.11 429.17 838.84 445.47 838.81   Z   M 429.16 867.53   C 429.15 877.58 433.30 890.11 445.51 890.12   C 457.72 890.13 461.89 877.61 461.90 867.57   C 461.91 857.52 457.76 845.00 445.55 844.98   C 433.35 844.97 429.17 857.49 429.16 867.53   Z"/>
<path fill="#333333" d="   M 544.30 865.50   Q 541.33 876.07 534.95 884.91   A 0.44 0.43 35.6 0 0 535.06 885.53   Q 539.87 888.81 544.58 890.40   A 0.61 0.60 -71.9 0 1 544.96 891.16   L 543.50 895.76   A 0.64 0.64 0.0 0 1 542.69 896.17   Q 536.48 894.16 530.90 890.27   A 0.73 0.72 -47.9 0 0 530.01 890.32   C 522.72 896.68 511.22 898.80 503.32 892.89   C 497.09 888.22 495.66 878.86 500.28 872.50   Q 503.35 868.28 507.71 865.56   A 1.10 1.09 -28.8 0 0 508.12 864.16   C 505.24 858.08 503.27 850.60 506.78 844.75   C 509.47 840.28 514.32 838.38 519.55 838.91   C 527.85 839.75 530.60 848.95 527.01 855.62   C 524.61 860.09 520.65 862.91 516.57 865.79   A 0.66 0.64 -34.7 0 0 516.40 866.68   Q 521.86 874.93 529.77 881.41   A 0.53 0.53 0.0 0 0 530.54 881.30   Q 535.56 874.15 537.87 865.51   A 0.36 0.36 0.0 0 1 538.22 865.24   L 544.10 865.24   A 0.21 0.21 0.0 0 1 544.30 865.50   Z   M 513.35 861.36   Q 513.43 861.39 513.47 861.37   C 518.34 858.65 524.36 853.84 522.58 847.66   Q 521.79 844.93 519.13 844.04   Q 516.47 843.15 514.19 844.87   C 509.06 848.73 510.98 856.20 513.25 861.29   Q 513.27 861.34 513.35 861.36   Z   M 525.15 885.70   Q 517.25 878.58 511.70 870.44   A 0.65 0.64 53.1 0 0 510.76 870.30   C 506.02 874.09 502.35 879.26 505.61 885.39   C 509.58 892.86 519.35 891.65 525.14 886.79   A 0.73 0.72 46.0 0 0 525.15 885.70   Z"/>
<path fill="#333333" d="   M 819.34 867.57   C 819.32 853.08 826.71 838.82 843.02 838.79   C 859.32 838.77 866.76 853.01 866.79 867.50   C 866.81 881.99 859.41 896.25 843.11 896.28   C 826.80 896.30 819.36 882.06 819.34 867.57   Z   M 826.66 867.53   C 826.66 877.57 830.81 890.11 843.02 890.12   C 855.24 890.13 859.41 877.60 859.42 867.55   C 859.43 857.51 855.27 844.97 843.06 844.96   C 830.85 844.95 826.67 857.48 826.66 867.53   Z"/>
<path fill="#333333" d="   M 181.94 839.73   Q 183.67 839.73 185.36 839.83   A 0.86 0.86 0.0 0 1 186.13 840.43   L 204.52 895.08   A 0.16 0.16 0.0 0 1 204.37 895.29   L 197.61 895.29   A 0.22 0.22 0.0 0 1 197.40 895.14   L 191.88 878.75   A 0.36 0.36 0.0 0 0 191.54 878.50   Q 190.52 878.50 181.89 878.49   Q 173.26 878.47 172.24 878.47   A 0.36 0.36 0.0 0 0 171.90 878.72   L 166.33 895.10   A 0.22 0.22 0.0 0 1 166.12 895.25   L 159.36 895.23   A 0.16 0.16 0.0 0 1 159.21 895.02   L 177.76 840.42   A 0.86 0.86 0.0 0 1 178.53 839.82   Q 180.22 839.73 181.94 839.73   Z   M 181.80 872.75   Q 186.85 872.75 189.76 872.68   A 0.29 0.29 0.0 0 0 190.03 872.30   Q 184.76 855.86 182.05 845.94   Q 182.01 845.76 181.79 845.76   Q 181.57 845.76 181.52 845.94   Q 178.82 855.86 173.57 872.31   A 0.29 0.29 0.0 0 0 173.84 872.69   Q 176.75 872.75 181.80 872.75   Z"/>
<path fill="#333333" d="   M 252.26 890.19   C 261.38 890.17 265.07 882.83 265.14 874.72   Q 265.26 859.15 265.11 840.13   A 0.43 0.43 0.0 0 1 265.54 839.70   L 271.60 839.70   A 0.42 0.42 0.0 0 1 272.02 840.11   Q 272.10 851.39 272.06 873.99   C 272.04 886.77 266.00 896.25 252.28 896.29   C 238.55 896.32 232.47 886.86 232.39 874.08   Q 232.25 851.48 232.27 840.20   A 0.42 0.42 0.0 0 1 232.69 839.79   L 238.75 839.76   A 0.43 0.43 0.0 0 1 239.18 840.19   Q 239.12 859.21 239.32 874.78   C 239.42 882.89 243.15 890.21 252.26 890.19   Z"/>
<path fill="#333333" d="   M 308.28 840.25   A 0.58 0.58 0.0 0 1 308.86 839.68   L 323.99 839.70   A 24.75 24.47 -89.9 0 1 348.42 864.50   L 348.40 870.64   A 24.75 24.47 -89.9 0 1 323.89 895.34   L 308.76 895.32   A 0.58 0.58 0.0 0 1 308.18 894.73   L 308.28 840.25   Z   M 315.25 846.05   L 315.25 888.97   A 0.57 0.57 0.0 0 0 315.82 889.54   L 322.80 889.54   A 18.68 18.17 -90.0 0 0 340.97 870.86   L 340.97 864.16   A 18.68 18.17 90.0 0 0 322.80 845.48   L 315.82 845.48   A 0.57 0.57 0.0 0 0 315.25 846.05   Z"/>
<rect fill="#333333" x="381.50" y="839.73" width="7.02" height="55.50" rx="0.43"/>
<path fill="#333333" d="   M 589.53 887.79   Q 589.84 887.79 589.92 887.53   Q 596.79 863.80 603.86 839.97   A 0.33 0.33 0.0 0 1 604.18 839.73   L 611.08 839.73   A 0.17 0.17 0.0 0 1 611.24 839.95   L 593.88 894.60   A 0.96 0.94 -86.9 0 1 593.19 895.23   Q 593.09 895.25 589.54 895.25   Q 585.98 895.26 585.88 895.24   A 0.96 0.94 86.8 0 1 585.19 894.61   L 567.71 840.00   A 0.17 0.17 0.0 0 1 567.87 839.78   L 574.77 839.76   A 0.33 0.33 0.0 0 1 575.09 840.00   Q 582.21 863.82 589.14 887.53   Q 589.21 887.79 589.53 887.79   Z"/>
<rect fill="#333333" x="640.00" y="839.73" width="7.00" height="55.52" rx="0.37"/>
<path fill="#333333" d="   M 683.49 840.18   A 0.44 0.44 0.0 0 1 683.93 839.74   L 699.14 839.74   A 24.38 24.33 -90.0 0 1 723.47 864.12   L 723.47 870.90   A 24.38 24.33 -90.0 0 1 699.14 895.28   L 683.93 895.28   A 0.44 0.44 0.0 0 1 683.49 894.84   L 683.49 840.18   Z   M 690.51 846.02   L 690.51 889.02   A 0.54 0.54 0.0 0 0 691.05 889.56   L 698.07 889.56   A 18.83 18.10 -90.0 0 0 716.17 870.73   L 716.17 864.31   A 18.83 18.10 90.0 0 0 698.07 845.48   L 691.05 845.48   A 0.54 0.54 0.0 0 0 690.51 846.02   Z"/>
<path fill="#333333" d="   M 764.20 863.23   L 784.34 863.23   A 0.44 0.44 0.0 0 1 784.78 863.67   L 784.78 868.83   A 0.44 0.44 0.0 0 1 784.34 869.27   L 764.20 869.27   A 0.44 0.44 0.0 0 0 763.76 869.71   L 763.76 888.80   A 0.44 0.44 0.0 0 0 764.20 889.24   L 789.07 889.24   A 0.44 0.44 0.0 0 1 789.51 889.68   L 789.51 894.82   A 0.44 0.44 0.0 0 1 789.07 895.26   L 757.19 895.26   A 0.44 0.44 0.0 0 1 756.75 894.82   L 756.75 840.19   A 0.44 0.44 0.0 0 1 757.19 839.75   L 788.34 839.75   A 0.44 0.44 0.0 0 1 788.78 840.19   L 788.78 845.31   A 0.44 0.44 0.0 0 1 788.34 845.75   L 764.20 845.75   A 0.44 0.44 0.0 0 0 763.76 846.19   L 763.76 862.79   A 0.44 0.44 0.0 0 0 764.20 863.23   Z"/>








                        </g>
                    </svg>