<svg xmlns="http://www.w3.org/2000/svg" 
                      viewBox="0 0 992.9399999999999 993.25" 
                      width="992.9399999999999" 
                      height="993.25"
                      preserveAspectRatio="none"
                      data-content-extracted="true"
                      data-overflow="horizontal:4,vertical:4"
                      data-original-bounds="-90.8,-90.8,898.14,898.45">
                        <g transform="translate(92.8, 92.8)">
                          
<g stroke-width="2.00" fill="none" stroke-linecap="butt">
<path vector-effect="non-scaling-stroke" d="   M 754.27 486.17   Q 743.94 483.55 735.02 489.33   C 731.52 491.59 723.99 499.26 728.03 503.56   A 1.35 1.31 -17.9 0 0 728.88 503.98   Q 731.35 504.19 733.52 502.74   Q 739.89 498.49 747.51 498.76   A 0.26 0.26 0.0 0 1 747.71 499.17   C 745.19 502.70 738.18 513.58 742.59 517.35   A 1.71 1.69 45.0 0 0 744.80 517.36   C 746.36 516.03 747.35 513.81 748.58 512.70   Q 750.67 510.82 755.07 506.25   A 0.33 0.32 -25.1 0 1 755.63 506.45   C 755.94 510.76 755.64 515.19 757.28 519.22   C 758.64 522.57 762.39 521.65 763.52 518.67   Q 766.85 509.90 761.88 500.66   A 0.32 0.32 0.0 0 1 762.28 500.22   C 766.39 501.94 769.06 505.87 770.25 509.83   A 1.53 1.53 0.0 0 0 770.74 510.58   Q 772.49 512.01 774.00 511.92   A 3.06 3.00 3.1 0 0 776.85 509.42   Q 777.28 506.93 776.41 504.59   Q 773.06 495.61 763.69 493.92   A 0.24 0.24 0.0 0 1 763.53 493.57   C 781.90 459.51 789.48 421.52 779.91 383.69   Q 768.90 340.18 730.36 314.55   A 0.88 0.84 14.0 0 1 729.98 313.95   Q 729.85 313.07 728.63 303.29   Q 722.37 252.95 694.85 210.96   A 0.64 0.64 0.0 0 1 695.25 209.98   Q 714.18 205.84 730.92 198.42   C 746.03 191.72 759.26 180.84 766.51 165.80   Q 779.56 138.76 771.36 110.97   A 1.15 1.15 0.0 0 1 772.42 109.50   Q 784.80 109.11 793.53 116.98   Q 799.23 122.13 804.35 127.96   A 0.23 0.23 0.0 0 0 804.73 127.71   C 783.21 79.91 723.32 65.36 681.93 97.29   C 663.28 111.67 653.76 132.90 643.30 154.21   A 0.59 0.59 0.0 0 1 642.41 154.43   Q 614.72 134.28 582.36 122.46   A 0.44 0.44 0.0 0 1 582.14 121.81   C 586.43 115.27 590.73 108.44 594.63 101.47   Q 606.35 80.59 617.87 60.16   C 625.91 45.91 638.16 13.93 613.78 6.54   C 611.00 5.70 607.39 6.10 605.04 5.99   Q 601.87 5.85 598.51 6.60   C 580.02 10.72 564.51 24.51 556.65 41.48   C 550.35 55.08 549.37 69.04 552.15 84.18   Q 555.16 100.65 556.97 114.53   A 0.93 0.92 -88.0 0 1 555.87 115.56   Q 513.78 106.86 470.52 115.67   A 0.40 0.39 -5.5 0 1 470.05 115.29   C 470.22 99.46 475.55 83.41 476.01 66.25   Q 476.13 61.62 475.11 57.15   Q 467.61 24.06 437.64 9.77   C 432.16 7.16 427.01 6.18 420.72 5.90   Q 413.00 5.56 408.02 8.22   C 389.23 18.26 400.53 46.83 408.16 60.36   C 413.72 70.23 419.06 78.83 424.17 88.27   Q 430.20 99.43 438.00 112.74   Q 440.75 117.43 443.80 121.69   A 0.58 0.57 62.8 0 1 443.52 122.57   Q 410.51 133.73 383.52 154.31   A 0.62 0.61 -31.9 0 1 382.59 154.10   C 373.57 135.95 366.42 119.76 353.51 106.12   Q 327.81 78.97 290.04 80.43   C 260.68 81.57 234.80 99.42 222.10 125.60   Q 221.45 126.94 221.26 127.60   A 0.23 0.23 0.0 0 0 221.66 127.82   C 230.56 117.77 240.76 107.20 255.46 108.06   A 0.36 0.36 0.0 0 1 255.79 108.53   Q 247.14 134.65 257.88 159.88   C 270.76 190.13 302.29 201.68 331.88 208.17   A 0.41 0.40 -67.5 0 1 332.13 208.79   Q 301.59 255.93 297.10 311.97   A 1.08 1.05 -14.4 0 1 296.60 312.79   C 260.42 335.36 240.99 375.66 241.82 418.02   Q 242.50 452.66 259.08 485.96   Q 261.23 490.28 262.24 492.43   A 0.47 0.46 70.1 0 1 261.94 493.08   C 255.81 494.71 248.11 501.22 249.00 508.45   A 2.98 2.70 -0.2 0 0 251.66 510.84   C 255.17 511.18 255.89 508.36 257.36 505.13   Q 259.30 500.87 263.92 499.21   A 0.22 0.22 0.0 0 1 264.19 499.52   Q 259.53 508.33 262.41 517.56   Q 263.12 519.85 264.67 521.08   A 2.31 2.09 -52.7 0 0 267.79 520.50   C 270.35 517.04 270.17 511.45 270.29 506.54   A 0.20 0.20 0.0 0 1 270.64 506.40   L 278.13 513.82   A 1.46 0.95 83.4 0 1 278.28 514.00   Q 280.27 516.73 280.91 517.32   Q 281.89 518.24 282.43 518.21   A 2.49 2.34 -87.7 0 0 284.64 516.04   C 285.36 510.42 281.65 503.86 278.41 499.38   A 0.40 0.39 73.6 0 1 278.75 498.75   Q 285.26 499.11 287.62 500.34   C 290.76 501.98 295.53 505.18 298.04 503.46   C 299.62 502.37 299.19 499.21 298.44 497.84   Q 291.47 485.19 276.74 485.00   Q 274.13 484.97 271.97 486.13   A 0.57 0.56 -19.1 0 1 271.14 485.73   C 263.84 443.49 267.11 400.57 299.63 369.33   A 0.26 0.26 0.0 0 1 300.07 369.47   Q 305.54 400.09 320.16 428.36   Q 352.25 490.44 413.99 522.47   A 1.32 1.30 9.8 0 1 414.68 523.43   Q 417.71 543.58 425.12 563.90   C 426.98 569.01 426.81 575.52 422.90 580.02   Q 416.19 587.75 406.72 588.48   C 390.49 589.73 372.27 591.12 361.65 604.39   Q 357.27 609.87 353.85 616.39   A 0.45 0.45 0.0 0 0 354.25 617.05   Q 388.56 617.15 440.23 617.01   C 450.72 616.98 458.73 609.59 461.04 599.68   Q 461.28 598.64 461.58 586.24   Q 462.10 564.31 465.12 542.42   A 0.53 0.53 0.0 0 1 465.74 541.97   C 470.75 542.92 478.61 544.52 485.49 545.21   Q 523.12 548.98 560.11 541.84   A 0.63 0.63 0.0 0 1 560.85 542.37   Q 564.22 567.64 564.54 592.16   Q 564.64 599.01 565.67 602.23   C 568.69 611.67 576.92 617.18 586.74 617.15   Q 631.34 616.99 671.89 617.12   A 0.31 0.30 -14.4 0 0 672.16 616.67   C 666.03 605.45 659.60 596.79 646.68 592.82   Q 637.31 589.93 627.50 589.23   Q 618.11 588.56 615.48 587.82   Q 606.82 585.38 601.64 577.79   C 598.13 572.64 600.16 565.49 602.24 560.14   Q 608.83 543.21 611.14 523.98   A 2.19 2.19 0.0 0 1 612.29 522.29   C 671.67 490.73 713.32 435.52 725.94 369.52   A 0.32 0.32 0.0 0 1 726.48 369.36   C 757.79 401.17 761.04 443.76 754.82 485.80   A 0.45 0.45 0.0 0 1 754.27 486.17"/>
<path vector-effect="non-scaling-stroke" d="   M 93.61 798.43   C 98.79 798.42 103.25 795.72 105.79 791.30   Q 115.98 773.55 155.42 704.35   A 0.20 0.20 0.0 0 1 155.79 704.45   L 155.79 795.67   A 0.58 0.58 0.0 0 0 156.37 796.25   L 183.68 796.25   A 0.48 0.48 0.0 0 0 184.16 795.77   Q 184.10 770.37 184.13 657.91   Q 184.13 649.61 182.79 646.81   C 178.06 636.93 163.64 635.37 157.88 645.37   Q 120.82 709.68 93.84 756.56   Q 93.77 756.68 93.60 756.68   Q 93.44 756.68 93.37 756.56   Q 66.37 709.69 29.28 645.40   C 23.52 635.40 9.10 636.96 4.38 646.85   Q 3.04 649.65 3.04 657.95   Q 3.11 770.41 3.06 795.81   A 0.48 0.48 0.0 0 0 3.54 796.29   L 30.85 796.27   A 0.58 0.58 0.0 0 0 31.43 795.69   L 31.40 704.47   A 0.20 0.20 0.0 0 1 31.77 704.37   Q 71.24 773.56 81.43 791.30   C 83.97 795.72 88.43 798.43 93.61 798.43"/>
<path vector-effect="non-scaling-stroke" d="   M 642.53 706.82   A 0.44 0.44 0.0 0 0 642.97 707.26   L 678.80 707.26   A 0.44 0.44 0.0 0 1 679.24 707.70   L 679.24 795.83   A 0.44 0.44 0.0 0 0 679.68 796.27   L 707.32 796.27   A 0.44 0.44 0.0 0 0 707.76 795.83   L 707.76 707.71   A 0.44 0.44 0.0 0 1 708.20 707.27   L 756.57 707.27   A 0.44 0.44 0.0 0 0 757.01 706.83   L 757.01 679.44   A 0.44 0.44 0.0 0 0 756.57 679.00   L 708.20 679.00   A 0.44 0.44 0.0 0 1 707.76 678.56   L 707.76 641.19   A 0.44 0.44 0.0 0 0 707.32 640.75   L 679.67 640.75   A 0.44 0.44 0.0 0 0 679.23 641.19   L 679.23 678.56   A 0.44 0.44 0.0 0 1 678.79 679.00   L 642.97 679.00   A 0.44 0.44 0.0 0 0 642.53 679.44   L 642.53 706.82"/>
<path vector-effect="non-scaling-stroke" d="   M 340.5353 717.4433   A 38.31 38.31 0.0 0 0 302.2922 679.0665   L 249.0723 678.9736   A 38.31 38.31 0.0 0 0 210.6955 717.2167   L 210.6247 757.7967   A 38.31 38.31 0.0 0 0 248.8678 796.1735   L 302.0877 796.2664   A 38.31 38.31 0.0 0 0 340.4645 758.0233   L 340.5353 717.4433"/>
<path vector-effect="non-scaling-stroke" d="   M 392.79 795.90   L 392.79 707.86   A 0.61 0.61 0.0 0 1 393.41 707.25   Q 399.83 707.31 434.81 707.25   Q 447.44 707.23 451.76 708.91   Q 460.68 712.37 464.70 722.21   C 466.08 725.57 466.27 730.19 466.27 733.75   Q 466.31 749.88 466.27 795.69   A 0.57 0.56 0.0 0 0 466.84 796.25   L 494.12 796.25   A 0.33 0.33 0.0 0 0 494.45 795.92   Q 494.66 760.50 494.40 730.01   C 494.27 714.46 488.17 699.72 475.83 690.43   Q 460.64 679.00 441.25 679.00   Q 387.27 679.01 384.96 678.99   C 375.70 678.88 370.16 679.22 365.85 686.71   Q 364.30 689.39 364.53 701.56   Q 364.57 703.92 364.54 795.74   A 0.53 0.53 0.0 0 0 365.07 796.27   L 392.42 796.27   A 0.37 0.37 0.0 0 0 392.79 795.90"/>
<path vector-effect="non-scaling-stroke" d="   M 617.92 678.97   Q 574.88 679.07 557.90 678.95   Q 544.15 678.85 538.39 680.69   Q 528.09 683.98 521.86 692.02   C 511.11 705.90 513.59 727.31 527.51 738.22   Q 536.53 745.29 549.24 745.27   Q 589.23 745.18 593.46 745.32   Q 602.88 745.64 604.08 754.19   Q 605.35 763.17 599.40 766.55   Q 596.27 768.32 585.37 768.03   Q 583.59 767.98 516.94 768.01   A 0.34 0.34 0.0 0 0 516.60 768.35   L 516.60 795.68   A 0.57 0.56 -90.0 0 0 517.16 796.25   Q 548.02 796.34 592.49 796.22   C 611.94 796.16 628.19 784.63 631.77 764.93   Q 635.11 746.57 623.31 730.68   C 615.89 720.67 603.50 717.12 591.51 717.18   Q 565.22 717.32 549.25 717.20   Q 548.62 717.19 545.76 716.84   A 1.43 1.43 0.0 0 1 544.78 716.28   Q 543.16 714.15 543.48 711.02   C 543.86 707.32 548.05 707.24 551.00 707.25   Q 591.35 707.29 618.21 707.28   A 0.40 0.40 0.0 0 0 618.61 706.88   L 618.61 679.67   A 0.70 0.69 90.0 0 0 617.92 678.97"/>
<path vector-effect="non-scaling-stroke" d="   M 861.68 769.23   Q 847.06 769.22 810.51 769.26   C 805.43 769.26 800.62 765.56 799.83 760.18   Q 799.47 757.70 799.49 756.00   Q 799.62 739.54 799.46 724.75   Q 799.34 714.44 801.01 711.50   Q 804.27 705.76 812.51 705.76   Q 836.16 705.75 861.50 705.76   Q 868.75 705.76 872.10 710.29   C 875.13 714.38 875.19 720.07 872.53 724.47   C 869.83 728.94 865.48 729.98 860.50 730.00   Q 857.36 730.01 811.92 730.00   A 0.41 0.40 0.0 0 0 811.51 730.40   L 811.51 756.36   A 0.42 0.41 -0.0 0 0 811.93 756.77   Q 828.05 756.76 861.50 756.74   Q 871.82 756.73 878.56 753.53   Q 897.60 744.48 900.68 723.26   C 904.27 698.55 886.75 679.11 861.75 679.03   Q 835.26 678.95 811.26 679.02   C 792.62 679.08 778.85 690.31 774.06 707.94   Q 772.48 713.78 772.65 724.68   Q 772.78 733.26 772.66 744.89   Q 772.50 760.60 773.27 765.06   C 776.69 784.75 793.52 796.21 813.00 796.26   Q 840.44 796.32 862.02 796.19   A 0.39 0.39 0.0 0 0 862.41 795.80   L 862.41 769.96   A 0.73 0.73 0.0 0 0 861.68 769.23"/>
<path vector-effect="non-scaling-stroke" d="   M 1022.87 706.86   L 1022.87 679.64   A 0.61 0.61 0.0 0 0 1022.26 679.03   Q 996.72 678.91 960.27 679.06   C 937.49 679.15 919.89 694.05 919.72 717.69   Q 919.45 753.26 919.66 795.90   A 0.36 0.36 0.0 0 0 920.02 796.26   L 947.11 796.26   A 0.58 0.58 0.0 0 0 947.69 795.68   Q 947.87 769.59 947.70 720.26   C 947.66 708.23 953.54 707.27 963.77 707.27   Q 985.10 707.27 1022.45 707.28   A 0.42 0.42 0.0 0 0 1022.87 706.86"/>
<path vector-effect="non-scaling-stroke" d="   M 421.82 869.60   C 421.85 883.91 429.20 898.33 445.61 898.29   C 462.02 898.25 469.30 883.80 469.26 869.48   C 469.23 855.17 461.88 840.76 445.47 840.80   C 429.06 840.84 421.78 855.29 421.82 869.60"/>
<path vector-effect="non-scaling-stroke" d="   M 538.22 867.26   A 0.37 0.37 0.0 0 0 537.86 867.54   Q 535.62 876.04 530.51 883.35   A 0.48 0.47 37.1 0 1 529.82 883.44   Q 521.90 876.97 516.31 868.56   A 0.56 0.55 57.4 0 1 516.48 867.78   C 521.44 864.75 527.67 859.47 528.40 853.61   C 530.91 833.52 497.07 837.39 506.63 862.63   Q 506.87 863.27 508.19 866.39   A 0.79 0.79 0.0 0 1 507.90 867.35   C 502.21 871.19 497.24 876.38 497.62 883.70   C 498.11 893.22 505.69 898.45 514.80 898.30   Q 523.44 898.16 530.00 892.30   A 0.70 0.70 0.0 0 1 530.88 892.25   Q 536.33 896.06 542.52 898.14   A 0.81 0.81 0.0 0 0 543.55 897.62   L 544.91 893.35   A 0.83 0.83 0.0 0 0 544.38 892.32   Q 539.84 890.78 535.04 887.52   A 0.42 0.42 0.0 0 1 534.93 886.93   Q 541.29 878.13 544.30 867.52   A 0.21 0.21 0.0 0 0 544.10 867.26   L 538.22 867.26"/>
<path vector-effect="non-scaling-stroke" d="   M 819.34 869.56   C 819.36 883.88 826.69 898.31 843.10 898.28   C 859.52 898.26 866.81 883.82 866.79 869.50   C 866.77 855.18 859.44 840.76 843.02 840.78   C 826.61 840.80 819.32 855.25 819.34 869.56"/>
<path vector-effect="non-scaling-stroke" d="   M 181.89 880.50   Q 190.97 880.51 191.43 880.54   A 0.95 0.95 0.0 0 1 192.27 881.22   L 197.14 897.06   A 0.32 0.32 0.0 0 0 197.45 897.29   L 204.38 897.29   A 0.16 0.15 -9.3 0 0 204.53 897.09   L 186.12 842.40   A 0.85 0.84 -7.5 0 0 185.37 841.83   Q 183.77 841.73 181.94 841.73   Q 180.12 841.73 178.52 841.82   A 0.85 0.84 7.6 0 0 177.76 842.39   L 159.21 897.03   A 0.16 0.15 9.4 0 0 159.36 897.23   L 166.29 897.25   A 0.32 0.32 0.0 0 0 166.60 897.02   L 171.51 881.19   A 0.95 0.95 0.0 0 1 172.36 880.52   Q 172.81 880.49 181.89 880.50"/>
<path vector-effect="non-scaling-stroke" d="   M 252.28 898.28   C 265.86 898.25 271.99 888.93 272.05 876.24   Q 272.12 862.35 272.01 842.04   A 0.34 0.34 0.0 0 0 271.67 841.70   L 265.50 841.70   A 0.37 0.37 0.0 0 0 265.13 842.07   Q 265.23 871.21 265.19 875.49   C 265.11 883.96 262.19 892.16 252.26 892.18   C 242.34 892.20 239.38 884.02 239.26 875.55   Q 239.20 871.27 239.16 842.13   A 0.37 0.37 0.0 0 0 238.79 841.76   L 232.62 841.79   A 0.34 0.34 0.0 0 0 232.28 842.13   Q 232.27 862.44 232.40 876.33   C 232.52 889.02 238.69 898.31 252.28 898.28"/>
<path vector-effect="non-scaling-stroke" d="   M 308.28 842.25   L 308.18 896.71   A 0.59 0.59 0.0 0 0 308.77 897.31   L 323.90 897.33   A 24.77 24.46 -89.9 0 0 348.40 872.61   L 348.42 866.51   A 24.77 24.46 -89.9 0 0 324.00 841.69   L 308.87 841.67   A 0.59 0.59 0.0 0 0 308.28 842.25"/>
<path vector-effect="non-scaling-stroke" d="   M 388.52 842.15   A 0.41 0.41 0.0 0 0 388.11 841.74   L 381.91 841.74   A 0.41 0.41 0.0 0 0 381.50 842.15   L 381.50 896.83   A 0.41 0.41 0.0 0 0 381.91 897.24   L 388.11 897.24   A 0.41 0.41 0.0 0 0 388.52 896.83   L 388.52 842.15"/>
<path vector-effect="non-scaling-stroke" d="   M 589.54 897.27   Q 592.98 897.26 593.20 897.22   A 0.89 0.88 -86.6 0 0 593.87 896.62   L 611.24 841.95   A 0.17 0.16 -80.7 0 0 611.09 841.73   L 604.16 841.73   A 0.33 0.33 0.0 0 0 603.84 841.97   Q 596.80 865.90 589.84 889.72   Q 589.79 889.90 589.53 889.90   Q 589.26 889.90 589.21 889.72   Q 582.20 865.92 575.11 842.00   A 0.33 0.33 0.0 0 0 574.79 841.76   L 567.86 841.78   A 0.17 0.16 80.6 0 0 567.71 842.00   L 585.20 896.63   A 0.89 0.88 86.5 0 0 585.87 897.23   Q 586.09 897.27 589.54 897.27"/>
<path vector-effect="non-scaling-stroke" d="   M 647.00 842.06   A 0.32 0.32 0.0 0 0 646.68 841.74   L 640.32 841.74   A 0.32 0.32 0.0 0 0 640.00 842.06   L 640.00 896.94   A 0.32 0.32 0.0 0 0 640.32 897.26   L 646.68 897.26   A 0.32 0.32 0.0 0 0 647.00 896.94   L 647.00 842.06"/>
<path vector-effect="non-scaling-stroke" d="   M 683.49 842.19   L 683.49 896.85   A 0.44 0.44 0.0 0 0 683.93 897.29   L 699.13 897.29   A 24.41 24.34 -90.0 0 0 723.47 872.88   L 723.47 866.16   A 24.41 24.34 -90.0 0 0 699.13 841.75   L 683.93 841.75   A 0.44 0.44 0.0 0 0 683.49 842.19"/>
<path vector-effect="non-scaling-stroke" d="   M 764.21 865.23   A 0.44 0.44 0.0 0 1 763.77 864.79   L 763.77 848.20   A 0.44 0.44 0.0 0 1 764.21 847.76   L 788.34 847.76   A 0.44 0.44 0.0 0 0 788.78 847.32   L 788.78 842.19   A 0.44 0.44 0.0 0 0 788.34 841.75   L 757.19 841.75   A 0.44 0.44 0.0 0 0 756.75 842.19   L 756.75 896.82   A 0.44 0.44 0.0 0 0 757.19 897.26   L 789.08 897.26   A 0.44 0.44 0.0 0 0 789.52 896.82   L 789.52 891.68   A 0.44 0.44 0.0 0 0 789.08 891.24   L 764.20 891.24   A 0.44 0.44 0.0 0 1 763.76 890.80   L 763.76 871.72   A 0.44 0.44 0.0 0 1 764.20 871.28   L 784.34 871.28   A 0.44 0.44 0.0 0 0 784.78 870.84   L 784.78 865.67   A 0.44 0.44 0.0 0 0 784.34 865.23   L 764.21 865.23"/>
<path vector-effect="non-scaling-stroke" d="   M 450.6534 188.3503   A 50.58 48.65 -90.2 0 0 402.1803 239.0998   A 50.58 48.65 -90.2 0 0 451.0066 289.5097   A 50.58 48.65 -90.2 0 0 499.4797 238.7602   A 50.58 48.65 -90.2 0 0 450.6534 188.3503"/>
<path vector-effect="non-scaling-stroke" d="   M 574.3339 188.3849   A 50.57 48.66 -90.8 0 0 526.3847 239.6294   A 50.57 48.66 -90.8 0 0 575.7461 289.5151   A 50.57 48.66 -90.8 0 0 623.6953 238.2706   A 50.57 48.66 -90.8 0 0 574.3339 188.3849"/>
<path vector-effect="non-scaling-stroke" d="   M 626.45 318.50   Q 616.28 329.30 602.66 337.65   Q 586.17 347.76 566.15 353.36   C 524.28 365.08 477.37 363.93 436.24 348.01   Q 410.16 337.91 390.57 318.18   A 0.17 0.17 0.0 0 0 390.30 318.38   C 399.22 334.86 414.11 347.33 430.20 356.12   A 0.61 0.60 -58.3 0 1 430.40 357.00   Q 425.41 364.02 421.38 372.95   Q 418.68 378.92 422.11 384.19   Q 426.36 390.71 432.80 393.61   C 438.05 395.99 444.70 397.91 450.58 396.85   C 454.07 396.23 458.01 395.35 459.87 392.32   C 463.88 385.80 465.41 377.77 467.00 370.38   A 0.64 0.63 11.9 0 1 467.75 369.90   C 480.64 372.72 493.42 374.52 505.86 374.44   A 0.44 0.44 0.0 0 1 506.29 374.97   Q 504.95 381.73 504.54 386.75   C 504.15 391.55 504.17 395.08 507.78 398.00   C 517.88 406.18 531.93 408.32 544.46 406.14   C 552.48 404.75 560.38 400.82 564.54 393.82   C 567.88 388.20 558.66 374.23 555.31 369.35   A 0.32 0.31 -27.1 0 1 555.47 368.87   L 571.54 363.46   A 0.86 0.84 69.1 0 1 572.59 363.94   Q 577.30 375.12 583.14 382.66   Q 587.53 388.35 594.82 387.62   C 605.90 386.50 615.76 379.74 620.62 369.63   Q 623.37 363.92 619.92 358.85   Q 614.05 350.24 605.33 344.41   A 0.62 0.62 0.0 0 1 605.29 343.40   C 613.86 336.71 621.09 328.45 626.78 318.75   A 0.21 0.21 0.0 0 0 626.45 318.50"/>
<path vector-effect="non-scaling-stroke" d="   M 472.16 236.50   A 0.30 0.30 0.0 0 0 471.65 236.43   C 464.68 245.52 452.70 234.77 461.81 226.79   A 0.31 0.30 34.5 0 0 461.71 226.28   Q 454.47 223.57 448.25 225.47   C 439.02 228.29 432.82 237.92 435.39 247.49   C 438.96 260.82 454.61 267.25 465.56 259.38   C 472.98 254.05 475.86 244.94 472.16 236.50"/>
<path vector-effect="non-scaling-stroke" d="   M 578.35 226.24   Q 566.94 222.25 558.75 228.65   C 551.19 234.56 548.86 244.82 554.00 253.14   C 559.94 262.77 573.47 265.94 582.37 259.14   Q 593.37 250.74 589.07 236.87   A 0.44 0.44 0.0 0 0 588.39 236.65   C 585.74 238.62 584.26 240.29 580.47 239.66   C 573.85 238.57 573.84 230.30 578.44 226.85   A 0.35 0.35 0.0 0 0 578.35 226.24"/>
<path vector-effect="non-scaling-stroke" d="   M 452.3792 244.1383   A 4.81 4.60 -46.2 0 0 445.7299 244.4261   A 4.81 4.60 -46.2 0 0 445.7208 251.0817   A 4.81 4.60 -46.2 0 0 452.3701 250.7939   A 4.81 4.60 -46.2 0 0 452.3792 244.1383"/>
<path vector-effect="non-scaling-stroke" d="   M 571.23 247.49   A 4.79 4.79 0.0 0 0 566.44 242.70   A 4.79 4.79 0.0 0 0 561.65 247.49   A 4.79 4.79 0.0 0 0 566.44 252.28   A 4.79 4.79 0.0 0 0 571.23 247.49"/>
<path vector-effect="non-scaling-stroke" d="   M 312.39 717.37   A 10.10 10.10 0.0 0 0 302.29 707.27   L 248.95 707.27   A 10.10 10.10 0.0 0 0 238.85 717.37   L 238.85 757.87   A 10.10 10.10 0.0 0 0 248.95 767.97   L 302.29 767.97   A 10.10 10.10 0.0 0 0 312.39 757.87   L 312.39 717.37"/>
<path vector-effect="non-scaling-stroke" d="   M 429.16 869.54   C 429.15 879.51 433.27 892.10 445.51 892.11   C 457.76 892.12 461.89 879.54 461.90 869.56   C 461.91 859.59 457.79 847.00 445.55 846.99   C 433.30 846.98 429.17 859.56 429.16 869.54"/>
<path vector-effect="non-scaling-stroke" d="   M 513.34 863.35   Q 513.40 863.37 513.42 863.36   C 518.37 860.69 524.34 855.84 522.58 849.66   Q 521.80 846.94 519.14 846.05   Q 516.47 845.15 514.21 846.86   C 509.09 850.74 510.93 858.20 513.28 863.31   Q 513.29 863.33 513.34 863.35"/>
<path vector-effect="non-scaling-stroke" d="   M 525.24 887.76   Q 517.18 880.51 511.72 872.48   A 0.73 0.73 0.0 0 0 510.74 872.27   C 510.09 872.67 509.41 873.52 508.41 874.46   Q 505.43 877.25 504.69 880.44   C 503.51 885.47 506.44 890.74 511.19 892.12   Q 518.52 894.24 525.22 888.75   A 0.65 0.65 0.0 0 0 525.24 887.76"/>
<path vector-effect="non-scaling-stroke" d="   M 826.66 869.53   C 826.65 879.51 830.77 892.10 843.02 892.11   C 855.27 892.12 859.41 879.53 859.42 869.56   C 859.42 859.58 855.30 846.98 843.06 846.97   C 830.81 846.96 826.67 859.55 826.66 869.53"/>
<path vector-effect="non-scaling-stroke" d="   M 181.80 874.75   Q 188.96 874.75 189.76 874.70   A 0.29 0.29 0.0 0 0 190.02 874.33   L 182.03 847.92   A 0.02 0.01 -79.4 0 0 182.02 847.91   Q 181.85 847.81 181.79 847.81   Q 181.73 847.81 181.55 847.91   A 0.02 0.01 79.3 0 0 181.55 847.92   L 173.58 874.34   A 0.29 0.29 0.0 0 0 173.84 874.71   Q 174.64 874.75 181.80 874.75"/>
<path vector-effect="non-scaling-stroke" d="   M 315.26 848.03   L 315.26 890.99   A 0.55 0.55 0.0 0 0 315.81 891.54   L 322.80 891.54   A 18.66 18.16 -90.0 0 0 340.96 872.88   L 340.96 866.14   A 18.66 18.16 90.0 0 0 322.80 847.48   L 315.81 847.48   A 0.55 0.55 0.0 0 0 315.26 848.03"/>
<path vector-effect="non-scaling-stroke" d="   M 690.51 847.99   L 690.51 891.03   A 0.53 0.53 0.0 0 0 691.04 891.56   L 697.96 891.56   A 18.70 18.19 -90.0 0 0 716.15 872.86   L 716.15 866.16   A 18.70 18.19 90.0 0 0 697.96 847.46   L 691.04 847.46   A 0.53 0.53 0.0 0 0 690.51 847.99"/>
</g>

<path fill="#333333" d="   M 754.82 485.80   C 761.04 443.76 757.79 401.17 726.48 369.36   A 0.32 0.32 0.0 0 0 725.94 369.52   C 713.32 435.52 671.67 490.73 612.29 522.29   A 2.19 2.19 0.0 0 0 611.14 523.98   Q 608.83 543.21 602.24 560.14   C 600.16 565.49 598.13 572.64 601.64 577.79   Q 606.82 585.38 615.48 587.82   Q 618.11 588.56 627.50 589.23   Q 637.31 589.93 646.68 592.82   C 659.60 596.79 666.03 605.45 672.16 616.67   A 0.31 0.30 -14.4 0 1 671.89 617.12   Q 631.34 616.99 586.74 617.15   C 576.92 617.18 568.69 611.67 565.67 602.23   Q 564.64 599.01 564.54 592.16   Q 564.22 567.64 560.85 542.37   A 0.63 0.63 0.0 0 0 560.11 541.84   Q 523.12 548.98 485.49 545.21   C 478.61 544.52 470.75 542.92 465.74 541.97   A 0.53 0.53 0.0 0 0 465.12 542.42   Q 462.10 564.31 461.58 586.24   Q 461.28 598.64 461.04 599.68   C 458.73 609.59 450.72 616.98 440.23 617.01   Q 388.56 617.15 354.25 617.05   A 0.45 0.45 0.0 0 1 353.85 616.39   Q 357.27 609.87 361.65 604.39   C 372.27 591.12 390.49 589.73 406.72 588.48   Q 416.19 587.75 422.90 580.02   C 426.81 575.52 426.98 569.01 425.12 563.90   Q 417.71 543.58 414.68 523.43   A 1.32 1.30 9.8 0 0 413.99 522.47   Q 352.25 490.44 320.16 428.36   Q 305.54 400.09 300.07 369.47   A 0.26 0.26 0.0 0 0 299.63 369.33   C 267.11 400.57 263.84 443.49 271.14 485.73   A 0.57 0.56 -19.1 0 0 271.97 486.13   Q 274.13 484.97 276.74 485.00   Q 291.47 485.19 298.44 497.84   C 299.19 499.21 299.62 502.37 298.04 503.46   C 295.53 505.18 290.76 501.98 287.62 500.34   Q 285.26 499.11 278.75 498.75   A 0.40 0.39 73.6 0 0 278.41 499.38   C 281.65 503.86 285.36 510.42 284.64 516.04   A 2.49 2.34 -87.7 0 1 282.43 518.21   Q 281.89 518.24 280.91 517.32   Q 280.27 516.73 278.28 514.00   A 1.46 0.95 83.4 0 0 278.13 513.82   L 270.64 506.40   A 0.20 0.20 0.0 0 0 270.29 506.54   C 270.17 511.45 270.35 517.04 267.79 520.50   A 2.31 2.09 -52.7 0 1 264.67 521.08   Q 263.12 519.85 262.41 517.56   Q 259.53 508.33 264.19 499.52   A 0.22 0.22 0.0 0 0 263.92 499.21   Q 259.30 500.87 257.36 505.13   C 255.89 508.36 255.17 511.18 251.66 510.84   A 2.98 2.70 -0.2 0 1 249.00 508.45   C 248.11 501.22 255.81 494.71 261.94 493.08   A 0.47 0.46 70.1 0 0 262.24 492.43   Q 261.23 490.28 259.08 485.96   Q 242.50 452.66 241.82 418.02   C 240.99 375.66 260.42 335.36 296.60 312.79   A 1.08 1.05 -14.4 0 0 297.10 311.97   Q 301.59 255.93 332.13 208.79   A 0.41 0.40 -67.5 0 0 331.88 208.17   C 302.29 201.68 270.76 190.13 257.88 159.88   Q 247.14 134.65 255.79 108.53   A 0.36 0.36 0.0 0 0 255.46 108.06   C 240.76 107.20 230.56 117.77 221.66 127.82   A 0.23 0.23 0.0 0 1 221.26 127.60   Q 221.45 126.94 222.10 125.60   C 234.80 99.42 260.68 81.57 290.04 80.43   Q 327.81 78.97 353.51 106.12   C 366.42 119.76 373.57 135.95 382.59 154.10   A 0.62 0.61 -31.9 0 0 383.52 154.31   Q 410.51 133.73 443.52 122.57   A 0.58 0.57 62.8 0 0 443.80 121.69   Q 440.75 117.43 438.00 112.74   Q 430.20 99.43 424.17 88.27   C 419.06 78.83 413.72 70.23 408.16 60.36   C 400.53 46.83 389.23 18.26 408.02 8.22   Q 413.00 5.56 420.72 5.90   C 427.01 6.18 432.16 7.16 437.64 9.77   Q 467.61 24.06 475.11 57.15   Q 476.13 61.62 476.01 66.25   C 475.55 83.41 470.22 99.46 470.05 115.29   A 0.40 0.39 -5.5 0 0 470.52 115.67   Q 513.78 106.86 555.87 115.56   A 0.93 0.92 -88.0 0 0 556.97 114.53   Q 555.16 100.65 552.15 84.18   C 549.37 69.04 550.35 55.08 556.65 41.48   C 564.51 24.51 580.02 10.72 598.51 6.60   Q 601.87 5.85 605.04 5.99   C 607.39 6.10 611.00 5.70 613.78 6.54   C 638.16 13.93 625.91 45.91 617.87 60.16   Q 606.35 80.59 594.63 101.47   C 590.73 108.44 586.43 115.27 582.14 121.81   A 0.44 0.44 0.0 0 0 582.36 122.46   Q 614.72 134.28 642.41 154.43   A 0.59 0.59 0.0 0 0 643.30 154.21   C 653.76 132.90 663.28 111.67 681.93 97.29   C 723.32 65.36 783.21 79.91 804.73 127.71   A 0.23 0.23 0.0 0 1 804.35 127.96   Q 799.23 122.13 793.53 116.98   Q 784.80 109.11 772.42 109.50   A 1.15 1.15 0.0 0 0 771.36 110.97   Q 779.56 138.76 766.51 165.80   C 759.26 180.84 746.03 191.72 730.92 198.42   Q 714.18 205.84 695.25 209.98   A 0.64 0.64 0.0 0 0 694.85 210.96   Q 722.37 252.95 728.63 303.29   Q 729.85 313.07 729.98 313.95   A 0.88 0.84 14.0 0 0 730.36 314.55   Q 768.90 340.18 779.91 383.69   C 789.48 421.52 781.90 459.51 763.53 493.57   A 0.24 0.24 0.0 0 0 763.69 493.92   Q 773.06 495.61 776.41 504.59   Q 777.28 506.93 776.85 509.42   A 3.06 3.00 3.1 0 1 774.00 511.92   Q 772.49 512.01 770.74 510.58   A 1.53 1.53 0.0 0 1 770.25 509.83   C 769.06 505.87 766.39 501.94 762.28 500.22   A 0.32 0.32 0.0 0 0 761.88 500.66   Q 766.85 509.90 763.52 518.67   C 762.39 521.65 758.64 522.57 757.28 519.22   C 755.64 515.19 755.94 510.76 755.63 506.45   A 0.33 0.32 -25.1 0 0 755.07 506.25   Q 750.67 510.82 748.58 512.70   C 747.35 513.81 746.36 516.03 744.80 517.36   A 1.71 1.69 45.0 0 1 742.59 517.35   C 738.18 513.58 745.19 502.70 747.71 499.17   A 0.26 0.26 0.0 0 0 747.51 498.76   Q 739.89 498.49 733.52 502.74   Q 731.35 504.19 728.88 503.98   A 1.35 1.31 -17.9 0 1 728.03 503.56   C 723.99 499.26 731.52 491.59 735.02 489.33   Q 743.94 483.55 754.27 486.17   A 0.45 0.45 0.0 0 0 754.82 485.80   Z   M 450.6534 188.3503   A 50.58 48.65 -90.2 0 0 402.1803 239.0998   A 50.58 48.65 -90.2 0 0 451.0066 289.5097   A 50.58 48.65 -90.2 0 0 499.4797 238.7602   A 50.58 48.65 -90.2 0 0 450.6534 188.3503   Z   M 574.3339 188.3849   A 50.57 48.66 -90.8 0 0 526.3847 239.6294   A 50.57 48.66 -90.8 0 0 575.7461 289.5151   A 50.57 48.66 -90.8 0 0 623.6953 238.2706   A 50.57 48.66 -90.8 0 0 574.3339 188.3849   Z   M 626.45 318.50   Q 616.28 329.30 602.66 337.65   Q 586.17 347.76 566.15 353.36   C 524.28 365.08 477.37 363.93 436.24 348.01   Q 410.16 337.91 390.57 318.18   A 0.17 0.17 0.0 0 0 390.30 318.38   C 399.22 334.86 414.11 347.33 430.20 356.12   A 0.61 0.60 -58.3 0 1 430.40 357.00   Q 425.41 364.02 421.38 372.95   Q 418.68 378.92 422.11 384.19   Q 426.36 390.71 432.80 393.61   C 438.05 395.99 444.70 397.91 450.58 396.85   C 454.07 396.23 458.01 395.35 459.87 392.32   C 463.88 385.80 465.41 377.77 467.00 370.38   A 0.64 0.63 11.9 0 1 467.75 369.90   C 480.64 372.72 493.42 374.52 505.86 374.44   A 0.44 0.44 0.0 0 1 506.29 374.97   Q 504.95 381.73 504.54 386.75   C 504.15 391.55 504.17 395.08 507.78 398.00   C 517.88 406.18 531.93 408.32 544.46 406.14   C 552.48 404.75 560.38 400.82 564.54 393.82   C 567.88 388.20 558.66 374.23 555.31 369.35   A 0.32 0.31 -27.1 0 1 555.47 368.87   L 571.54 363.46   A 0.86 0.84 69.1 0 1 572.59 363.94   Q 577.30 375.12 583.14 382.66   Q 587.53 388.35 594.82 387.62   C 605.90 386.50 615.76 379.74 620.62 369.63   Q 623.37 363.92 619.92 358.85   Q 614.05 350.24 605.33 344.41   A 0.62 0.62 0.0 0 1 605.29 343.40   C 613.86 336.71 621.09 328.45 626.78 318.75   A 0.21 0.21 0.0 0 0 626.45 318.50   Z"/>


<path fill="#333333" d="   M 472.16 236.50   C 475.86 244.94 472.98 254.05 465.56 259.38   C 454.61 267.25 438.96 260.82 435.39 247.49   C 432.82 237.92 439.02 228.29 448.25 225.47   Q 454.47 223.57 461.71 226.28   A 0.31 0.30 34.5 0 1 461.81 226.79   C 452.70 234.77 464.68 245.52 471.65 236.43   A 0.30 0.30 0.0 0 1 472.16 236.50   Z   M 452.3792 244.1383   A 4.81 4.60 -46.2 0 0 445.7299 244.4261   A 4.81 4.60 -46.2 0 0 445.7208 251.0817   A 4.81 4.60 -46.2 0 0 452.3701 250.7939   A 4.81 4.60 -46.2 0 0 452.3792 244.1383   Z"/>
<path fill="#333333" d="   M 578.35 226.24   A 0.35 0.35 0.0 0 1 578.44 226.85   C 573.84 230.30 573.85 238.57 580.47 239.66   C 584.26 240.29 585.74 238.62 588.39 236.65   A 0.44 0.44 0.0 0 1 589.07 236.87   Q 593.37 250.74 582.37 259.14   C 573.47 265.94 559.94 262.77 554.00 253.14   C 548.86 244.82 551.19 234.56 558.75 228.65   Q 566.94 222.25 578.35 226.24   Z   M 571.23 247.49   A 4.79 4.79 0.0 0 0 566.44 242.70   A 4.79 4.79 0.0 0 0 561.65 247.49   A 4.79 4.79 0.0 0 0 566.44 252.28   A 4.79 4.79 0.0 0 0 571.23 247.49   Z"/>



<path fill="#333333" d="   M 93.60 756.68   Q 93.77 756.68 93.84 756.56   Q 120.82 709.68 157.88 645.37   C 163.64 635.37 178.06 636.93 182.79 646.81   Q 184.13 649.61 184.13 657.91   Q 184.10 770.37 184.16 795.77   A 0.48 0.48 0.0 0 1 183.68 796.25   L 156.37 796.25   A 0.58 0.58 0.0 0 1 155.79 795.67   L 155.79 704.45   A 0.20 0.20 0.0 0 0 155.42 704.35   Q 115.98 773.55 105.79 791.30   C 103.25 795.72 98.79 798.42 93.61 798.43   C 88.43 798.43 83.97 795.72 81.43 791.30   Q 71.24 773.56 31.77 704.37   A 0.20 0.20 0.0 0 0 31.40 704.47   L 31.43 795.69   A 0.58 0.58 0.0 0 1 30.85 796.27   L 3.54 796.29   A 0.48 0.48 0.0 0 1 3.06 795.81   Q 3.11 770.41 3.04 657.95   Q 3.04 649.65 4.38 646.85   C 9.10 636.96 23.52 635.40 29.28 645.40   Q 66.37 709.69 93.37 756.56   Q 93.44 756.68 93.60 756.68   Z"/>
<path fill="#333333" d="   M 642.53 706.82   L 642.53 679.44   A 0.44 0.44 0.0 0 1 642.97 679.00   L 678.79 679.00   A 0.44 0.44 0.0 0 0 679.23 678.56   L 679.23 641.19   A 0.44 0.44 0.0 0 1 679.67 640.75   L 707.32 640.75   A 0.44 0.44 0.0 0 1 707.76 641.19   L 707.76 678.56   A 0.44 0.44 0.0 0 0 708.20 679.00   L 756.57 679.00   A 0.44 0.44 0.0 0 1 757.01 679.44   L 757.01 706.83   A 0.44 0.44 0.0 0 1 756.57 707.27   L 708.20 707.27   A 0.44 0.44 0.0 0 0 707.76 707.71   L 707.76 795.83   A 0.44 0.44 0.0 0 1 707.32 796.27   L 679.68 796.27   A 0.44 0.44 0.0 0 1 679.24 795.83   L 679.24 707.70   A 0.44 0.44 0.0 0 0 678.80 707.26   L 642.97 707.26   A 0.44 0.44 0.0 0 1 642.53 706.82   Z"/>
<path fill="#333333" d="   M 340.4645 758.0233   A 38.31 38.31 0.0 0 1 302.0877 796.2664   L 248.8678 796.1735   A 38.31 38.31 0.0 0 1 210.6247 757.7967   L 210.6955 717.2167   A 38.31 38.31 0.0 0 1 249.0723 678.9736   L 302.2922 679.0665   A 38.31 38.31 0.0 0 1 340.5353 717.4433   L 340.4645 758.0233   Z   M 312.39 717.37   A 10.10 10.10 0.0 0 0 302.29 707.27   L 248.95 707.27   A 10.10 10.10 0.0 0 0 238.85 717.37   L 238.85 757.87   A 10.10 10.10 0.0 0 0 248.95 767.97   L 302.29 767.97   A 10.10 10.10 0.0 0 0 312.39 757.87   L 312.39 717.37   Z"/>
<path fill="#333333" d="   M 392.79 795.90   A 0.37 0.37 0.0 0 1 392.42 796.27   L 365.07 796.27   A 0.53 0.53 0.0 0 1 364.54 795.74   Q 364.57 703.92 364.53 701.56   Q 364.30 689.39 365.85 686.71   C 370.16 679.22 375.70 678.88 384.96 678.99   Q 387.27 679.01 441.25 679.00   Q 460.64 679.00 475.83 690.43   C 488.17 699.72 494.27 714.46 494.40 730.01   Q 494.66 760.50 494.45 795.92   A 0.33 0.33 0.0 0 1 494.12 796.25   L 466.84 796.25   A 0.57 0.56 -0.0 0 1 466.27 795.69   Q 466.31 749.88 466.27 733.75   C 466.27 730.19 466.08 725.57 464.70 722.21   Q 460.68 712.37 451.76 708.91   Q 447.44 707.23 434.81 707.25   Q 399.83 707.31 393.41 707.25   A 0.61 0.61 0.0 0 0 392.79 707.86   L 392.79 795.90   Z"/>
<path fill="#333333" d="   M 618.61 679.67   L 618.61 706.88   A 0.40 0.40 0.0 0 1 618.21 707.28   Q 591.35 707.29 551.00 707.25   C 548.05 707.24 543.86 707.32 543.48 711.02   Q 543.16 714.15 544.78 716.28   A 1.43 1.43 0.0 0 0 545.76 716.84   Q 548.62 717.19 549.25 717.20   Q 565.22 717.32 591.51 717.18   C 603.50 717.12 615.89 720.67 623.31 730.68   Q 635.11 746.57 631.77 764.93   C 628.19 784.63 611.94 796.16 592.49 796.22   Q 548.02 796.34 517.16 796.25   A 0.57 0.56 -90.0 0 1 516.60 795.68   L 516.60 768.35   A 0.34 0.34 0.0 0 1 516.94 768.01   Q 583.59 767.98 585.37 768.03   Q 596.27 768.32 599.40 766.55   Q 605.35 763.17 604.08 754.19   Q 602.88 745.64 593.46 745.32   Q 589.23 745.18 549.24 745.27   Q 536.53 745.29 527.51 738.22   C 513.59 727.31 511.11 705.90 521.86 692.02   Q 528.09 683.98 538.39 680.69   Q 544.15 678.85 557.90 678.95   Q 574.88 679.07 617.92 678.97   A 0.70 0.69 90.0 0 1 618.61 679.67   Z"/>
<path fill="#333333" d="   M 862.41 769.96   L 862.41 795.80   A 0.39 0.39 0.0 0 1 862.02 796.19   Q 840.44 796.32 813.00 796.26   C 793.52 796.21 776.69 784.75 773.27 765.06   Q 772.50 760.60 772.66 744.89   Q 772.78 733.26 772.65 724.68   Q 772.48 713.78 774.06 707.94   C 778.85 690.31 792.62 679.08 811.26 679.02   Q 835.26 678.95 861.75 679.03   C 886.75 679.11 904.27 698.55 900.68 723.26   Q 897.60 744.48 878.56 753.53   Q 871.82 756.73 861.50 756.74   Q 828.05 756.76 811.93 756.77   A 0.42 0.41 0.0 0 1 811.51 756.36   L 811.51 730.40   A 0.41 0.40 -0.0 0 1 811.92 730.00   Q 857.36 730.01 860.50 730.00   C 865.48 729.98 869.83 728.94 872.53 724.47   C 875.19 720.07 875.13 714.38 872.10 710.29   Q 868.75 705.76 861.50 705.76   Q 836.16 705.75 812.51 705.76   Q 804.27 705.76 801.01 711.50   Q 799.34 714.44 799.46 724.75   Q 799.62 739.54 799.49 756.00   Q 799.47 757.70 799.83 760.18   C 800.62 765.56 805.43 769.26 810.51 769.26   Q 847.06 769.22 861.68 769.23   A 0.73 0.73 0.0 0 1 862.41 769.96   Z"/>
<path fill="#333333" d="   M 1022.87 706.86   A 0.42 0.42 0.0 0 1 1022.45 707.28   Q 985.10 707.27 963.77 707.27   C 953.54 707.27 947.66 708.23 947.70 720.26   Q 947.87 769.59 947.69 795.68   A 0.58 0.58 0.0 0 1 947.11 796.26   L 920.02 796.26   A 0.36 0.36 0.0 0 1 919.66 795.90   Q 919.45 753.26 919.72 717.69   C 919.89 694.05 937.49 679.15 960.27 679.06   Q 996.72 678.91 1022.26 679.03   A 0.61 0.61 0.0 0 1 1022.87 679.64   L 1022.87 706.86   Z"/>

<path fill="#333333" d="   M 445.47 840.80   C 461.88 840.76 469.23 855.17 469.26 869.48   C 469.30 883.80 462.02 898.25 445.61 898.29   C 429.20 898.33 421.85 883.91 421.82 869.60   C 421.78 855.29 429.06 840.84 445.47 840.80   Z   M 429.16 869.54   C 429.15 879.51 433.27 892.10 445.51 892.11   C 457.76 892.12 461.89 879.54 461.90 869.56   C 461.91 859.59 457.79 847.00 445.55 846.99   C 433.30 846.98 429.17 859.56 429.16 869.54   Z"/>
<path fill="#333333" d="   M 544.30 867.52   Q 541.29 878.13 534.93 886.93   A 0.42 0.42 0.0 0 0 535.04 887.52   Q 539.84 890.78 544.38 892.32   A 0.83 0.83 0.0 0 1 544.91 893.35   L 543.55 897.62   A 0.81 0.81 0.0 0 1 542.52 898.14   Q 536.33 896.06 530.88 892.25   A 0.70 0.70 0.0 0 0 530.00 892.30   Q 523.44 898.16 514.80 898.30   C 505.69 898.45 498.11 893.22 497.62 883.70   C 497.24 876.38 502.21 871.19 507.90 867.35   A 0.79 0.79 0.0 0 0 508.19 866.39   Q 506.87 863.27 506.63 862.63   C 497.07 837.39 530.91 833.52 528.40 853.61   C 527.67 859.47 521.44 864.75 516.48 867.78   A 0.56 0.55 57.4 0 0 516.31 868.56   Q 521.90 876.97 529.82 883.44   A 0.48 0.47 37.1 0 0 530.51 883.35   Q 535.62 876.04 537.86 867.54   A 0.37 0.37 0.0 0 1 538.22 867.26   L 544.10 867.26   A 0.21 0.21 0.0 0 1 544.30 867.52   Z   M 513.34 863.35   Q 513.40 863.37 513.42 863.36   C 518.37 860.69 524.34 855.84 522.58 849.66   Q 521.80 846.94 519.14 846.05   Q 516.47 845.15 514.21 846.86   C 509.09 850.74 510.93 858.20 513.28 863.31   Q 513.29 863.33 513.34 863.35   Z   M 525.24 887.76   Q 517.18 880.51 511.72 872.48   A 0.73 0.73 0.0 0 0 510.74 872.27   C 510.09 872.67 509.41 873.52 508.41 874.46   Q 505.43 877.25 504.69 880.44   C 503.51 885.47 506.44 890.74 511.19 892.12   Q 518.52 894.24 525.22 888.75   A 0.65 0.65 0.0 0 0 525.24 887.76   Z"/>
<path fill="#333333" d="   M 819.34 869.56   C 819.32 855.25 826.61 840.80 843.02 840.78   C 859.44 840.76 866.77 855.18 866.79 869.50   C 866.81 883.82 859.52 898.26 843.10 898.28   C 826.69 898.31 819.36 883.88 819.34 869.56   Z   M 826.66 869.53   C 826.65 879.51 830.77 892.10 843.02 892.11   C 855.27 892.12 859.41 879.53 859.42 869.56   C 859.42 859.58 855.30 846.98 843.06 846.97   C 830.81 846.96 826.67 859.55 826.66 869.53   Z"/>
<path fill="#333333" d="   M 181.94 841.73   Q 183.77 841.73 185.37 841.83   A 0.85 0.84 -7.5 0 1 186.12 842.40   L 204.53 897.09   A 0.16 0.15 -9.3 0 1 204.38 897.29   L 197.45 897.29   A 0.32 0.32 0.0 0 1 197.14 897.06   L 192.27 881.22   A 0.95 0.95 0.0 0 0 191.43 880.54   Q 190.97 880.51 181.89 880.50   Q 172.81 880.49 172.36 880.52   A 0.95 0.95 0.0 0 0 171.51 881.19   L 166.60 897.02   A 0.32 0.32 0.0 0 1 166.29 897.25   L 159.36 897.23   A 0.16 0.15 9.4 0 1 159.21 897.03   L 177.76 842.39   A 0.85 0.84 7.6 0 1 178.52 841.82   Q 180.12 841.73 181.94 841.73   Z   M 181.80 874.75   Q 188.96 874.75 189.76 874.70   A 0.29 0.29 0.0 0 0 190.02 874.33   L 182.03 847.92   A 0.02 0.01 -79.4 0 0 182.02 847.91   Q 181.85 847.81 181.79 847.81   Q 181.73 847.81 181.55 847.91   A 0.02 0.01 79.3 0 0 181.55 847.92   L 173.58 874.34   A 0.29 0.29 0.0 0 0 173.84 874.71   Q 174.64 874.75 181.80 874.75   Z"/>
<path fill="#333333" d="   M 252.26 892.18   C 262.19 892.16 265.11 883.96 265.19 875.49   Q 265.23 871.21 265.13 842.07   A 0.37 0.37 0.0 0 1 265.50 841.70   L 271.67 841.70   A 0.34 0.34 0.0 0 1 272.01 842.04   Q 272.12 862.35 272.05 876.24   C 271.99 888.93 265.86 898.25 252.28 898.28   C 238.69 898.31 232.52 889.02 232.40 876.33   Q 232.27 862.44 232.28 842.13   A 0.34 0.34 0.0 0 1 232.62 841.79   L 238.79 841.76   A 0.37 0.37 0.0 0 1 239.16 842.13   Q 239.20 871.27 239.26 875.55   C 239.38 884.02 242.34 892.20 252.26 892.18   Z"/>
<path fill="#333333" d="   M 308.28 842.25   A 0.59 0.59 0.0 0 1 308.87 841.67   L 324.00 841.69   A 24.77 24.46 -89.9 0 1 348.42 866.51   L 348.40 872.61   A 24.77 24.46 -89.9 0 1 323.90 897.33   L 308.77 897.31   A 0.59 0.59 0.0 0 1 308.18 896.71   L 308.28 842.25   Z   M 315.26 848.03   L 315.26 890.99   A 0.55 0.55 0.0 0 0 315.81 891.54   L 322.80 891.54   A 18.66 18.16 -90.0 0 0 340.96 872.88   L 340.96 866.14   A 18.66 18.16 90.0 0 0 322.80 847.48   L 315.81 847.48   A 0.55 0.55 0.0 0 0 315.26 848.03   Z"/>
<rect fill="#333333" x="381.50" y="841.74" width="7.02" height="55.50" rx="0.41"/>
<path fill="#333333" d="   M 589.53 889.90   Q 589.79 889.90 589.84 889.72   Q 596.80 865.90 603.84 841.97   A 0.33 0.33 0.0 0 1 604.16 841.73   L 611.09 841.73   A 0.17 0.16 -80.7 0 1 611.24 841.95   L 593.87 896.62   A 0.89 0.88 -86.6 0 1 593.20 897.22   Q 592.98 897.26 589.54 897.27   Q 586.09 897.27 585.87 897.23   A 0.89 0.88 86.5 0 1 585.20 896.63   L 567.71 842.00   A 0.17 0.16 80.6 0 1 567.86 841.78   L 574.79 841.76   A 0.33 0.33 0.0 0 1 575.11 842.00   Q 582.20 865.92 589.21 889.72   Q 589.26 889.90 589.53 889.90   Z"/>
<rect fill="#333333" x="640.00" y="841.74" width="7.00" height="55.52" rx="0.32"/>
<path fill="#333333" d="   M 683.49 842.19   A 0.44 0.44 0.0 0 1 683.93 841.75   L 699.13 841.75   A 24.41 24.34 90.0 0 1 723.47 866.16   L 723.47 872.88   A 24.41 24.34 90.0 0 1 699.13 897.29   L 683.93 897.29   A 0.44 0.44 0.0 0 1 683.49 896.85   L 683.49 842.19   Z   M 690.51 847.99   L 690.51 891.03   A 0.53 0.53 0.0 0 0 691.04 891.56   L 697.96 891.56   A 18.70 18.19 -90.0 0 0 716.15 872.86   L 716.15 866.16   A 18.70 18.19 90.0 0 0 697.96 847.46   L 691.04 847.46   A 0.53 0.53 0.0 0 0 690.51 847.99   Z"/>
<path fill="#333333" d="   M 764.21 865.23   L 784.34 865.23   A 0.44 0.44 0.0 0 1 784.78 865.67   L 784.78 870.84   A 0.44 0.44 0.0 0 1 784.34 871.28   L 764.20 871.28   A 0.44 0.44 0.0 0 0 763.76 871.72   L 763.76 890.80   A 0.44 0.44 0.0 0 0 764.20 891.24   L 789.08 891.24   A 0.44 0.44 0.0 0 1 789.52 891.68   L 789.52 896.82   A 0.44 0.44 0.0 0 1 789.08 897.26   L 757.19 897.26   A 0.44 0.44 0.0 0 1 756.75 896.82   L 756.75 842.19   A 0.44 0.44 0.0 0 1 757.19 841.75   L 788.34 841.75   A 0.44 0.44 0.0 0 1 788.78 842.19   L 788.78 847.32   A 0.44 0.44 0.0 0 1 788.34 847.76   L 764.21 847.76   A 0.44 0.44 0.0 0 0 763.77 848.20   L 763.77 864.79   A 0.44 0.44 0.0 0 0 764.21 865.23   Z"/>








                        </g>
                    </svg>