<svg xmlns="http://www.w3.org/2000/svg" 
                      viewBox="0 0 996.9499999999999 998.37" 
                      width="996.9499999999999" 
                      height="998.37"
                      preserveAspectRatio="none"
                      data-content-extracted="true"
                      data-overflow="horizontal:4,vertical:4"
                      data-original-bounds="-90.8,-90.8,902.15,903.57">
                        <g transform="translate(92.8, 92.8)">
                          
<g stroke-width="2.00" fill="none" stroke-linecap="butt">
<path vector-effect="non-scaling-stroke" d="   M 286.79 502.80   Q 292.67 502.63 297.37 505.19   C 299.79 506.52 305.20 509.99 306.76 506.47   Q 307.67 504.42 306.38 501.86   Q 302.69 494.55 295.19 491.13   Q 287.56 487.66 279.70 490.04   A 0.48 0.48 0.0 0 1 279.09 489.66   Q 274.95 463.87 276.19 444.24   C 277.91 417.00 287.73 392.59 307.35 373.59   A 0.48 0.47 -27.4 0 1 308.15 373.84   C 320.66 439.42 362.39 496.11 421.97 526.38   A 1.30 1.29 -81.2 0 1 422.67 527.35   Q 424.79 542.05 429.06 555.51   Q 432.17 565.30 433.70 570.29   C 435.03 574.63 434.20 580.00 431.08 583.79   Q 424.53 591.75 414.48 592.51   C 401.46 593.49 391.02 594.49 379.75 599.96   C 371.83 603.81 365.86 612.68 361.87 620.36   A 0.49 0.49 0.0 0 0 362.30 621.08   Q 447.13 621.07 447.49 621.07   Q 461.05 620.99 467.45 608.46   C 468.41 606.57 469.35 602.88 469.36 601.00   Q 469.45 573.39 473.12 546.33   A 0.55 0.55 0.0 0 1 473.78 545.87   Q 486.54 548.77 499.24 549.74   Q 533.82 552.40 568.09 545.85   A 0.66 0.66 0.0 0 1 568.87 546.41   Q 572.24 572.24 572.52 595.69   Q 572.62 603.62 573.99 607.18   Q 578.24 618.17 590.24 620.91   A 6.71 6.69 -38.4 0 0 591.74 621.08   L 679.86 621.08   A 0.31 0.31 0.0 0 0 680.13 620.62   C 676.58 614.19 672.66 607.90 666.93 603.11   C 658.27 595.87 644.03 593.77 633.23 593.03   Q 624.24 592.42 621.00 591.06   C 615.28 588.66 607.89 582.74 607.78 575.96   Q 607.70 570.84 609.13 567.24   Q 616.79 547.95 619.20 527.59   A 1.47 1.46 -10.5 0 1 619.98 526.46   C 679.52 494.93 721.23 439.70 733.93 373.58   A 0.36 0.36 0.0 0 1 734.54 373.39   C 765.79 405.25 769.16 448.05 762.76 490.04   A 0.28 0.27 -77.3 0 1 762.41 490.27   C 752.45 487.34 741.54 491.59 736.25 500.49   C 734.62 503.23 733.54 508.99 738.89 507.87   Q 740.17 507.60 743.58 505.59   C 747.35 503.36 751.33 502.69 755.33 502.71   A 0.36 0.35 -72.7 0 1 755.62 503.27   C 752.98 507.11 746.53 517.10 750.37 521.18   A 1.88 1.87 42.1 0 0 753.22 521.04   L 756.20 517.20   A 4.49 4.15 -76.4 0 1 756.61 516.73   L 763.33 510.04   A 0.24 0.24 0.0 0 1 763.73 510.22   C 763.63 513.51 763.64 522.70 766.35 524.57   Q 769.44 526.69 771.16 523.23   C 774.18 517.15 772.85 510.48 769.80 504.44   A 0.27 0.27 0.0 0 1 770.17 504.08   Q 773.79 505.97 775.52 508.26   C 776.73 509.86 777.59 512.79 778.35 514.05   A 2.26 2.22 4.3 0 0 778.92 514.70   C 782.84 517.82 785.82 514.49 784.86 510.39   Q 782.51 500.32 771.95 497.93   A 0.46 0.45 21.1 0 1 771.65 497.27   Q 781.36 479.65 787.09 458.63   Q 796.81 422.97 787.89 387.66   Q 776.94 344.26 738.47 318.67   A 1.18 1.14 -78.2 0 1 737.97 317.88   Q 737.57 315.11 736.41 306.02   Q 730.03 256.36 702.84 214.87   A 0.58 0.58 0.0 0 1 703.20 213.99   Q 722.57 209.76 739.22 202.25   C 753.30 195.91 766.05 185.80 773.14 172.52   C 782.68 154.65 785.44 133.76 779.09 114.39   A 0.34 0.34 0.0 0 1 779.31 113.96   Q 781.39 113.38 783.79 113.52   Q 793.36 114.07 800.83 120.45   Q 806.92 125.64 812.51 132.12   A 0.23 0.23 0.0 0 0 812.90 131.87   Q 798.12 100.70 768.12 89.51   C 744.18 80.58 717.60 83.18 696.15 96.92   C 673.35 111.52 663.20 134.10 651.28 158.22   A 0.59 0.58 30.6 0 1 650.41 158.44   Q 622.74 138.31 590.46 126.51   A 0.54 0.54 0.0 0 1 590.20 125.70   Q 596.47 116.41 601.75 107.00   Q 620.68 73.31 624.74 66.27   C 632.53 52.76 644.83 24.26 627.12 12.85   Q 622.44 9.84 615.05 9.87   Q 603.10 9.94 592.69 15.71   Q 568.62 29.06 561.05 55.29   Q 557.47 67.71 559.09 80.49   Q 560.48 91.42 563.43 107.06   Q 564.54 112.96 564.71 119.15   A 0.45 0.45 0.0 0 1 564.17 119.60   Q 521.56 110.84 478.73 119.65   A 0.43 0.43 0.0 0 1 478.21 119.24   Q 478.01 113.23 479.04 106.50   Q 480.48 97.07 482.47 85.75   C 483.82 78.08 484.75 69.63 483.19 61.82   Q 478.12 36.51 457.94 21.13   Q 448.62 14.02 438.36 11.14   Q 434.39 10.03 427.45 9.91   Q 420.94 9.80 416.77 11.84   C 397.45 21.29 407.91 50.00 415.74 63.62   Q 434.78 96.69 443.67 112.84   Q 446.80 118.53 451.78 125.72   A 0.57 0.56 63.7 0 1 451.50 126.57   Q 418.58 137.72 391.70 158.18   A 0.84 0.84 0.0 0 1 390.44 157.89   Q 382.84 142.32 377.45 132.31   C 363.95 107.27 341.65 88.50 312.86 84.97   Q 294.77 82.75 278.34 87.92   C 256.35 94.83 238.27 110.55 229.26 131.62   A 0.21 0.21 0.0 0 0 229.61 131.85   C 238.43 121.94 248.83 111.07 263.48 112.07   A 0.36 0.35 -78.7 0 1 263.79 112.54   C 253.94 142.24 263.73 175.57 290.27 193.03   C 305.21 202.85 322.89 208.39 339.82 212.20   A 0.44 0.43 -67.5 0 1 340.09 212.86   Q 309.59 259.98 305.11 315.90   A 1.20 1.20 0.0 0 1 304.55 316.82   C 274.98 335.31 256.53 365.54 251.21 399.98   C 246.19 432.52 254.33 467.32 270.40 496.41   A 0.43 0.42 68.7 0 1 270.13 497.03   C 263.52 498.67 256.41 505.14 256.99 512.43   A 3.13 2.58 4.2 0 0 259.52 514.84   C 261.97 515.27 263.52 513.52 264.45 511.17   C 265.98 507.32 267.79 504.85 271.58 503.31   A 0.37 0.36 -87.3 0 1 272.04 503.82   C 269.15 509.43 267.56 519.70 272.34 524.79   A 2.15 2.01 52.3 0 0 274.94 525.21   C 278.27 523.16 278.34 514.35 278.17 510.64   A 0.30 0.30 0.0 0 1 278.68 510.42   L 286.20 517.88   A 2.17 0.72 42.4 0 1 286.39 518.10   Q 288.26 520.70 289.05 521.43   Q 289.99 522.31 290.51 522.23   A 2.57 2.56 -1.2 0 0 292.65 520.01   C 293.34 514.28 290.20 509.31 286.51 503.32   A 0.34 0.34 0.0 0 1 286.79 502.80"/>
<path vector-effect="non-scaling-stroke" d="   M 101.61 802.43   C 106.85 802.43 111.31 799.65 113.88 795.16   Q 132.54 762.51 163.38 708.42   A 0.22 0.22 0.0 0 1 163.79 708.53   L 163.79 799.86   A 0.40 0.40 0.0 0 0 164.19 800.26   L 191.48 800.26   A 0.66 0.66 0.0 0 0 192.14 799.60   Q 192.13 734.31 192.11 657.75   C 192.10 645.85 180.55 638.75 170.15 644.71   Q 167.75 646.09 163.72 653.09   Q 132.53 707.24 101.84 760.56   Q 101.75 760.72 101.60 760.72   Q 101.45 760.72 101.36 760.56   Q 70.66 707.25 39.45 653.11   Q 35.42 646.11 33.02 644.73   C 22.61 638.78 11.07 645.88 11.06 657.78   Q 11.07 734.34 11.08 799.63   A 0.66 0.66 0.0 0 0 11.74 800.29   L 39.03 800.28   A 0.40 0.40 0.0 0 0 39.43 799.88   L 39.40 708.55   A 0.22 0.22 0.0 0 1 39.81 708.44   Q 70.66 762.52 89.34 795.16   C 91.90 799.65 96.37 802.43 101.61 802.43"/>
<path vector-effect="non-scaling-stroke" d="   M 715.75 711.69   A 0.42 0.42 0.0 0 1 716.17 711.27   L 764.59 711.27   A 0.42 0.42 0.0 0 0 765.01 710.85   L 765.01 683.42   A 0.42 0.42 0.0 0 0 764.59 683.00   L 716.18 683.00   A 0.42 0.42 0.0 0 1 715.76 682.58   L 715.76 645.17   A 0.42 0.42 0.0 0 0 715.34 644.75   L 687.66 644.75   A 0.42 0.42 0.0 0 0 687.24 645.17   L 687.24 682.58   A 0.42 0.42 0.0 0 1 686.82 683.00   L 650.95 683.00   A 0.42 0.42 0.0 0 0 650.53 683.42   L 650.53 710.83   A 0.42 0.42 0.0 0 0 650.95 711.25   L 686.82 711.25   A 0.42 0.42 0.0 0 1 687.24 711.67   L 687.24 799.86   A 0.42 0.42 0.0 0 0 687.66 800.28   L 715.33 800.28   A 0.42 0.42 0.0 0 0 715.75 799.86   L 715.75 711.69"/>
<path vector-effect="non-scaling-stroke" d="   M 348.5353 721.4433   A 38.31 38.31 0.0 0 0 310.2922 683.0665   L 257.0723 682.9736   A 38.31 38.31 0.0 0 0 218.6955 721.2167   L 218.6247 761.7967   A 38.31 38.31 0.0 0 0 256.8678 800.1735   L 310.0877 800.2664   A 38.31 38.31 0.0 0 0 348.4645 762.0233   L 348.5353 721.4433"/>
<path vector-effect="non-scaling-stroke" d="   M 474.67 800.26   L 501.92 800.26   A 0.58 0.57 -0.0 0 0 502.50 799.69   Q 502.56 751.02 502.49 737.25   Q 502.46 729.12 501.43 723.79   C 496.38 697.70 474.34 682.98 448.50 682.99   Q 393.61 683.01 392.57 683.00   C 383.58 682.86 378.18 683.34 373.93 690.56   Q 372.28 693.37 372.54 704.72   Q 372.57 706.35 372.55 799.86   A 0.42 0.42 0.0 0 0 372.97 800.28   L 400.35 800.28   A 0.45 0.45 0.0 0 0 400.80 799.83   L 400.80 711.59   A 0.28 0.27 88.9 0 1 401.06 711.31   Q 427.38 711.14 450.24 711.35   Q 465.56 711.49 471.83 724.23   C 473.73 728.10 474.26 732.43 474.27 736.76   Q 474.31 762.13 474.27 799.86   A 0.40 0.40 0.0 0 0 474.67 800.26"/>
<path vector-effect="non-scaling-stroke" d="   M 524.59 772.34   L 524.59 799.61   A 0.66 0.66 0.0 0 0 525.25 800.27   Q 577.28 800.33 599.74 800.23   C 620.96 800.14 637.70 787.80 640.23 765.79   C 641.93 751.03 635.01 733.55 621.42 726.17   Q 612.62 721.39 602.96 721.34   Q 563.41 721.12 558.00 721.26   Q 556.89 721.29 554.19 720.98   A 1.90 1.87 -20.4 0 1 553.16 720.52   Q 550.76 718.39 551.69 714.14   C 552.35 711.10 557.58 711.24 560.01 711.24   Q 607.33 711.29 625.97 711.24   A 0.64 0.64 0.0 0 0 626.61 710.60   L 626.61 683.65   A 0.69 0.69 0.0 0 0 625.92 682.96   Q 587.58 683.09 566.67 682.94   Q 552.19 682.84 546.52 684.65   C 534.08 688.60 524.94 698.60 523.51 711.61   C 522.06 724.83 526.96 736.87 538.24 744.16   Q 546.21 749.30 557.73 749.27   Q 595.26 749.18 601.95 749.36   C 610.19 749.58 613.05 756.02 612.20 763.22   C 611.46 769.49 606.31 771.97 600.24 771.98   Q 582.43 772.01 524.94 772.00   A 0.35 0.34 0.0 0 0 524.59 772.34"/>
<path vector-effect="non-scaling-stroke" d="   M 819.51 734.52   L 819.51 760.35   A 0.39 0.39 0.0 0 0 819.90 760.74   Q 838.50 760.71 859.13 760.78   Q 875.43 760.83 879.34 759.97   Q 888.98 757.86 897.03 750.50   C 906.32 742.00 910.31 728.72 908.88 716.20   C 906.66 696.65 890.63 683.69 871.24 683.07   Q 870.64 683.05 831.43 682.95   Q 813.72 682.90 809.19 684.10   C 795.65 687.70 785.90 697.83 782.16 711.44   Q 780.57 717.24 780.63 729.22   Q 780.74 751.77 780.70 761.75   C 780.61 783.36 797.06 799.73 818.54 800.13   Q 834.39 800.43 869.91 800.20   A 0.51 0.51 0.0 0 0 870.41 799.69   L 870.41 773.71   A 0.47 0.46 -0.0 0 0 869.94 773.25   Q 821.48 773.22 820.51 773.27   C 812.43 773.68 807.51 769.09 807.52 760.51   Q 807.54 735.71 807.53 722.75   Q 807.52 714.42 813.25 711.24   Q 816.00 709.71 824.42 709.71   Q 856.99 709.73 870.73 709.83   C 886.57 709.94 886.34 733.67 870.17 733.88   Q 849.84 734.13 820.07 733.96   A 0.56 0.56 0.0 0 0 819.51 734.52"/>
<path vector-effect="non-scaling-stroke" d="   M 1030.87 710.78   L 1030.87 683.61   A 0.62 0.62 0.0 0 0 1030.25 682.99   Q 976.58 683.02 974.21 682.99   Q 964.90 682.85 960.84 683.68   Q 952.06 685.48 948.09 687.60   Q 927.78 698.47 927.65 722.31   Q 927.52 747.30 927.62 799.81   A 0.46 0.46 0.0 0 0 928.08 800.27   L 955.32 800.27   A 0.41 0.41 0.0 0 0 955.73 799.87   Q 955.80 771.54 955.73 722.49   C 955.71 712.46 962.31 711.23 971.34 711.24   Q 1024.12 711.27 1030.38 711.26   A 0.49 0.48 0.0 0 0 1030.87 710.78"/>
<path vector-effect="non-scaling-stroke" d="   M 429.82 873.59   C 429.85 888.05 437.28 902.31 453.60 902.28   C 469.92 902.25 477.29 887.95 477.26 873.49   C 477.23 859.04 469.80 844.77 453.48 844.81   C 437.16 844.84 429.79 859.13 429.82 873.59"/>
<path vector-effect="non-scaling-stroke" d="   M 546.26 871.26   A 0.42 0.40 7.2 0 0 545.86 871.56   Q 543.63 880.01 538.51 887.34   A 0.48 0.48 0.0 0 1 537.82 887.44   Q 529.99 881.07 524.27 872.51   A 0.48 0.48 0.0 0 1 524.42 871.83   C 529.46 868.74 535.77 863.41 536.44 857.44   C 537.37 849.11 531.31 843.05 522.91 845.11   Q 512.96 847.55 512.88 858.67   Q 512.86 862.56 516.18 870.40   A 0.75 0.74 60.2 0 1 515.94 871.30   Q 511.82 874.35 509.92 876.41   C 500.92 886.22 506.45 900.14 519.25 902.04   Q 529.50 903.57 538.05 896.31   A 0.70 0.69 -47.2 0 1 538.91 896.27   Q 544.29 900.03 550.54 902.15   A 0.78 0.78 0.0 0 0 551.54 901.65   L 552.91 897.35   A 0.82 0.81 -72.2 0 0 552.39 896.33   Q 547.89 894.82 543.13 891.58   A 0.53 0.53 0.0 0 1 543.00 890.83   Q 549.29 882.10 552.30 871.52   A 0.21 0.21 0.0 0 0 552.10 871.26   L 546.26 871.26"/>
<path vector-effect="non-scaling-stroke" d="   M 827.34 873.56   C 827.36 888.03 834.78 902.30 851.10 902.28   C 867.42 902.26 874.81 887.97 874.79 873.51   C 874.77 859.04 867.35 844.77 851.03 844.79   C 834.71 844.81 827.32 859.10 827.34 873.56"/>
<path vector-effect="non-scaling-stroke" d="   M 189.89 884.49   Q 199.36 884.51 199.47 884.52   A 0.97 0.96 -4.7 0 1 200.27 885.20   L 205.13 901.05   A 0.33 0.33 0.0 0 0 205.45 901.29   L 212.39 901.29   A 0.15 0.15 0.0 0 0 212.53 901.10   L 194.03 846.11   A 0.41 0.41 0.0 0 0 193.65 845.82   Q 191.84 845.75 189.95 845.74   Q 188.05 845.74 186.24 845.81   A 0.41 0.41 0.0 0 0 185.86 846.10   L 167.20 901.03   A 0.15 0.15 0.0 0 0 167.34 901.23   L 174.28 901.25   A 0.33 0.33 0.0 0 0 174.60 901.01   L 179.51 885.17   A 0.97 0.96 4.8 0 1 180.32 884.49   Q 180.42 884.48 189.89 884.49"/>
<path vector-effect="non-scaling-stroke" d="   M 260.28 902.29   C 274.01 902.26 280.02 892.77 280.06 879.99   Q 280.11 864.52 280.02 846.12   A 0.41 0.41 0.0 0 0 279.61 845.71   L 273.54 845.71   A 0.43 0.43 0.0 0 0 273.11 846.15   Q 273.27 868.01 273.14 880.72   C 273.06 888.84 269.39 896.16 260.26 896.18   C 251.13 896.20 247.44 888.90 247.31 880.78   Q 247.12 868.07 247.18 846.21   A 0.43 0.43 0.0 0 0 246.75 845.77   L 240.68 845.80   A 0.41 0.41 0.0 0 0 240.27 846.21   Q 240.27 864.61 240.39 880.08   C 240.49 892.86 246.55 902.32 260.28 902.29"/>
<path vector-effect="non-scaling-stroke" d="   M 316.28 846.24   L 316.18 900.72   A 0.55 0.55 0.0 0 0 316.73 901.28   L 331.90 901.30   A 24.56 24.46 -89.9 0 0 356.40 876.79   L 356.42 870.33   A 24.56 24.46 -89.9 0 0 332.00 845.72   L 316.83 845.70   A 0.55 0.55 0.0 0 0 316.28 846.24"/>
<path vector-effect="non-scaling-stroke" d="   M 396.52 846.17   A 0.43 0.43 0.0 0 0 396.09 845.74   L 389.93 845.74   A 0.43 0.43 0.0 0 0 389.50 846.17   L 389.50 900.81   A 0.43 0.43 0.0 0 0 389.93 901.24   L 396.09 901.24   A 0.43 0.43 0.0 0 0 396.52 900.81   L 396.52 846.17"/>
<path vector-effect="non-scaling-stroke" d="   M 597.53 901.26   Q 600.95 901.26 601.19 901.21   A 0.94 0.93 -86.6 0 0 601.88 900.59   L 619.23 845.96   A 0.17 0.17 0.0 0 0 619.07 845.73   L 612.18 845.73   A 0.34 0.34 0.0 0 0 611.85 845.98   Q 604.81 869.84 597.84 893.72   Q 597.79 893.90 597.53 893.90   Q 597.26 893.90 597.21 893.72   Q 590.19 869.86 583.10 846.01   A 0.34 0.34 0.0 0 0 582.77 845.76   L 575.88 845.78   A 0.17 0.17 0.0 0 0 575.72 846.01   L 593.19 900.60   A 0.94 0.93 86.5 0 0 593.88 901.22   Q 594.12 901.26 597.53 901.26"/>
<path vector-effect="non-scaling-stroke" d="   M 655.00 846.05   A 0.33 0.33 0.0 0 0 654.67 845.72   L 648.33 845.72   A 0.33 0.33 0.0 0 0 648.00 846.05   L 648.00 900.93   A 0.33 0.33 0.0 0 0 648.33 901.26   L 654.67 901.26   A 0.33 0.33 0.0 0 0 655.00 900.93   L 655.00 846.05"/>
<path vector-effect="non-scaling-stroke" d="   M 691.55 846.18   L 691.45 900.82   A 0.45 0.45 0.0 0 0 691.90 901.27   L 707.12 901.29   A 24.35 24.29 -89.9 0 0 731.45 876.98   L 731.47 870.14   A 24.35 24.29 -89.9 0 0 707.22 845.75   L 692.00 845.73   A 0.45 0.45 0.0 0 0 691.55 846.18"/>
<path vector-effect="non-scaling-stroke" d="   M 772.19 869.25   A 0.44 0.44 0.0 0 1 771.75 868.81   L 771.75 852.19   A 0.44 0.44 0.0 0 1 772.19 851.75   L 796.33 851.75   A 0.44 0.44 0.0 0 0 796.77 851.31   L 796.77 846.19   A 0.44 0.44 0.0 0 0 796.33 845.75   L 765.18 845.75   A 0.44 0.44 0.0 0 0 764.74 846.19   L 764.74 900.82   A 0.44 0.44 0.0 0 0 765.18 901.26   L 797.07 901.26   A 0.44 0.44 0.0 0 0 797.51 900.82   L 797.51 895.68   A 0.44 0.44 0.0 0 0 797.07 895.24   L 772.20 895.24   A 0.44 0.44 0.0 0 1 771.76 894.80   L 771.76 875.70   A 0.44 0.44 0.0 0 1 772.20 875.26   L 792.31 875.26   A 0.44 0.44 0.0 0 0 792.75 874.82   L 792.75 869.69   A 0.44 0.44 0.0 0 0 792.31 869.25   L 772.19 869.25"/>
<path vector-effect="non-scaling-stroke" d="   M 458.6534 192.3403   A 50.59 48.65 -90.2 0 0 410.1803 243.0998   A 50.59 48.65 -90.2 0 0 459.0066 293.5197   A 50.59 48.65 -90.2 0 0 507.4797 242.7602   A 50.59 48.65 -90.2 0 0 458.6534 192.3403"/>
<path vector-effect="non-scaling-stroke" d="   M 582.3338 192.3749   A 50.58 48.65 -90.8 0 0 534.3947 243.6293   A 50.58 48.65 -90.8 0 0 583.7462 293.5251   A 50.58 48.65 -90.8 0 0 631.6853 242.2707   A 50.58 48.65 -90.8 0 0 582.3338 192.3749"/>
<path vector-effect="non-scaling-stroke" d="   M 634.44 322.53   Q 619.75 337.99 599.79 347.56   Q 574.39 359.75 545.47 363.29   C 509.63 367.68 474.31 364.27 441.79 351.02   Q 417.25 341.02 398.57 322.17   A 0.16 0.16 0.0 0 0 398.31 322.36   C 407.31 339.02 421.35 350.47 438.20 360.19   A 0.57 0.57 0.0 0 1 438.38 361.01   Q 432.81 369.01 429.32 377.12   Q 426.80 382.96 430.07 388.11   C 434.59 395.22 440.76 398.36 448.86 400.37   Q 456.37 402.23 463.73 399.52   C 470.87 396.89 473.07 383.14 475.05 374.30   A 0.62 0.61 12.6 0 1 475.79 373.84   Q 494.75 378.37 513.63 378.48   A 0.58 0.57 4.3 0 1 514.20 379.14   C 513.32 384.68 510.26 396.89 514.74 401.03   C 528.64 413.86 560.17 415.60 571.99 398.75   C 574.40 395.32 573.01 391.21 571.41 387.59   Q 568.24 380.44 563.31 373.36   A 0.31 0.31 0.0 0 1 563.47 372.88   L 579.75 367.40   A 0.53 0.53 0.0 0 1 580.40 367.68   Q 584.50 376.92 589.53 384.67   Q 595.02 393.14 605.09 391.37   C 615.37 389.57 624.74 382.60 628.88 372.92   Q 630.80 368.42 629.10 365.08   C 625.83 358.64 619.67 352.78 613.39 348.40   A 0.68 0.68 0.0 0 1 613.36 347.30   Q 626.27 337.27 634.78 322.78   A 0.21 0.21 0.0 0 0 634.44 322.53"/>
<path vector-effect="non-scaling-stroke" d="   M 480.13 240.49   A 0.30 0.29 51.1 0 0 479.63 240.43   Q 477.46 243.37 473.97 243.74   C 465.95 244.59 464.53 235.17 469.82 230.86   A 0.36 0.35 -54.6 0 0 469.72 230.25   Q 457.33 225.83 448.50 234.03   C 443.50 238.68 441.38 246.11 443.88 253.02   C 448.81 266.67 466.22 271.94 476.65 260.69   C 481.76 255.19 483.30 247.34 480.13 240.49"/>
<path vector-effect="non-scaling-stroke" d="   M 586.00 230.13   Q 575.46 226.52 567.56 232.06   C 556.40 239.88 556.47 255.70 568.00 263.30   C 575.16 268.01 584.63 267.95 590.97 262.69   Q 601.49 253.97 596.92 240.61   A 0.33 0.33 0.0 0 0 596.35 240.51   C 590.53 247.68 579.29 241.95 584.38 233.16   C 585.01 232.07 585.80 231.64 586.27 230.95   A 0.55 0.54 -63.4 0 0 586.00 230.13"/>
<path vector-effect="non-scaling-stroke" d="   M 460.3039 248.0450   A 4.82 4.61 -47.7 0 0 453.6503 248.5074   A 4.82 4.61 -47.7 0 0 453.8161 255.1750   A 4.82 4.61 -47.7 0 0 460.4697 254.7126   A 4.82 4.61 -47.7 0 0 460.3039 248.0450"/>
<path vector-effect="non-scaling-stroke" d="   M 579.23 251.49   A 4.79 4.79 0.0 0 0 574.44 246.70   A 4.79 4.79 0.0 0 0 569.65 251.49   A 4.79 4.79 0.0 0 0 574.44 256.28   A 4.79 4.79 0.0 0 0 579.23 251.49"/>
<path vector-effect="non-scaling-stroke" d="   M 320.39 721.37   A 10.10 10.10 0.0 0 0 310.29 711.27   L 256.95 711.27   A 10.10 10.10 0.0 0 0 246.85 721.37   L 246.85 761.87   A 10.10 10.10 0.0 0 0 256.95 771.97   L 310.29 771.97   A 10.10 10.10 0.0 0 0 320.39 761.87   L 320.39 721.37"/>
<path vector-effect="non-scaling-stroke" d="   M 437.16 873.53   C 437.15 883.55 441.27 896.10 453.51 896.11   C 465.75 896.12 469.89 883.58 469.90 873.56   C 469.91 863.55 465.79 850.99 453.55 850.98   C 441.31 850.97 437.17 863.52 437.16 873.53"/>
<path vector-effect="non-scaling-stroke" d="   M 521.35 867.36   Q 521.38 867.37 521.46 867.33   C 525.41 865.28 530.63 861.15 530.93 856.33   C 531.10 853.69 529.86 850.95 527.13 850.04   C 524.41 849.13 521.77 850.57 520.31 852.79   C 517.66 856.82 519.35 863.26 521.28 867.27   Q 521.31 867.35 521.35 867.36"/>
<path vector-effect="non-scaling-stroke" d="   M 533.27 891.79   Q 525.28 884.67 519.69 876.44   A 0.63 0.63 0.0 0 0 518.77 876.30   C 514.04 880.05 510.35 885.27 513.61 891.38   C 517.65 898.95 527.17 897.57 533.24 892.78   A 0.65 0.64 -43.4 0 0 533.27 891.79"/>
<path vector-effect="non-scaling-stroke" d="   M 867.42 873.55   C 867.43 863.53 863.31 850.98 851.06 850.97   C 838.82 850.96 834.68 863.51 834.67 873.53   C 834.66 883.54 838.79 896.10 851.03 896.11   C 863.27 896.12 867.41 883.57 867.42 873.55"/>
<path vector-effect="non-scaling-stroke" d="   M 189.80 878.75   Q 197.35 878.75 197.75 878.71   A 0.30 0.30 0.0 0 0 198.01 878.32   L 190.06 851.96   A 0.08 0.07 -86.5 0 0 190.02 851.92   Q 189.81 851.82 189.79 851.82   Q 189.76 851.82 189.55 851.92   A 0.08 0.07 86.5 0 0 189.51 851.96   L 181.59 878.33   A 0.30 0.30 0.0 0 0 181.85 878.72   Q 182.25 878.75 189.80 878.75"/>
<path vector-effect="non-scaling-stroke" d="   M 323.25 852.04   L 323.25 895.00   A 0.55 0.55 0.0 0 0 323.80 895.55   L 330.79 895.55   A 18.68 18.18 -90.0 0 0 348.97 876.87   L 348.97 870.17   A 18.68 18.18 90.0 0 0 330.79 851.49   L 323.80 851.49   A 0.55 0.55 0.0 0 0 323.25 852.04"/>
<path vector-effect="non-scaling-stroke" d="   M 698.51 852.01   L 698.51 895.03   A 0.53 0.53 0.0 0 0 699.04 895.56   L 706.09 895.56   A 18.81 18.08 -90.0 0 0 724.17 876.75   L 724.17 870.29   A 18.81 18.08 90.0 0 0 706.09 851.48   L 699.04 851.48   A 0.53 0.53 0.0 0 0 698.51 852.01"/>
</g>

<path fill="#333333" d="   M 286.51 503.32   C 290.20 509.31 293.34 514.28 292.65 520.01   A 2.57 2.56 -1.2 0 1 290.51 522.23   Q 289.99 522.31 289.05 521.43   Q 288.26 520.70 286.39 518.10   A 2.17 0.72 42.4 0 0 286.20 517.88   L 278.68 510.42   A 0.30 0.30 0.0 0 0 278.17 510.64   C 278.34 514.35 278.27 523.16 274.94 525.21   A 2.15 2.01 52.3 0 1 272.34 524.79   C 267.56 519.70 269.15 509.43 272.04 503.82   A 0.37 0.36 -87.3 0 0 271.58 503.31   C 267.79 504.85 265.98 507.32 264.45 511.17   C 263.52 513.52 261.97 515.27 259.52 514.84   A 3.13 2.58 4.2 0 1 256.99 512.43   C 256.41 505.14 263.52 498.67 270.13 497.03   A 0.43 0.42 68.7 0 0 270.40 496.41   C 254.33 467.32 246.19 432.52 251.21 399.98   C 256.53 365.54 274.98 335.31 304.55 316.82   A 1.20 1.20 0.0 0 0 305.11 315.90   Q 309.59 259.98 340.09 212.86   A 0.44 0.43 -67.5 0 0 339.82 212.20   C 322.89 208.39 305.21 202.85 290.27 193.03   C 263.73 175.57 253.94 142.24 263.79 112.54   A 0.36 0.35 -78.7 0 0 263.48 112.07   C 248.83 111.07 238.43 121.94 229.61 131.85   A 0.21 0.21 0.0 0 1 229.26 131.62   C 238.27 110.55 256.35 94.83 278.34 87.92   Q 294.77 82.75 312.86 84.97   C 341.65 88.50 363.95 107.27 377.45 132.31   Q 382.84 142.32 390.44 157.89   A 0.84 0.84 0.0 0 0 391.70 158.18   Q 418.58 137.72 451.50 126.57   A 0.57 0.56 63.7 0 0 451.78 125.72   Q 446.80 118.53 443.67 112.84   Q 434.78 96.69 415.74 63.62   C 407.91 50.00 397.45 21.29 416.77 11.84   Q 420.94 9.80 427.45 9.91   Q 434.39 10.03 438.36 11.14   Q 448.62 14.02 457.94 21.13   Q 478.12 36.51 483.19 61.82   C 484.75 69.63 483.82 78.08 482.47 85.75   Q 480.48 97.07 479.04 106.50   Q 478.01 113.23 478.21 119.24   A 0.43 0.43 0.0 0 0 478.73 119.65   Q 521.56 110.84 564.17 119.60   A 0.45 0.45 0.0 0 0 564.71 119.15   Q 564.54 112.96 563.43 107.06   Q 560.48 91.42 559.09 80.49   Q 557.47 67.71 561.05 55.29   Q 568.62 29.06 592.69 15.71   Q 603.10 9.94 615.05 9.87   Q 622.44 9.84 627.12 12.85   C 644.83 24.26 632.53 52.76 624.74 66.27   Q 620.68 73.31 601.75 107.00   Q 596.47 116.41 590.20 125.70   A 0.54 0.54 0.0 0 0 590.46 126.51   Q 622.74 138.31 650.41 158.44   A 0.59 0.58 30.6 0 0 651.28 158.22   C 663.20 134.10 673.35 111.52 696.15 96.92   C 717.60 83.18 744.18 80.58 768.12 89.51   Q 798.12 100.70 812.90 131.87   A 0.23 0.23 0.0 0 1 812.51 132.12   Q 806.92 125.64 800.83 120.45   Q 793.36 114.07 783.79 113.52   Q 781.39 113.38 779.31 113.96   A 0.34 0.34 0.0 0 0 779.09 114.39   C 785.44 133.76 782.68 154.65 773.14 172.52   C 766.05 185.80 753.30 195.91 739.22 202.25   Q 722.57 209.76 703.20 213.99   A 0.58 0.58 0.0 0 0 702.84 214.87   Q 730.03 256.36 736.41 306.02   Q 737.57 315.11 737.97 317.88   A 1.18 1.14 -78.2 0 0 738.47 318.67   Q 776.94 344.26 787.89 387.66   Q 796.81 422.97 787.09 458.63   Q 781.36 479.65 771.65 497.27   A 0.46 0.45 21.1 0 0 771.95 497.93   Q 782.51 500.32 784.86 510.39   C 785.82 514.49 782.84 517.82 778.92 514.70   A 2.26 2.22 4.3 0 1 778.35 514.05   C 777.59 512.79 776.73 509.86 775.52 508.26   Q 773.79 505.97 770.17 504.08   A 0.27 0.27 0.0 0 0 769.80 504.44   C 772.85 510.48 774.18 517.15 771.16 523.23   Q 769.44 526.69 766.35 524.57   C 763.64 522.70 763.63 513.51 763.73 510.22   A 0.24 0.24 0.0 0 0 763.33 510.04   L 756.61 516.73   A 4.49 4.15 -76.4 0 0 756.20 517.20   L 753.22 521.04   A 1.88 1.87 42.1 0 1 750.37 521.18   C 746.53 517.10 752.98 507.11 755.62 503.27   A 0.36 0.35 -72.7 0 0 755.33 502.71   C 751.33 502.69 747.35 503.36 743.58 505.59   Q 740.17 507.60 738.89 507.87   C 733.54 508.99 734.62 503.23 736.25 500.49   C 741.54 491.59 752.45 487.34 762.41 490.27   A 0.28 0.27 -77.3 0 0 762.76 490.04   C 769.16 448.05 765.79 405.25 734.54 373.39   A 0.36 0.36 0.0 0 0 733.93 373.58   C 721.23 439.70 679.52 494.93 619.98 526.46   A 1.47 1.46 -10.5 0 0 619.20 527.59   Q 616.79 547.95 609.13 567.24   Q 607.70 570.84 607.78 575.96   C 607.89 582.74 615.28 588.66 621.00 591.06   Q 624.24 592.42 633.23 593.03   C 644.03 593.77 658.27 595.87 666.93 603.11   C 672.66 607.90 676.58 614.19 680.13 620.62   A 0.31 0.31 0.0 0 1 679.86 621.08   L 591.74 621.08   A 6.71 6.69 -38.4 0 1 590.24 620.91   Q 578.24 618.17 573.99 607.18   Q 572.62 603.62 572.52 595.69   Q 572.24 572.24 568.87 546.41   A 0.66 0.66 0.0 0 0 568.09 545.85   Q 533.82 552.40 499.24 549.74   Q 486.54 548.77 473.78 545.87   A 0.55 0.55 0.0 0 0 473.12 546.33   Q 469.45 573.39 469.36 601.00   C 469.35 602.88 468.41 606.57 467.45 608.46   Q 461.05 620.99 447.49 621.07   Q 447.13 621.07 362.30 621.08   A 0.49 0.49 0.0 0 1 361.87 620.36   C 365.86 612.68 371.83 603.81 379.75 599.96   C 391.02 594.49 401.46 593.49 414.48 592.51   Q 424.53 591.75 431.08 583.79   C 434.20 580.00 435.03 574.63 433.70 570.29   Q 432.17 565.30 429.06 555.51   Q 424.79 542.05 422.67 527.35   A 1.30 1.29 -81.2 0 0 421.97 526.38   C 362.39 496.11 320.66 439.42 308.15 373.84   A 0.48 0.47 -27.4 0 0 307.35 373.59   C 287.73 392.59 277.91 417.00 276.19 444.24   Q 274.95 463.87 279.09 489.66   A 0.48 0.48 0.0 0 0 279.70 490.04   Q 287.56 487.66 295.19 491.13   Q 302.69 494.55 306.38 501.86   Q 307.67 504.42 306.76 506.47   C 305.20 509.99 299.79 506.52 297.37 505.19   Q 292.67 502.63 286.79 502.80   A 0.34 0.34 0.0 0 0 286.51 503.32   Z   M 458.6534 192.3403   A 50.59 48.65 -90.2 0 0 410.1803 243.0998   A 50.59 48.65 -90.2 0 0 459.0066 293.5197   A 50.59 48.65 -90.2 0 0 507.4797 242.7602   A 50.59 48.65 -90.2 0 0 458.6534 192.3403   Z   M 582.3338 192.3749   A 50.58 48.65 -90.8 0 0 534.3947 243.6293   A 50.58 48.65 -90.8 0 0 583.7462 293.5251   A 50.58 48.65 -90.8 0 0 631.6853 242.2707   A 50.58 48.65 -90.8 0 0 582.3338 192.3749   Z   M 634.44 322.53   Q 619.75 337.99 599.79 347.56   Q 574.39 359.75 545.47 363.29   C 509.63 367.68 474.31 364.27 441.79 351.02   Q 417.25 341.02 398.57 322.17   A 0.16 0.16 0.0 0 0 398.31 322.36   C 407.31 339.02 421.35 350.47 438.20 360.19   A 0.57 0.57 0.0 0 1 438.38 361.01   Q 432.81 369.01 429.32 377.12   Q 426.80 382.96 430.07 388.11   C 434.59 395.22 440.76 398.36 448.86 400.37   Q 456.37 402.23 463.73 399.52   C 470.87 396.89 473.07 383.14 475.05 374.30   A 0.62 0.61 12.6 0 1 475.79 373.84   Q 494.75 378.37 513.63 378.48   A 0.58 0.57 4.3 0 1 514.20 379.14   C 513.32 384.68 510.26 396.89 514.74 401.03   C 528.64 413.86 560.17 415.60 571.99 398.75   C 574.40 395.32 573.01 391.21 571.41 387.59   Q 568.24 380.44 563.31 373.36   A 0.31 0.31 0.0 0 1 563.47 372.88   L 579.75 367.40   A 0.53 0.53 0.0 0 1 580.40 367.68   Q 584.50 376.92 589.53 384.67   Q 595.02 393.14 605.09 391.37   C 615.37 389.57 624.74 382.60 628.88 372.92   Q 630.80 368.42 629.10 365.08   C 625.83 358.64 619.67 352.78 613.39 348.40   A 0.68 0.68 0.0 0 1 613.36 347.30   Q 626.27 337.27 634.78 322.78   A 0.21 0.21 0.0 0 0 634.44 322.53   Z"/>


<path fill="#333333" d="   M 480.13 240.49   C 483.30 247.34 481.76 255.19 476.65 260.69   C 466.22 271.94 448.81 266.67 443.88 253.02   C 441.38 246.11 443.50 238.68 448.50 234.03   Q 457.33 225.83 469.72 230.25   A 0.36 0.35 -54.6 0 1 469.82 230.86   C 464.53 235.17 465.95 244.59 473.97 243.74   Q 477.46 243.37 479.63 240.43   A 0.30 0.29 51.1 0 1 480.13 240.49   Z   M 460.3039 248.0450   A 4.82 4.61 -47.7 0 0 453.6503 248.5074   A 4.82 4.61 -47.7 0 0 453.8161 255.1750   A 4.82 4.61 -47.7 0 0 460.4697 254.7126   A 4.82 4.61 -47.7 0 0 460.3039 248.0450   Z"/>
<path fill="#333333" d="   M 586.27 230.95   C 585.80 231.64 585.01 232.07 584.38 233.16   C 579.29 241.95 590.53 247.68 596.35 240.51   A 0.33 0.33 0.0 0 1 596.92 240.61   Q 601.49 253.97 590.97 262.69   C 584.63 267.95 575.16 268.01 568.00 263.30   C 556.47 255.70 556.40 239.88 567.56 232.06   Q 575.46 226.52 586.00 230.13   A 0.55 0.54 -63.4 0 1 586.27 230.95   Z   M 579.23 251.49   A 4.79 4.79 0.0 0 0 574.44 246.70   A 4.79 4.79 0.0 0 0 569.65 251.49   A 4.79 4.79 0.0 0 0 574.44 256.28   A 4.79 4.79 0.0 0 0 579.23 251.49   Z"/>



<path fill="#333333" d="   M 101.60 760.72   Q 101.75 760.72 101.84 760.56   Q 132.53 707.24 163.72 653.09   Q 167.75 646.09 170.15 644.71   C 180.55 638.75 192.10 645.85 192.11 657.75   Q 192.13 734.31 192.14 799.60   A 0.66 0.66 0.0 0 1 191.48 800.26   L 164.19 800.26   A 0.40 0.40 0.0 0 1 163.79 799.86   L 163.79 708.53   A 0.22 0.22 0.0 0 0 163.38 708.42   Q 132.54 762.51 113.88 795.16   C 111.31 799.65 106.85 802.43 101.61 802.43   C 96.37 802.43 91.90 799.65 89.34 795.16   Q 70.66 762.52 39.81 708.44   A 0.22 0.22 0.0 0 0 39.40 708.55   L 39.43 799.88   A 0.40 0.40 0.0 0 1 39.03 800.28   L 11.74 800.29   A 0.66 0.66 0.0 0 1 11.08 799.63   Q 11.07 734.34 11.06 657.78   C 11.07 645.88 22.61 638.78 33.02 644.73   Q 35.42 646.11 39.45 653.11   Q 70.66 707.25 101.36 760.56   Q 101.45 760.72 101.60 760.72   Z"/>
<path fill="#333333" d="   M 715.75 711.69   L 715.75 799.86   A 0.42 0.42 0.0 0 1 715.33 800.28   L 687.66 800.28   A 0.42 0.42 0.0 0 1 687.24 799.86   L 687.24 711.67   A 0.42 0.42 0.0 0 0 686.82 711.25   L 650.95 711.25   A 0.42 0.42 0.0 0 1 650.53 710.83   L 650.53 683.42   A 0.42 0.42 0.0 0 1 650.95 683.00   L 686.82 683.00   A 0.42 0.42 0.0 0 0 687.24 682.58   L 687.24 645.17   A 0.42 0.42 0.0 0 1 687.66 644.75   L 715.34 644.75   A 0.42 0.42 0.0 0 1 715.76 645.17   L 715.76 682.58   A 0.42 0.42 0.0 0 0 716.18 683.00   L 764.59 683.00   A 0.42 0.42 0.0 0 1 765.01 683.42   L 765.01 710.85   A 0.42 0.42 0.0 0 1 764.59 711.27   L 716.17 711.27   A 0.42 0.42 0.0 0 0 715.75 711.69   Z"/>
<path fill="#333333" d="   M 348.4645 762.0233   A 38.31 38.31 0.0 0 1 310.0877 800.2664   L 256.8678 800.1735   A 38.31 38.31 0.0 0 1 218.6247 761.7967   L 218.6955 721.2167   A 38.31 38.31 0.0 0 1 257.0723 682.9736   L 310.2922 683.0665   A 38.31 38.31 0.0 0 1 348.5353 721.4433   L 348.4645 762.0233   Z   M 320.39 721.37   A 10.10 10.10 0.0 0 0 310.29 711.27   L 256.95 711.27   A 10.10 10.10 0.0 0 0 246.85 721.37   L 246.85 761.87   A 10.10 10.10 0.0 0 0 256.95 771.97   L 310.29 771.97   A 10.10 10.10 0.0 0 0 320.39 761.87   L 320.39 721.37   Z"/>
<path fill="#333333" d="   M 474.67 800.26   A 0.40 0.40 0.0 0 1 474.27 799.86   Q 474.31 762.13 474.27 736.76   C 474.26 732.43 473.73 728.10 471.83 724.23   Q 465.56 711.49 450.24 711.35   Q 427.38 711.14 401.06 711.31   A 0.28 0.27 88.9 0 0 400.80 711.59   L 400.80 799.83   A 0.45 0.45 0.0 0 1 400.35 800.28   L 372.97 800.28   A 0.42 0.42 0.0 0 1 372.55 799.86   Q 372.57 706.35 372.54 704.72   Q 372.28 693.37 373.93 690.56   C 378.18 683.34 383.58 682.86 392.57 683.00   Q 393.61 683.01 448.50 682.99   C 474.34 682.98 496.38 697.70 501.43 723.79   Q 502.46 729.12 502.49 737.25   Q 502.56 751.02 502.50 799.69   A 0.58 0.57 -0.0 0 1 501.92 800.26   L 474.67 800.26   Z"/>
<path fill="#333333" d="   M 524.59 772.34   A 0.35 0.34 0.0 0 1 524.94 772.00   Q 582.43 772.01 600.24 771.98   C 606.31 771.97 611.46 769.49 612.20 763.22   C 613.05 756.02 610.19 749.58 601.95 749.36   Q 595.26 749.18 557.73 749.27   Q 546.21 749.30 538.24 744.16   C 526.96 736.87 522.06 724.83 523.51 711.61   C 524.94 698.60 534.08 688.60 546.52 684.65   Q 552.19 682.84 566.67 682.94   Q 587.58 683.09 625.92 682.96   A 0.69 0.69 0.0 0 1 626.61 683.65   L 626.61 710.60   A 0.64 0.64 0.0 0 1 625.97 711.24   Q 607.33 711.29 560.01 711.24   C 557.58 711.24 552.35 711.10 551.69 714.14   Q 550.76 718.39 553.16 720.52   A 1.90 1.87 -20.4 0 0 554.19 720.98   Q 556.89 721.29 558.00 721.26   Q 563.41 721.12 602.96 721.34   Q 612.62 721.39 621.42 726.17   C 635.01 733.55 641.93 751.03 640.23 765.79   C 637.70 787.80 620.96 800.14 599.74 800.23   Q 577.28 800.33 525.25 800.27   A 0.66 0.66 0.0 0 1 524.59 799.61   L 524.59 772.34   Z"/>
<path fill="#333333" d="   M 819.51 734.52   A 0.56 0.56 0.0 0 1 820.07 733.96   Q 849.84 734.13 870.17 733.88   C 886.34 733.67 886.57 709.94 870.73 709.83   Q 856.99 709.73 824.42 709.71   Q 816.00 709.71 813.25 711.24   Q 807.52 714.42 807.53 722.75   Q 807.54 735.71 807.52 760.51   C 807.51 769.09 812.43 773.68 820.51 773.27   Q 821.48 773.22 869.94 773.25   A 0.47 0.46 0.0 0 1 870.41 773.71   L 870.41 799.69   A 0.51 0.51 0.0 0 1 869.91 800.20   Q 834.39 800.43 818.54 800.13   C 797.06 799.73 780.61 783.36 780.70 761.75   Q 780.74 751.77 780.63 729.22   Q 780.57 717.24 782.16 711.44   C 785.90 697.83 795.65 687.70 809.19 684.10   Q 813.72 682.90 831.43 682.95   Q 870.64 683.05 871.24 683.07   C 890.63 683.69 906.66 696.65 908.88 716.20   C 910.31 728.72 906.32 742.00 897.03 750.50   Q 888.98 757.86 879.34 759.97   Q 875.43 760.83 859.13 760.78   Q 838.50 760.71 819.90 760.74   A 0.39 0.39 0.0 0 1 819.51 760.35   L 819.51 734.52   Z"/>
<path fill="#333333" d="   M 1030.87 710.78   A 0.49 0.48 -0.0 0 1 1030.38 711.26   Q 1024.12 711.27 971.34 711.24   C 962.31 711.23 955.71 712.46 955.73 722.49   Q 955.80 771.54 955.73 799.87   A 0.41 0.41 0.0 0 1 955.32 800.27   L 928.08 800.27   A 0.46 0.46 0.0 0 1 927.62 799.81   Q 927.52 747.30 927.65 722.31   Q 927.78 698.47 948.09 687.60   Q 952.06 685.48 960.84 683.68   Q 964.90 682.85 974.21 682.99   Q 976.58 683.02 1030.25 682.99   A 0.62 0.62 0.0 0 1 1030.87 683.61   L 1030.87 710.78   Z"/>

<path fill="#333333" d="   M 453.48 844.81   C 469.80 844.77 477.23 859.04 477.26 873.49   C 477.29 887.95 469.92 902.25 453.60 902.28   C 437.28 902.31 429.85 888.05 429.82 873.59   C 429.79 859.13 437.16 844.84 453.48 844.81   Z   M 437.16 873.53   C 437.15 883.55 441.27 896.10 453.51 896.11   C 465.75 896.12 469.89 883.58 469.90 873.56   C 469.91 863.55 465.79 850.99 453.55 850.98   C 441.31 850.97 437.17 863.52 437.16 873.53   Z"/>
<path fill="#333333" d="   M 552.30 871.52   Q 549.29 882.10 543.00 890.83   A 0.53 0.53 0.0 0 0 543.13 891.58   Q 547.89 894.82 552.39 896.33   A 0.82 0.81 -72.2 0 1 552.91 897.35   L 551.54 901.65   A 0.78 0.78 0.0 0 1 550.54 902.15   Q 544.29 900.03 538.91 896.27   A 0.70 0.69 -47.2 0 0 538.05 896.31   Q 529.50 903.57 519.25 902.04   C 506.45 900.14 500.92 886.22 509.92 876.41   Q 511.82 874.35 515.94 871.30   A 0.75 0.74 60.2 0 0 516.18 870.40   Q 512.86 862.56 512.88 858.67   Q 512.96 847.55 522.91 845.11   C 531.31 843.05 537.37 849.11 536.44 857.44   C 535.77 863.41 529.46 868.74 524.42 871.83   A 0.48 0.48 0.0 0 0 524.27 872.51   Q 529.99 881.07 537.82 887.44   A 0.48 0.48 0.0 0 0 538.51 887.34   Q 543.63 880.01 545.86 871.56   A 0.42 0.40 7.2 0 1 546.26 871.26   L 552.10 871.26   A 0.21 0.21 0.0 0 1 552.30 871.52   Z   M 521.35 867.36   Q 521.38 867.37 521.46 867.33   C 525.41 865.28 530.63 861.15 530.93 856.33   C 531.10 853.69 529.86 850.95 527.13 850.04   C 524.41 849.13 521.77 850.57 520.31 852.79   C 517.66 856.82 519.35 863.26 521.28 867.27   Q 521.31 867.35 521.35 867.36   Z   M 533.27 891.79   Q 525.28 884.67 519.69 876.44   A 0.63 0.63 0.0 0 0 518.77 876.30   C 514.04 880.05 510.35 885.27 513.61 891.38   C 517.65 898.95 527.17 897.57 533.24 892.78   A 0.65 0.64 -43.4 0 0 533.27 891.79   Z"/>
<path fill="#333333" d="   M 827.34 873.56   C 827.32 859.10 834.71 844.81 851.03 844.79   C 867.35 844.77 874.77 859.04 874.79 873.51   C 874.81 887.97 867.42 902.26 851.10 902.28   C 834.78 902.30 827.36 888.03 827.34 873.56   Z   M 867.42 873.55   C 867.43 863.53 863.31 850.98 851.06 850.97   C 838.82 850.96 834.68 863.51 834.67 873.53   C 834.66 883.54 838.79 896.10 851.03 896.11   C 863.27 896.12 867.41 883.57 867.42 873.55   Z"/>
<path fill="#333333" d="   M 189.95 845.74   Q 191.84 845.75 193.65 845.82   A 0.41 0.41 0.0 0 1 194.03 846.11   L 212.53 901.10   A 0.15 0.15 0.0 0 1 212.39 901.29   L 205.45 901.29   A 0.33 0.33 0.0 0 1 205.13 901.05   L 200.27 885.20   A 0.97 0.96 -4.7 0 0 199.47 884.52   Q 199.36 884.51 189.89 884.49   Q 180.42 884.48 180.32 884.49   A 0.97 0.96 4.8 0 0 179.51 885.17   L 174.60 901.01   A 0.33 0.33 0.0 0 1 174.28 901.25   L 167.34 901.23   A 0.15 0.15 0.0 0 1 167.20 901.03   L 185.86 846.10   A 0.41 0.41 0.0 0 1 186.24 845.81   Q 188.05 845.74 189.95 845.74   Z   M 189.80 878.75   Q 197.35 878.75 197.75 878.71   A 0.30 0.30 0.0 0 0 198.01 878.32   L 190.06 851.96   A 0.08 0.07 -86.5 0 0 190.02 851.92   Q 189.81 851.82 189.79 851.82   Q 189.76 851.82 189.55 851.92   A 0.08 0.07 86.5 0 0 189.51 851.96   L 181.59 878.33   A 0.30 0.30 0.0 0 0 181.85 878.72   Q 182.25 878.75 189.80 878.75   Z"/>
<path fill="#333333" d="   M 260.26 896.18   C 269.39 896.16 273.06 888.84 273.14 880.72   Q 273.27 868.01 273.11 846.15   A 0.43 0.43 0.0 0 1 273.54 845.71   L 279.61 845.71   A 0.41 0.41 0.0 0 1 280.02 846.12   Q 280.11 864.52 280.06 879.99   C 280.02 892.77 274.01 902.26 260.28 902.29   C 246.55 902.32 240.49 892.86 240.39 880.08   Q 240.27 864.61 240.27 846.21   A 0.41 0.41 0.0 0 1 240.68 845.80   L 246.75 845.77   A 0.43 0.43 0.0 0 1 247.18 846.21   Q 247.12 868.07 247.31 880.78   C 247.44 888.90 251.13 896.20 260.26 896.18   Z"/>
<path fill="#333333" d="   M 316.28 846.24   A 0.55 0.55 0.0 0 1 316.83 845.70   L 332.00 845.72   A 24.56 24.46 -89.9 0 1 356.42 870.33   L 356.40 876.79   A 24.56 24.46 -89.9 0 1 331.90 901.30   L 316.73 901.28   A 0.55 0.55 0.0 0 1 316.18 900.72   L 316.28 846.24   Z   M 323.25 852.04   L 323.25 895.00   A 0.55 0.55 0.0 0 0 323.80 895.55   L 330.79 895.55   A 18.68 18.18 -90.0 0 0 348.97 876.87   L 348.97 870.17   A 18.68 18.18 90.0 0 0 330.79 851.49   L 323.80 851.49   A 0.55 0.55 0.0 0 0 323.25 852.04   Z"/>
<rect fill="#333333" x="389.50" y="845.74" width="7.02" height="55.50" rx="0.43"/>
<path fill="#333333" d="   M 597.53 893.90   Q 597.79 893.90 597.84 893.72   Q 604.81 869.84 611.85 845.98   A 0.34 0.34 0.0 0 1 612.18 845.73   L 619.07 845.73   A 0.17 0.17 0.0 0 1 619.23 845.96   L 601.88 900.59   A 0.94 0.93 -86.6 0 1 601.19 901.21   Q 600.95 901.26 597.53 901.26   Q 594.12 901.26 593.88 901.22   A 0.94 0.93 86.5 0 1 593.19 900.60   L 575.72 846.01   A 0.17 0.17 0.0 0 1 575.88 845.78   L 582.77 845.76   A 0.34 0.34 0.0 0 1 583.10 846.01   Q 590.19 869.86 597.21 893.72   Q 597.26 893.90 597.53 893.90   Z"/>
<rect fill="#333333" x="648.00" y="845.72" width="7.00" height="55.54" rx="0.33"/>
<path fill="#333333" d="   M 691.55 846.18   A 0.45 0.45 0.0 0 1 692.00 845.73   L 707.22 845.75   A 24.35 24.29 -89.9 0 1 731.47 870.14   L 731.45 876.98   A 24.35 24.29 -89.9 0 1 707.12 901.29   L 691.90 901.27   A 0.45 0.45 0.0 0 1 691.45 900.82   L 691.55 846.18   Z   M 698.51 852.01   L 698.51 895.03   A 0.53 0.53 0.0 0 0 699.04 895.56   L 706.09 895.56   A 18.81 18.08 -90.0 0 0 724.17 876.75   L 724.17 870.29   A 18.81 18.08 90.0 0 0 706.09 851.48   L 699.04 851.48   A 0.53 0.53 0.0 0 0 698.51 852.01   Z"/>
<path fill="#333333" d="   M 772.19 869.25   L 792.31 869.25   A 0.44 0.44 0.0 0 1 792.75 869.69   L 792.75 874.82   A 0.44 0.44 0.0 0 1 792.31 875.26   L 772.20 875.26   A 0.44 0.44 0.0 0 0 771.76 875.70   L 771.76 894.80   A 0.44 0.44 0.0 0 0 772.20 895.24   L 797.07 895.24   A 0.44 0.44 0.0 0 1 797.51 895.68   L 797.51 900.82   A 0.44 0.44 0.0 0 1 797.07 901.26   L 765.18 901.26   A 0.44 0.44 0.0 0 1 764.74 900.82   L 764.74 846.19   A 0.44 0.44 0.0 0 1 765.18 845.75   L 796.33 845.75   A 0.44 0.44 0.0 0 1 796.77 846.19   L 796.77 851.31   A 0.44 0.44 0.0 0 1 796.33 851.75   L 772.19 851.75   A 0.44 0.44 0.0 0 0 771.75 852.19   L 771.75 868.81   A 0.44 0.44 0.0 0 0 772.19 869.25   Z"/>








                        </g>
                    </svg>