<svg xmlns="http://www.w3.org/2000/svg" 
                      viewBox="0 0 1119.6599999999999 1119.26" 
                      width="1119.6599999999999" 
                      height="1119.26"
                      preserveAspectRatio="none"
                      data-content-extracted="true"
                      data-overflow="horizontal:4,vertical:4"
                      data-original-bounds="-90.8,-90.8,1024.86,1024.46">
                        <g transform="translate(92.8, 92.8)">
                          
<g stroke-width="2.00" fill="none" stroke-linecap="butt">
<path vector-effect="non-scaling-stroke" d="   M 806.72 129.75   C 789.75 91.38 746.80 73.42 707.44 86.62   Q 688.35 93.03 674.91 107.53   C 661.74 121.75 655.06 136.56 645.27 156.23   A 0.58 0.58 0.0 0 1 644.41 156.44   Q 616.74 136.30 584.44 124.50   A 0.53 0.52 -62.8 0 1 584.19 123.71   Q 590.47 114.38 596.29 104.04   Q 608.14 83.01 619.79 62.30   C 627.64 48.34 639.26 19.00 618.46 9.47   Q 615.46 8.10 610.81 7.99   Q 604.62 7.86 602.95 8.14   C 580.43 12.00 562.42 29.94 555.62 51.32   C 552.20 62.06 551.86 73.41 553.86 84.47   Q 557.18 102.80 558.98 116.55   A 0.91 0.91 0.0 0 1 557.89 117.56   Q 515.71 108.86 472.44 117.69   A 0.33 0.32 -5.1 0 1 472.05 117.37   C 472.24 101.98 477.48 85.35 478.03 68.25   Q 478.14 64.79 477.26 60.25   Q 471.99 33.08 449.61 17.45   Q 440.75 11.26 431.36 8.88   Q 427.62 7.94 420.63 7.92   Q 414.30 7.90 410.23 10.10   C 389.83 21.14 403.95 52.09 412.39 66.37   Q 420.56 80.18 424.22 86.78   C 433.95 104.36 439.72 115.15 445.83 123.72   A 0.56 0.55 62.7 0 1 445.56 124.57   Q 412.96 135.50 385.49 156.31   A 0.57 0.57 0.0 0 1 384.63 156.11   Q 376.24 139.50 373.21 133.55   C 359.54 106.73 336.55 86.12 305.66 82.82   C 270.45 79.07 238.11 96.99 223.19 129.56   A 0.25 0.25 0.0 0 0 223.60 129.84   C 232.84 120.00 242.61 108.91 257.49 110.08   A 0.36 0.36 0.0 0 1 257.80 110.56   Q 248.94 137.22 260.34 162.91   C 272.27 189.77 299.17 201.59 326.22 208.30   Q 333.13 210.02 333.72 210.23   A 0.40 0.39 28.2 0 1 333.91 210.84   Q 333.05 211.96 327.06 222.53   Q 302.87 265.17 299.16 313.77   A 1.44 1.42 -14.4 0 1 298.49 314.88   C 262.76 337.21 243.25 377.11 243.80 418.82   C 244.16 445.43 251.59 470.23 264.26 494.40   A 0.46 0.45 68.5 0 1 263.98 495.05   C 257.19 496.94 250.21 503.19 251.16 510.99   A 1.38 1.35 -75.7 0 0 251.71 511.94   C 254.76 514.22 257.50 512.06 258.51 509.04   Q 260.37 503.50 265.51 501.31   A 0.39 0.39 0.0 0 1 266.02 501.84   C 263.03 507.77 261.64 517.46 266.38 522.83   A 1.94 1.87 55.9 0 0 268.64 523.31   C 272.33 521.47 272.31 512.79 272.17 508.62   A 0.31 0.31 0.0 0 1 272.70 508.39   Q 277.46 513.32 278.74 514.37   C 280.26 515.62 281.56 517.92 282.80 519.19   Q 283.72 520.13 284.11 520.17   A 2.30 2.28 -83.2 0 0 286.59 518.20   C 287.41 512.43 283.83 506.31 280.44 501.37   A 0.40 0.39 -17.9 0 1 280.76 500.75   Q 288.29 500.65 294.88 505.16   Q 295.29 505.44 297.90 505.95   C 300.86 506.53 301.62 503.11 300.85 501.11   Q 298.02 493.78 290.36 489.72   Q 282.31 485.46 273.69 488.02   A 0.44 0.44 0.0 0 1 273.13 487.68   C 265.85 445.55 269.10 402.93 301.35 371.57   A 0.48 0.48 0.0 0 1 302.15 371.83   C 314.64 437.58 356.42 493.99 416.05 524.43   A 1.16 1.16 0.0 0 1 416.67 525.29   Q 419.71 545.59 426.99 565.50   Q 428.35 569.22 428.19 573.95   C 427.95 580.86 421.43 586.59 415.27 589.03   Q 411.83 590.39 403.04 591.00   C 390.65 591.87 374.54 594.32 365.68 604.12   Q 359.51 610.96 355.85 618.50   A 0.40 0.40 0.0 0 0 356.21 619.07   Q 401.09 619.07 437.88 619.09   Q 445.08 619.09 448.04 618.22   C 454.83 616.24 460.07 610.86 462.36 604.17   Q 463.38 601.16 463.46 593.72   Q 463.70 569.55 467.13 544.31   A 0.53 0.53 0.0 0 1 467.77 543.87   Q 480.62 546.75 492.75 547.70   Q 523.39 550.12 552.74 545.45   Q 554.48 545.17 562.52 543.86   A 0.25 0.24 -7.8 0 1 562.81 544.07   Q 566.24 569.70 566.55 594.36   Q 566.63 600.57 567.48 603.55   C 569.47 610.51 574.52 615.74 581.14 618.11   Q 584.26 619.22 592.48 619.12   Q 598.19 619.06 673.74 619.08   A 0.38 0.38 0.0 0 0 674.07 618.52   C 669.21 609.70 663.65 601.27 654.39 597.12   C 645.71 593.22 637.22 591.74 627.22 591.04   Q 618.35 590.42 615.00 589.04   C 607.12 585.80 599.92 578.59 602.10 569.16   Q 602.93 565.54 603.33 564.55   Q 610.72 546.15 613.10 526.17   A 2.74 2.74 0.0 0 1 614.56 524.06   C 673.58 493.30 715.51 436.83 727.97 371.52   A 0.32 0.31 -62.4 0 1 728.50 371.35   Q 749.63 392.85 756.11 422.59   C 760.81 444.13 760.22 466.48 756.74 488.06   A 0.25 0.25 0.0 0 1 756.42 488.26   C 746.22 485.24 735.23 489.78 729.97 498.93   Q 729.02 500.59 728.89 502.58   C 728.42 509.76 737.91 503.45 739.54 502.57   Q 742.68 500.87 749.32 500.73   A 0.37 0.37 0.0 0 1 749.63 501.32   C 747.18 504.76 740.03 515.92 744.67 519.42   A 1.76 1.76 0.0 0 0 747.14 519.08   Q 751.06 513.86 757.16 508.27   A 0.30 0.29 65.8 0 1 757.65 508.46   C 758.05 512.84 757.64 517.06 759.28 521.23   C 759.91 522.81 762.32 524.28 763.97 522.71   C 768.86 518.06 766.77 507.79 763.78 502.50   A 0.26 0.26 0.0 0 1 764.12 502.13   C 768.90 504.25 770.61 507.62 772.40 512.01   A 1.69 1.67 10.1 0 0 772.86 512.66   C 776.67 515.88 779.85 512.55 778.86 508.37   Q 776.47 498.30 765.94 495.93   A 0.45 0.44 -69.3 0 1 765.65 495.28   C 785.40 459.10 792.61 416.85 779.28 377.02   Q 766.33 338.31 732.42 316.83   A 1.50 1.49 14.0 0 1 731.73 315.69   Q 727.24 259.71 696.81 212.77   A 0.42 0.42 0.0 0 1 697.06 212.14   C 710.25 208.95 723.97 204.94 736.96 198.45   Q 768.08 182.90 774.99 148.75   Q 778.82 129.83 773.15 112.64   A 0.59 0.59 0.0 0 1 773.56 111.89   Q 775.92 111.26 779.85 111.72   C 790.98 113.05 799.19 121.66 806.36 129.98   A 0.22 0.22 0.0 0 0 806.72 129.75"/>
<path vector-effect="non-scaling-stroke" d="   M 95.61 800.42   C 101.43 800.42 105.53 797.30 108.27 792.51   Q 156.90 707.27 157.40 706.40   A 0.21 0.21 0.0 0 1 157.79 706.51   L 157.79 797.80   A 0.46 0.46 0.0 0 0 158.25 798.26   L 185.66 798.26   A 0.49 0.49 0.0 0 0 186.15 797.77   Q 186.09 672.73 186.14 662.87   Q 186.19 652.97 185.48 650.71   C 182.97 642.78 174.61 638.65 166.74 641.50   Q 162.34 643.09 159.51 648.00   Q 124.31 709.06 95.84 758.56   Q 95.74 758.73 95.60 758.73   Q 95.45 758.73 95.36 758.56   Q 66.87 709.07 31.65 648.02   Q 28.82 643.11 24.42 641.52   C 16.55 638.68 8.19 642.81 5.68 650.74   Q 4.98 653.00 5.03 662.90   Q 5.08 672.76 5.06 797.80   A 0.49 0.49 0.0 0 0 5.55 798.29   L 32.96 798.28   A 0.46 0.46 0.0 0 0 33.42 797.82   L 33.39 706.53   A 0.21 0.21 0.0 0 1 33.78 706.42   Q 34.28 707.29 82.94 792.51   C 85.68 797.30 89.78 800.42 95.61 800.42"/>
<path vector-effect="non-scaling-stroke" d="   M 758.59 709.25   A 0.42 0.42 0.0 0 0 759.01 708.83   L 759.01 681.42   A 0.42 0.42 0.0 0 0 758.59 681.00   L 710.17 681.00   A 0.42 0.42 0.0 0 1 709.75 680.58   L 709.75 643.17   A 0.42 0.42 0.0 0 0 709.33 642.75   L 681.65 642.75   A 0.42 0.42 0.0 0 0 681.23 643.17   L 681.23 680.58   A 0.42 0.42 0.0 0 1 680.81 681.00   L 644.95 681.00   A 0.42 0.42 0.0 0 0 644.53 681.42   L 644.53 708.83   A 0.42 0.42 0.0 0 0 644.95 709.25   L 680.82 709.25   A 0.42 0.42 0.0 0 1 681.24 709.67   L 681.24 797.86   A 0.42 0.42 0.0 0 0 681.66 798.28   L 709.33 798.28   A 0.42 0.42 0.0 0 0 709.75 797.86   L 709.75 709.67   A 0.42 0.42 0.0 0 1 710.17 709.25   L 758.59 709.25"/>
<path vector-effect="non-scaling-stroke" d="   M 342.5353 719.4533   A 38.31 38.31 0.0 0 0 304.2922 681.0765   L 251.0723 680.9836   A 38.31 38.31 0.0 0 0 212.6955 719.2267   L 212.6247 759.8067   A 38.31 38.31 0.0 0 0 250.8678 798.1835   L 304.0877 798.2764   A 38.31 38.31 0.0 0 0 342.4645 760.0333   L 342.5353 719.4533"/>
<path vector-effect="non-scaling-stroke" d="   M 468.61 798.26   L 495.91 798.26   A 0.56 0.56 0.0 0 0 496.47 797.70   Q 496.62 743.60 496.41 732.01   C 496.13 716.86 490.63 702.59 478.94 693.31   Q 463.42 680.98 442.99 681.00   Q 391.77 681.02 384.63 680.97   C 376.68 680.92 371.54 682.08 367.95 688.66   Q 366.53 691.25 366.54 699.86   Q 366.61 777.93 366.55 797.60   A 0.67 0.67 0.0 0 0 367.22 798.27   L 394.17 798.27   A 0.62 0.62 0.0 0 0 394.79 797.65   L 394.79 709.81   A 0.53 0.52 0.0 0 1 395.32 709.29   Q 433.45 709.14 444.92 709.37   C 459.64 709.67 468.22 720.12 468.26 734.25   Q 468.29 748.34 468.27 797.92   A 0.34 0.34 0.0 0 0 468.61 798.26"/>
<path vector-effect="non-scaling-stroke" d="   M 620.61 708.60   L 620.61 681.60   A 0.62 0.62 0.0 0 0 619.99 680.98   Q 594.90 681.03 561.94 680.98   C 550.70 680.96 542.14 680.76 533.93 685.47   C 518.93 694.06 513.76 710.57 519.44 726.42   Q 523.54 737.87 535.49 743.93   C 540.43 746.44 545.81 747.24 551.26 747.24   Q 571.94 747.21 595.66 747.31   C 602.62 747.34 606.22 752.01 606.38 758.56   C 606.53 765.29 602.51 769.86 595.66 769.91   Q 574.68 770.08 519.29 769.97   A 0.69 0.69 0.0 0 0 518.60 770.66   L 518.60 797.77   A 0.46 0.46 0.0 0 0 519.05 798.23   Q 554.28 798.41 594.99 798.19   C 609.41 798.12 623.75 790.82 630.16 777.94   C 636.69 764.84 635.73 749.08 628.04 736.55   C 620.25 723.86 608.18 719.25 593.75 719.24   Q 575.23 719.23 551.75 719.23   Q 551.36 719.23 547.98 718.90   A 1.64 1.64 0.0 0 1 546.90 718.35   Q 544.76 715.91 545.69 712.07   A 2.97 2.97 0.0 0 1 547.96 709.86   C 549.70 709.48 551.49 709.22 553.03 709.23   Q 590.73 709.32 619.99 709.23   A 0.63 0.62 90.0 0 0 620.61 708.60"/>
<path vector-effect="non-scaling-stroke" d="   M 813.52 732.39   L 813.52 758.35   A 0.39 0.38 -90.0 0 0 813.90 758.74   Q 840.02 758.79 865.00 758.71   C 885.61 758.64 900.59 743.93 902.86 723.79   Q 904.56 708.71 896.71 697.45   C 889.51 687.12 877.72 681.38 865.44 681.12   Q 856.96 680.93 813.96 681.00   Q 799.23 681.02 789.26 689.04   C 780.36 696.20 775.14 707.51 774.81 718.54   Q 774.65 723.71 774.65 749.12   Q 774.65 764.94 775.56 768.79   C 779.89 787.19 795.53 798.02 814.27 798.22   Q 827.80 798.37 863.87 798.20   A 0.54 0.54 0.0 0 0 864.41 797.66   L 864.41 771.61   A 0.36 0.36 0.0 0 0 864.05 771.25   Q 835.32 771.23 814.47 771.26   Q 809.64 771.26 807.82 770.25   C 801.94 766.98 801.49 762.94 801.50 755.50   Q 801.53 722.19 801.57 719.79   Q 801.68 712.65 807.13 709.32   Q 809.86 707.65 819.22 707.70   Q 840.22 707.82 864.00 707.75   C 874.37 707.72 879.86 718.03 874.38 726.75   C 870.91 732.26 865.09 732.02 858.28 732.01   Q 842.68 731.99 813.91 732.00   A 0.39 0.39 0.0 0 0 813.52 732.39"/>
<path vector-effect="non-scaling-stroke" d="   M 1024.86 708.86   L 1024.86 681.57   A 0.56 0.55 -89.5 0 0 1024.32 681.01   Q 1021.35 680.99 964.27 681.00   C 939.91 681.00 921.65 695.00 921.60 721.01   Q 921.57 736.61 921.60 797.64   A 0.63 0.62 0.0 0 0 922.23 798.26   L 949.32 798.26   A 0.46 0.45 0.0 0 0 949.78 797.81   Q 949.71 758.54 949.79 719.52   C 949.80 712.02 955.36 709.32 962.00 709.27   Q 967.94 709.23 1024.46 709.26   A 0.40 0.40 0.0 0 0 1024.86 708.86"/>
<path vector-effect="non-scaling-stroke" d="   M 423.82 871.60   C 423.85 886.14 431.33 900.32 447.60 900.28   C 463.87 900.24 471.29 886.03 471.25 871.49   C 471.22 856.95 463.74 842.77 447.47 842.81   C 431.21 842.84 423.79 857.06 423.82 871.60"/>
<path vector-effect="non-scaling-stroke" d="   M 540.21 869.26   A 0.34 0.34 0.0 0 0 539.88 869.51   Q 537.62 877.99 532.54 885.34   A 0.50 0.49 -53.0 0 1 531.82 885.45   Q 524.08 879.14 518.40 870.74   A 0.62 0.61 54.0 0 1 518.53 869.92   C 523.60 865.91 530.30 861.66 530.54 854.38   C 531.02 839.48 511.49 839.33 507.58 851.41   C 505.93 856.51 507.71 863.84 510.22 868.35   A 0.65 0.65 0.0 0 1 510.04 869.19   C 504.06 873.77 498.84 878.31 499.65 886.45   C 500.67 896.68 509.64 901.20 519.25 900.14   Q 526.33 899.36 532.07 894.24   A 0.61 0.60 40.7 0 1 532.82 894.19   Q 538.35 898.10 544.60 900.16   A 0.74 0.73 -71.9 0 0 545.53 899.68   L 546.93 895.27   A 0.75 0.74 18.4 0 0 546.46 894.34   Q 541.85 892.80 537.04 889.52   A 0.42 0.42 0.0 0 1 536.94 888.92   Q 543.28 880.14 546.31 869.50   A 0.19 0.19 0.0 0 0 546.13 869.26   L 540.21 869.26"/>
<path vector-effect="non-scaling-stroke" d="   M 821.34 871.56   C 821.36 886.11 828.83 900.30 845.10 900.28   C 861.37 900.26 868.80 886.05 868.79 871.50   C 868.77 856.96 861.30 842.77 845.03 842.79   C 828.76 842.81 821.33 857.02 821.34 871.56"/>
<path vector-effect="non-scaling-stroke" d="   M 183.89 882.48   Q 193.62 882.50 193.68 882.50   A 0.56 0.55 83.7 0 1 194.17 882.90   L 199.13 899.01   A 0.39 0.38 82.0 0 0 199.50 899.29   L 206.37 899.29   A 0.16 0.16 0.0 0 0 206.52 899.08   L 188.13 844.41   A 0.86 0.84 -7.3 0 0 187.37 843.83   Q 185.67 843.73 183.94 843.73   Q 182.21 843.72 180.51 843.83   A 0.86 0.84 7.4 0 0 179.76 844.40   L 161.21 899.02   A 0.16 0.16 0.0 0 0 161.36 899.23   L 168.23 899.25   A 0.39 0.38 -81.8 0 0 168.60 898.97   L 173.61 882.87   A 0.56 0.55 -83.5 0 1 174.10 882.48   Q 174.16 882.47 183.89 882.48"/>
<path vector-effect="non-scaling-stroke" d="   M 254.27 900.28   C 268.17 900.25 274.04 890.64 274.07 877.74   Q 274.10 862.73 274.02 844.12   A 0.42 0.41 -90.0 0 0 273.61 843.70   L 267.54 843.70   A 0.43 0.43 0.0 0 0 267.11 844.14   Q 267.31 867.93 267.10 879.22   C 266.96 887.23 263.11 894.17 254.26 894.19   C 245.41 894.20 241.53 887.29 241.35 879.28   Q 241.10 867.99 241.19 844.20   A 0.43 0.43 0.0 0 0 240.76 843.76   L 234.69 843.79   A 0.42 0.41 89.7 0 0 234.28 844.21   Q 234.28 862.82 234.38 877.83   C 234.47 890.72 240.38 900.31 254.27 900.28"/>
<path vector-effect="non-scaling-stroke" d="   M 310.28 844.25   L 310.18 898.71   A 0.56 0.56 0.0 0 0 310.74 899.28   L 325.89 899.30   A 24.55 24.45 -89.9 0 0 350.38 874.80   L 350.40 868.32   A 24.55 24.45 -89.9 0 0 325.99 843.72   L 310.84 843.70   A 0.56 0.56 0.0 0 0 310.28 844.25"/>
<path vector-effect="non-scaling-stroke" d="   M 390.51 844.14   A 0.42 0.42 0.0 0 0 390.09 843.72   L 383.91 843.72   A 0.42 0.42 0.0 0 0 383.49 844.14   L 383.49 898.82   A 0.42 0.42 0.0 0 0 383.91 899.24   L 390.09 899.24   A 0.42 0.42 0.0 0 0 390.51 898.82   L 390.51 844.14"/>
<path vector-effect="non-scaling-stroke" d="   M 591.54 899.27   Q 594.93 899.27 595.20 899.22   A 0.88 0.88 0.0 0 0 595.87 898.62   L 613.24 843.95   A 0.18 0.17 8.5 0 0 613.07 843.73   L 606.20 843.73   A 0.36 0.34 -80.7 0 0 605.87 843.98   Q 598.93 867.22 592.17 890.72   Q 591.86 891.78 591.53 891.78   Q 591.19 891.78 590.88 890.72   Q 584.07 867.24 577.08 844.01   A 0.36 0.34 80.6 0 0 576.75 843.76   L 569.88 843.78   A 0.18 0.17 -8.6 0 0 569.71 844.00   L 587.20 898.63   A 0.88 0.88 0.0 0 0 587.88 899.22   Q 588.15 899.27 591.54 899.27"/>
<path vector-effect="non-scaling-stroke" d="   M 648.99 844.04   A 0.32 0.32 0.0 0 0 648.67 843.72   L 642.33 843.72   A 0.32 0.32 0.0 0 0 642.01 844.04   L 642.01 898.94   A 0.32 0.32 0.0 0 0 642.33 899.26   L 648.67 899.26   A 0.32 0.32 0.0 0 0 648.99 898.94   L 648.99 844.04"/>
<path vector-effect="non-scaling-stroke" d="   M 685.50 844.19   L 685.50 898.85   A 0.45 0.45 0.0 0 0 685.95 899.30   L 701.12 899.30   A 24.37 24.34 -90.0 0 0 725.46 874.93   L 725.46 868.11   A 24.37 24.34 -90.0 0 0 701.12 843.74   L 685.95 843.74   A 0.45 0.45 0.0 0 0 685.50 844.19"/>
<path vector-effect="non-scaling-stroke" d="   M 766.20 893.25   A 0.44 0.44 0.0 0 1 765.76 892.81   L 765.76 873.70   A 0.44 0.44 0.0 0 1 766.20 873.26   L 786.31 873.26   A 0.44 0.44 0.0 0 0 786.75 872.82   L 786.75 867.69   A 0.44 0.44 0.0 0 0 786.31 867.25   L 766.20 867.25   A 0.44 0.44 0.0 0 1 765.76 866.81   L 765.76 850.20   A 0.44 0.44 0.0 0 1 766.20 849.76   L 790.34 849.76   A 0.44 0.44 0.0 0 0 790.78 849.32   L 790.78 844.19   A 0.44 0.44 0.0 0 0 790.34 843.75   L 759.19 843.75   A 0.44 0.44 0.0 0 0 758.75 844.19   L 758.75 898.82   A 0.44 0.44 0.0 0 0 759.19 899.26   L 791.06 899.26   A 0.44 0.44 0.0 0 0 791.50 898.82   L 791.50 893.69   A 0.44 0.44 0.0 0 0 791.06 893.25   L 766.20 893.25"/>
<path vector-effect="non-scaling-stroke" d="   M 452.5651 190.3407   A 50.59 48.65 -90.3 0 0 404.1807 241.1847   A 50.59 48.65 -90.3 0 0 453.0949 291.5193   A 50.59 48.65 -90.3 0 0 501.4793 240.6753   A 50.59 48.65 -90.3 0 0 452.5651 190.3407"/>
<path vector-effect="non-scaling-stroke" d="   M 576.3339 190.3849   A 50.57 48.66 -90.8 0 0 528.3847 241.6294   A 50.57 48.66 -90.8 0 0 577.7461 291.5151   A 50.57 48.66 -90.8 0 0 625.6953 240.2706   A 50.57 48.66 -90.8 0 0 576.3339 190.3849"/>
<path vector-effect="non-scaling-stroke" d="   M 628.45 320.50   Q 617.03 332.63 601.98 341.20   Q 585.63 350.51 568.34 355.33   C 527.70 366.66 483.32 365.90 443.16 351.87   Q 414.07 341.70 392.60 320.24   A 0.16 0.16 0.0 0 0 392.34 320.43   C 401.22 336.90 416.13 349.31 432.26 358.16   A 0.58 0.57 -57.9 0 1 432.45 359.00   C 428.86 363.94 420.25 377.15 422.56 382.89   C 426.63 393.00 436.06 397.48 446.62 399.01   C 450.50 399.58 458.50 398.53 461.19 395.19   Q 463.40 392.46 464.84 388.31   Q 467.42 380.87 468.97 372.22   A 0.53 0.51 -78.0 0 1 469.60 371.80   Q 488.89 376.41 507.79 376.46   A 0.50 0.50 0.0 0 1 508.28 377.06   C 507.17 382.84 505.88 389.15 506.50 394.30   Q 506.93 397.81 510.01 400.22   C 520.64 408.55 535.36 410.55 548.22 407.78   C 555.04 406.32 564.17 401.75 566.89 395.06   C 569.24 389.30 560.64 376.22 557.36 371.39   A 0.35 0.35 0.0 0 1 557.54 370.86   L 573.69 365.42   A 0.66 0.65 -20.3 0 1 574.51 365.79   Q 577.79 373.87 583.88 383.08   Q 588.02 389.34 594.21 389.61   C 605.00 390.08 616.18 383.12 621.50 373.80   C 623.44 370.40 624.89 365.86 623.00 362.71   Q 617.14 352.91 607.36 346.45   A 0.68 0.67 42.6 0 1 607.31 345.35   Q 620.36 335.17 628.79 320.75   A 0.21 0.21 0.0 0 0 628.45 320.50"/>
<path vector-effect="non-scaling-stroke" d="   M 474.23 238.61   A 0.40 0.39 52.1 0 0 473.55 238.52   Q 471.44 241.31 468.23 241.72   C 460.27 242.74 458.29 233.45 463.64 229.03   A 0.56 0.55 -56.1 0 0 463.46 228.07   Q 448.87 223.56 440.47 234.42   C 428.45 249.94 447.58 270.94 464.50 263.12   C 473.89 258.79 478.24 248.38 474.23 238.61"/>
<path vector-effect="non-scaling-stroke" d="   M 580.02 228.14   Q 565.61 223.29 556.70 234.85   C 552.77 239.94 552.06 248.11 555.43 254.14   C 563.63 268.78 584.78 268.16 591.05 252.65   Q 593.70 246.08 590.88 238.66   A 0.36 0.35 53.6 0 0 590.27 238.56   C 583.76 246.92 571.49 238.02 580.21 228.94   A 0.49 0.48 -58.8 0 0 580.02 228.14"/>
<path vector-effect="non-scaling-stroke" d="   M 454.3039 246.0450   A 4.82 4.61 -47.7 0 0 447.6503 246.5074   A 4.82 4.61 -47.7 0 0 447.8161 253.1750   A 4.82 4.61 -47.7 0 0 454.4697 252.7126   A 4.82 4.61 -47.7 0 0 454.3039 246.0450"/>
<path vector-effect="non-scaling-stroke" d="   M 573.23 249.49   A 4.79 4.79 0.0 0 0 568.44 244.70   A 4.79 4.79 0.0 0 0 563.65 249.49   A 4.79 4.79 0.0 0 0 568.44 254.28   A 4.79 4.79 0.0 0 0 573.23 249.49"/>
<path vector-effect="non-scaling-stroke" d="   M 314.39 719.37   A 10.11 10.11 0.0 0 0 304.28 709.26   L 250.96 709.26   A 10.11 10.11 0.0 0 0 240.85 719.37   L 240.85 759.87   A 10.11 10.11 0.0 0 0 250.96 769.98   L 304.28 769.98   A 10.11 10.11 0.0 0 0 314.39 759.87   L 314.39 719.37"/>
<path vector-effect="non-scaling-stroke" d="   M 431.16 871.54   C 431.16 881.55 435.28 894.11 447.51 894.12   C 459.74 894.13 463.89 881.58 463.90 871.56   C 463.90 861.55 459.78 848.99 447.55 848.98   C 435.31 848.97 431.17 861.52 431.16 871.54"/>
<path vector-effect="non-scaling-stroke" d="   M 515.34 865.37   Q 515.42 865.40 515.48 865.37   C 520.58 862.57 526.86 857.41 524.27 850.87   Q 523.46 848.81 521.13 848.03   Q 518.81 847.26 516.92 848.42   C 510.92 852.09 512.84 859.99 515.24 865.28   Q 515.26 865.35 515.34 865.37"/>
<path vector-effect="non-scaling-stroke" d="   M 527.27 889.86   Q 518.71 881.95 513.70 874.43   A 0.62 0.62 0.0 0 0 512.80 874.28   Q 509.66 876.75 507.85 879.63   C 505.17 883.91 506.29 889.52 510.27 892.56   C 515.44 896.50 522.34 894.68 527.24 890.78   A 0.61 0.61 0.0 0 0 527.27 889.86"/>
<path vector-effect="non-scaling-stroke" d="   M 861.42 871.55   C 861.42 861.53 857.30 848.97 845.06 848.96   C 832.83 848.95 828.68 861.51 828.68 871.53   C 828.67 881.55 832.80 894.11 845.03 894.12   C 857.27 894.12 861.41 881.57 861.42 871.55"/>
<path vector-effect="non-scaling-stroke" d="   M 183.80 876.75   Q 191.16 876.75 191.76 876.70   A 0.29 0.29 0.0 0 0 192.02 876.33   L 184.04 849.93   A 0.06 0.03 74.1 0 0 184.02 849.90   Q 183.84 849.81 183.79 849.81   Q 183.73 849.81 183.55 849.90   A 0.06 0.03 -74.2 0 0 183.53 849.93   L 175.58 876.34   A 0.29 0.29 0.0 0 0 175.85 876.71   Q 176.45 876.76 183.80 876.75"/>
<path vector-effect="non-scaling-stroke" d="   M 317.25 850.07   L 317.25 892.97   A 0.55 0.55 0.0 0 0 317.80 893.52   L 325.15 893.52   A 18.95 17.84 90.0 0 0 342.99 874.57   L 342.99 868.47   A 18.95 17.84 -90.0 0 0 325.15 849.52   L 317.80 849.52   A 0.55 0.55 0.0 0 0 317.25 850.07"/>
<path vector-effect="non-scaling-stroke" d="   M 692.50 850.01   L 692.50 893.01   A 0.55 0.55 0.0 0 0 693.05 893.56   L 699.95 893.56   A 18.73 18.21 90.0 0 0 718.16 874.83   L 718.16 868.19   A 18.73 18.21 -90.0 0 0 699.95 849.46   L 693.05 849.46   A 0.55 0.55 0.0 0 0 692.50 850.01"/>
</g>

<path fill="#333333" d="   M 806.72 129.75   A 0.22 0.22 0.0 0 1 806.36 129.98   C 799.19 121.66 790.98 113.05 779.85 111.72   Q 775.92 111.26 773.56 111.89   A 0.59 0.59 0.0 0 0 773.15 112.64   Q 778.82 129.83 774.99 148.75   Q 768.08 182.90 736.96 198.45   C 723.97 204.94 710.25 208.95 697.06 212.14   A 0.42 0.42 0.0 0 0 696.81 212.77   Q 727.24 259.71 731.73 315.69   A 1.50 1.49 14.0 0 0 732.42 316.83   Q 766.33 338.31 779.28 377.02   C 792.61 416.85 785.40 459.10 765.65 495.28   A 0.45 0.44 -69.3 0 0 765.94 495.93   Q 776.47 498.30 778.86 508.37   C 779.85 512.55 776.67 515.88 772.86 512.66   A 1.69 1.67 10.1 0 1 772.40 512.01   C 770.61 507.62 768.90 504.25 764.12 502.13   A 0.26 0.26 0.0 0 0 763.78 502.50   C 766.77 507.79 768.86 518.06 763.97 522.71   C 762.32 524.28 759.91 522.81 759.28 521.23   C 757.64 517.06 758.05 512.84 757.65 508.46   A 0.30 0.29 65.8 0 0 757.16 508.27   Q 751.06 513.86 747.14 519.08   A 1.76 1.76 0.0 0 1 744.67 519.42   C 740.03 515.92 747.18 504.76 749.63 501.32   A 0.37 0.37 0.0 0 0 749.32 500.73   Q 742.68 500.87 739.54 502.57   C 737.91 503.45 728.42 509.76 728.89 502.58   Q 729.02 500.59 729.97 498.93   C 735.23 489.78 746.22 485.24 756.42 488.26   A 0.25 0.25 0.0 0 0 756.74 488.06   C 760.22 466.48 760.81 444.13 756.11 422.59   Q 749.63 392.85 728.50 371.35   A 0.32 0.31 -62.4 0 0 727.97 371.52   C 715.51 436.83 673.58 493.30 614.56 524.06   A 2.74 2.74 0.0 0 0 613.10 526.17   Q 610.72 546.15 603.33 564.55   Q 602.93 565.54 602.10 569.16   C 599.92 578.59 607.12 585.80 615.00 589.04   Q 618.35 590.42 627.22 591.04   C 637.22 591.74 645.71 593.22 654.39 597.12   C 663.65 601.27 669.21 609.70 674.07 618.52   A 0.38 0.38 0.0 0 1 673.74 619.08   Q 598.19 619.06 592.48 619.12   Q 584.26 619.22 581.14 618.11   C 574.52 615.74 569.47 610.51 567.48 603.55   Q 566.63 600.57 566.55 594.36   Q 566.24 569.70 562.81 544.07   A 0.25 0.24 -7.8 0 0 562.52 543.86   Q 554.48 545.17 552.74 545.45   Q 523.39 550.12 492.75 547.70   Q 480.62 546.75 467.77 543.87   A 0.53 0.53 0.0 0 0 467.13 544.31   Q 463.70 569.55 463.46 593.72   Q 463.38 601.16 462.36 604.17   C 460.07 610.86 454.83 616.24 448.04 618.22   Q 445.08 619.09 437.88 619.09   Q 401.09 619.07 356.21 619.07   A 0.40 0.40 0.0 0 1 355.85 618.50   Q 359.51 610.96 365.68 604.12   C 374.54 594.32 390.65 591.87 403.04 591.00   Q 411.83 590.39 415.27 589.03   C 421.43 586.59 427.95 580.86 428.19 573.95   Q 428.35 569.22 426.99 565.50   Q 419.71 545.59 416.67 525.29   A 1.16 1.16 0.0 0 0 416.05 524.43   C 356.42 493.99 314.64 437.58 302.15 371.83   A 0.48 0.48 0.0 0 0 301.35 371.57   C 269.10 402.93 265.85 445.55 273.13 487.68   A 0.44 0.44 0.0 0 0 273.69 488.02   Q 282.31 485.46 290.36 489.72   Q 298.02 493.78 300.85 501.11   C 301.62 503.11 300.86 506.53 297.90 505.95   Q 295.29 505.44 294.88 505.16   Q 288.29 500.65 280.76 500.75   A 0.40 0.39 -17.9 0 0 280.44 501.37   C 283.83 506.31 287.41 512.43 286.59 518.20   A 2.30 2.28 -83.2 0 1 284.11 520.17   Q 283.72 520.13 282.80 519.19   C 281.56 517.92 280.26 515.62 278.74 514.37   Q 277.46 513.32 272.70 508.39   A 0.31 0.31 0.0 0 0 272.17 508.62   C 272.31 512.79 272.33 521.47 268.64 523.31   A 1.94 1.87 55.9 0 1 266.38 522.83   C 261.64 517.46 263.03 507.77 266.02 501.84   A 0.39 0.39 0.0 0 0 265.51 501.31   Q 260.37 503.50 258.51 509.04   C 257.50 512.06 254.76 514.22 251.71 511.94   A 1.38 1.35 -75.7 0 1 251.16 510.99   C 250.21 503.19 257.19 496.94 263.98 495.05   A 0.46 0.45 68.5 0 0 264.26 494.40   C 251.59 470.23 244.16 445.43 243.80 418.82   C 243.25 377.11 262.76 337.21 298.49 314.88   A 1.44 1.42 -14.4 0 0 299.16 313.77   Q 302.87 265.17 327.06 222.53   Q 333.05 211.96 333.91 210.84   A 0.40 0.39 28.2 0 0 333.72 210.23   Q 333.13 210.02 326.22 208.30   C 299.17 201.59 272.27 189.77 260.34 162.91   Q 248.94 137.22 257.80 110.56   A 0.36 0.36 0.0 0 0 257.49 110.08   C 242.61 108.91 232.84 120.00 223.60 129.84   A 0.25 0.25 0.0 0 1 223.19 129.56   C 238.11 96.99 270.45 79.07 305.66 82.82   C 336.55 86.12 359.54 106.73 373.21 133.55   Q 376.24 139.50 384.63 156.11   A 0.57 0.57 0.0 0 0 385.49 156.31   Q 412.96 135.50 445.56 124.57   A 0.56 0.55 62.7 0 0 445.83 123.72   C 439.72 115.15 433.95 104.36 424.22 86.78   Q 420.56 80.18 412.39 66.37   C 403.95 52.09 389.83 21.14 410.23 10.10   Q 414.30 7.90 420.63 7.92   Q 427.62 7.94 431.36 8.88   Q 440.75 11.26 449.61 17.45   Q 471.99 33.08 477.26 60.25   Q 478.14 64.79 478.03 68.25   C 477.48 85.35 472.24 101.98 472.05 117.37   A 0.33 0.32 -5.1 0 0 472.44 117.69   Q 515.71 108.86 557.89 117.56   A 0.91 0.91 0.0 0 0 558.98 116.55   Q 557.18 102.80 553.86 84.47   C 551.86 73.41 552.20 62.06 555.62 51.32   C 562.42 29.94 580.43 12.00 602.95 8.14   Q 604.62 7.86 610.81 7.99   Q 615.46 8.10 618.46 9.47   C 639.26 19.00 627.64 48.34 619.79 62.30   Q 608.14 83.01 596.29 104.04   Q 590.47 114.38 584.19 123.71   A 0.53 0.52 -62.8 0 0 584.44 124.50   Q 616.74 136.30 644.41 156.44   A 0.58 0.58 0.0 0 0 645.27 156.23   C 655.06 136.56 661.74 121.75 674.91 107.53   Q 688.35 93.03 707.44 86.62   C 746.80 73.42 789.75 91.38 806.72 129.75   Z   M 452.5651 190.3407   A 50.59 48.65 -90.3 0 0 404.1807 241.1847   A 50.59 48.65 -90.3 0 0 453.0949 291.5193   A 50.59 48.65 -90.3 0 0 501.4793 240.6753   A 50.59 48.65 -90.3 0 0 452.5651 190.3407   Z   M 576.3339 190.3849   A 50.57 48.66 -90.8 0 0 528.3847 241.6294   A 50.57 48.66 -90.8 0 0 577.7461 291.5151   A 50.57 48.66 -90.8 0 0 625.6953 240.2706   A 50.57 48.66 -90.8 0 0 576.3339 190.3849   Z   M 628.45 320.50   Q 617.03 332.63 601.98 341.20   Q 585.63 350.51 568.34 355.33   C 527.70 366.66 483.32 365.90 443.16 351.87   Q 414.07 341.70 392.60 320.24   A 0.16 0.16 0.0 0 0 392.34 320.43   C 401.22 336.90 416.13 349.31 432.26 358.16   A 0.58 0.57 -57.9 0 1 432.45 359.00   C 428.86 363.94 420.25 377.15 422.56 382.89   C 426.63 393.00 436.06 397.48 446.62 399.01   C 450.50 399.58 458.50 398.53 461.19 395.19   Q 463.40 392.46 464.84 388.31   Q 467.42 380.87 468.97 372.22   A 0.53 0.51 -78.0 0 1 469.60 371.80   Q 488.89 376.41 507.79 376.46   A 0.50 0.50 0.0 0 1 508.28 377.06   C 507.17 382.84 505.88 389.15 506.50 394.30   Q 506.93 397.81 510.01 400.22   C 520.64 408.55 535.36 410.55 548.22 407.78   C 555.04 406.32 564.17 401.75 566.89 395.06   C 569.24 389.30 560.64 376.22 557.36 371.39   A 0.35 0.35 0.0 0 1 557.54 370.86   L 573.69 365.42   A 0.66 0.65 -20.3 0 1 574.51 365.79   Q 577.79 373.87 583.88 383.08   Q 588.02 389.34 594.21 389.61   C 605.00 390.08 616.18 383.12 621.50 373.80   C 623.44 370.40 624.89 365.86 623.00 362.71   Q 617.14 352.91 607.36 346.45   A 0.68 0.67 42.6 0 1 607.31 345.35   Q 620.36 335.17 628.79 320.75   A 0.21 0.21 0.0 0 0 628.45 320.50   Z"/>


<path fill="#333333" d="   M 474.23 238.61   C 478.24 248.38 473.89 258.79 464.50 263.12   C 447.58 270.94 428.45 249.94 440.47 234.42   Q 448.87 223.56 463.46 228.07   A 0.56 0.55 -56.1 0 1 463.64 229.03   C 458.29 233.45 460.27 242.74 468.23 241.72   Q 471.44 241.31 473.55 238.52   A 0.40 0.39 52.1 0 1 474.23 238.61   Z   M 454.3039 246.0450   A 4.82 4.61 -47.7 0 0 447.6503 246.5074   A 4.82 4.61 -47.7 0 0 447.8161 253.1750   A 4.82 4.61 -47.7 0 0 454.4697 252.7126   A 4.82 4.61 -47.7 0 0 454.3039 246.0450   Z"/>
<path fill="#333333" d="   M 580.02 228.14   A 0.49 0.48 -58.8 0 1 580.21 228.94   C 571.49 238.02 583.76 246.92 590.27 238.56   A 0.36 0.35 53.6 0 1 590.88 238.66   Q 593.70 246.08 591.05 252.65   C 584.78 268.16 563.63 268.78 555.43 254.14   C 552.06 248.11 552.77 239.94 556.70 234.85   Q 565.61 223.29 580.02 228.14   Z   M 573.23 249.49   A 4.79 4.79 0.0 0 0 568.44 244.70   A 4.79 4.79 0.0 0 0 563.65 249.49   A 4.79 4.79 0.0 0 0 568.44 254.28   A 4.79 4.79 0.0 0 0 573.23 249.49   Z"/>



<path fill="#333333" d="   M 95.60 758.73   Q 95.74 758.73 95.84 758.56   Q 124.31 709.06 159.51 648.00   Q 162.34 643.09 166.74 641.50   C 174.61 638.65 182.97 642.78 185.48 650.71   Q 186.19 652.97 186.14 662.87   Q 186.09 672.73 186.15 797.77   A 0.49 0.49 0.0 0 1 185.66 798.26   L 158.25 798.26   A 0.46 0.46 0.0 0 1 157.79 797.80   L 157.79 706.51   A 0.21 0.21 0.0 0 0 157.40 706.40   Q 156.90 707.27 108.27 792.51   C 105.53 797.30 101.43 800.42 95.61 800.42   C 89.78 800.42 85.68 797.30 82.94 792.51   Q 34.28 707.29 33.78 706.42   A 0.21 0.21 0.0 0 0 33.39 706.53   L 33.42 797.82   A 0.46 0.46 0.0 0 1 32.96 798.28   L 5.55 798.29   A 0.49 0.49 0.0 0 1 5.06 797.80   Q 5.08 672.76 5.03 662.90   Q 4.98 653.00 5.68 650.74   C 8.19 642.81 16.55 638.68 24.42 641.52   Q 28.82 643.11 31.65 648.02   Q 66.87 709.07 95.36 758.56   Q 95.45 758.73 95.60 758.73   Z"/>
<path fill="#333333" d="   M 758.59 709.25   L 710.17 709.25   A 0.42 0.42 0.0 0 0 709.75 709.67   L 709.75 797.86   A 0.42 0.42 0.0 0 1 709.33 798.28   L 681.66 798.28   A 0.42 0.42 0.0 0 1 681.24 797.86   L 681.24 709.67   A 0.42 0.42 0.0 0 0 680.82 709.25   L 644.95 709.25   A 0.42 0.42 0.0 0 1 644.53 708.83   L 644.53 681.42   A 0.42 0.42 0.0 0 1 644.95 681.00   L 680.81 681.00   A 0.42 0.42 0.0 0 0 681.23 680.58   L 681.23 643.17   A 0.42 0.42 0.0 0 1 681.65 642.75   L 709.33 642.75   A 0.42 0.42 0.0 0 1 709.75 643.17   L 709.75 680.58   A 0.42 0.42 0.0 0 0 710.17 681.00   L 758.59 681.00   A 0.42 0.42 0.0 0 1 759.01 681.42   L 759.01 708.83   A 0.42 0.42 0.0 0 1 758.59 709.25   Z"/>
<path fill="#333333" d="   M 342.4645 760.0333   A 38.31 38.31 0.0 0 1 304.0877 798.2764   L 250.8678 798.1835   A 38.31 38.31 0.0 0 1 212.6247 759.8067   L 212.6955 719.2267   A 38.31 38.31 0.0 0 1 251.0723 680.9836   L 304.2922 681.0765   A 38.31 38.31 0.0 0 1 342.5353 719.4533   L 342.4645 760.0333   Z   M 314.39 719.37   A 10.11 10.11 0.0 0 0 304.28 709.26   L 250.96 709.26   A 10.11 10.11 0.0 0 0 240.85 719.37   L 240.85 759.87   A 10.11 10.11 0.0 0 0 250.96 769.98   L 304.28 769.98   A 10.11 10.11 0.0 0 0 314.39 759.87   L 314.39 719.37   Z"/>
<path fill="#333333" d="   M 468.61 798.26   A 0.34 0.34 0.0 0 1 468.27 797.92   Q 468.29 748.34 468.26 734.25   C 468.22 720.12 459.64 709.67 444.92 709.37   Q 433.45 709.14 395.32 709.29   A 0.53 0.52 0.0 0 0 394.79 709.81   L 394.79 797.65   A 0.62 0.62 0.0 0 1 394.17 798.27   L 367.22 798.27   A 0.67 0.67 0.0 0 1 366.55 797.60   Q 366.61 777.93 366.54 699.86   Q 366.53 691.25 367.95 688.66   C 371.54 682.08 376.68 680.92 384.63 680.97   Q 391.77 681.02 442.99 681.00   Q 463.42 680.98 478.94 693.31   C 490.63 702.59 496.13 716.86 496.41 732.01   Q 496.62 743.60 496.47 797.70   A 0.56 0.56 0.0 0 1 495.91 798.26   L 468.61 798.26   Z"/>
<path fill="#333333" d="   M 619.99 709.23   Q 590.73 709.32 553.03 709.23   C 551.49 709.22 549.70 709.48 547.96 709.86   A 2.97 2.97 0.0 0 0 545.69 712.07   Q 544.76 715.91 546.90 718.35   A 1.64 1.64 0.0 0 0 547.98 718.90   Q 551.36 719.23 551.75 719.23   Q 575.23 719.23 593.75 719.24   C 608.18 719.25 620.25 723.86 628.04 736.55   C 635.73 749.08 636.69 764.84 630.16 777.94   C 623.75 790.82 609.41 798.12 594.99 798.19   Q 554.28 798.41 519.05 798.23   A 0.46 0.46 0.0 0 1 518.60 797.77   L 518.60 770.66   A 0.69 0.69 0.0 0 1 519.29 769.97   Q 574.68 770.08 595.66 769.91   C 602.51 769.86 606.53 765.29 606.38 758.56   C 606.22 752.01 602.62 747.34 595.66 747.31   Q 571.94 747.21 551.26 747.24   C 545.81 747.24 540.43 746.44 535.49 743.93   Q 523.54 737.87 519.44 726.42   C 513.76 710.57 518.93 694.06 533.93 685.47   C 542.14 680.76 550.70 680.96 561.94 680.98   Q 594.90 681.03 619.99 680.98   A 0.62 0.62 0.0 0 1 620.61 681.60   L 620.61 708.60   A 0.63 0.62 90.0 0 1 619.99 709.23   Z"/>
<path fill="#333333" d="   M 813.52 732.39   A 0.39 0.39 0.0 0 1 813.91 732.00   Q 842.68 731.99 858.28 732.01   C 865.09 732.02 870.91 732.26 874.38 726.75   C 879.86 718.03 874.37 707.72 864.00 707.75   Q 840.22 707.82 819.22 707.70   Q 809.86 707.65 807.13 709.32   Q 801.68 712.65 801.57 719.79   Q 801.53 722.19 801.50 755.50   C 801.49 762.94 801.94 766.98 807.82 770.25   Q 809.64 771.26 814.47 771.26   Q 835.32 771.23 864.05 771.25   A 0.36 0.36 0.0 0 1 864.41 771.61   L 864.41 797.66   A 0.54 0.54 0.0 0 1 863.87 798.20   Q 827.80 798.37 814.27 798.22   C 795.53 798.02 779.89 787.19 775.56 768.79   Q 774.65 764.94 774.65 749.12   Q 774.65 723.71 774.81 718.54   C 775.14 707.51 780.36 696.20 789.26 689.04   Q 799.23 681.02 813.96 681.00   Q 856.96 680.93 865.44 681.12   C 877.72 681.38 889.51 687.12 896.71 697.45   Q 904.56 708.71 902.86 723.79   C 900.59 743.93 885.61 758.64 865.00 758.71   Q 840.02 758.79 813.90 758.74   A 0.39 0.38 90.0 0 1 813.52 758.35   L 813.52 732.39   Z"/>
<path fill="#333333" d="   M 1024.86 708.86   A 0.40 0.40 0.0 0 1 1024.46 709.26   Q 967.94 709.23 962.00 709.27   C 955.36 709.32 949.80 712.02 949.79 719.52   Q 949.71 758.54 949.78 797.81   A 0.46 0.45 0.0 0 1 949.32 798.26   L 922.23 798.26   A 0.63 0.62 0.0 0 1 921.60 797.64   Q 921.57 736.61 921.60 721.01   C 921.65 695.00 939.91 681.00 964.27 681.00   Q 1021.35 680.99 1024.32 681.01   A 0.56 0.55 -89.5 0 1 1024.86 681.57   L 1024.86 708.86   Z"/>

<path fill="#333333" d="   M 447.47 842.81   C 463.74 842.77 471.22 856.95 471.25 871.49   C 471.29 886.03 463.87 900.24 447.60 900.28   C 431.33 900.32 423.85 886.14 423.82 871.60   C 423.79 857.06 431.21 842.84 447.47 842.81   Z   M 431.16 871.54   C 431.16 881.55 435.28 894.11 447.51 894.12   C 459.74 894.13 463.89 881.58 463.90 871.56   C 463.90 861.55 459.78 848.99 447.55 848.98   C 435.31 848.97 431.17 861.52 431.16 871.54   Z"/>
<path fill="#333333" d="   M 546.31 869.50   Q 543.28 880.14 536.94 888.92   A 0.42 0.42 0.0 0 0 537.04 889.52   Q 541.85 892.80 546.46 894.34   A 0.75 0.74 18.4 0 1 546.93 895.27   L 545.53 899.68   A 0.74 0.73 -71.9 0 1 544.60 900.16   Q 538.35 898.10 532.82 894.19   A 0.61 0.60 40.7 0 0 532.07 894.24   Q 526.33 899.36 519.25 900.14   C 509.64 901.20 500.67 896.68 499.65 886.45   C 498.84 878.31 504.06 873.77 510.04 869.19   A 0.65 0.65 0.0 0 0 510.22 868.35   C 507.71 863.84 505.93 856.51 507.58 851.41   C 511.49 839.33 531.02 839.48 530.54 854.38   C 530.30 861.66 523.60 865.91 518.53 869.92   A 0.62 0.61 54.0 0 0 518.40 870.74   Q 524.08 879.14 531.82 885.45   A 0.50 0.49 -53.0 0 0 532.54 885.34   Q 537.62 877.99 539.88 869.51   A 0.34 0.34 0.0 0 1 540.21 869.26   L 546.13 869.26   A 0.19 0.19 0.0 0 1 546.31 869.50   Z   M 515.34 865.37   Q 515.42 865.40 515.48 865.37   C 520.58 862.57 526.86 857.41 524.27 850.87   Q 523.46 848.81 521.13 848.03   Q 518.81 847.26 516.92 848.42   C 510.92 852.09 512.84 859.99 515.24 865.28   Q 515.26 865.35 515.34 865.37   Z   M 527.27 889.86   Q 518.71 881.95 513.70 874.43   A 0.62 0.62 0.0 0 0 512.80 874.28   Q 509.66 876.75 507.85 879.63   C 505.17 883.91 506.29 889.52 510.27 892.56   C 515.44 896.50 522.34 894.68 527.24 890.78   A 0.61 0.61 0.0 0 0 527.27 889.86   Z"/>
<path fill="#333333" d="   M 821.34 871.56   C 821.33 857.02 828.76 842.81 845.03 842.79   C 861.30 842.77 868.77 856.96 868.79 871.50   C 868.80 886.05 861.37 900.26 845.10 900.28   C 828.83 900.30 821.36 886.11 821.34 871.56   Z   M 861.42 871.55   C 861.42 861.53 857.30 848.97 845.06 848.96   C 832.83 848.95 828.68 861.51 828.68 871.53   C 828.67 881.55 832.80 894.11 845.03 894.12   C 857.27 894.12 861.41 881.57 861.42 871.55   Z"/>
<path fill="#333333" d="   M 183.94 843.73   Q 185.67 843.73 187.37 843.83   A 0.86 0.84 -7.3 0 1 188.13 844.41   L 206.52 899.08   A 0.16 0.16 0.0 0 1 206.37 899.29   L 199.50 899.29   A 0.39 0.38 82.0 0 1 199.13 899.01   L 194.17 882.90   A 0.56 0.55 83.7 0 0 193.68 882.50   Q 193.62 882.50 183.89 882.48   Q 174.16 882.47 174.10 882.48   A 0.56 0.55 -83.5 0 0 173.61 882.87   L 168.60 898.97   A 0.39 0.38 -81.8 0 1 168.23 899.25   L 161.36 899.23   A 0.16 0.16 0.0 0 1 161.21 899.02   L 179.76 844.40   A 0.86 0.84 7.4 0 1 180.51 843.83   Q 182.21 843.72 183.94 843.73   Z   M 183.80 876.75   Q 191.16 876.75 191.76 876.70   A 0.29 0.29 0.0 0 0 192.02 876.33   L 184.04 849.93   A 0.06 0.03 74.1 0 0 184.02 849.90   Q 183.84 849.81 183.79 849.81   Q 183.73 849.81 183.55 849.90   A 0.06 0.03 -74.2 0 0 183.53 849.93   L 175.58 876.34   A 0.29 0.29 0.0 0 0 175.85 876.71   Q 176.45 876.76 183.80 876.75   Z"/>
<path fill="#333333" d="   M 254.26 894.19   C 263.11 894.17 266.96 887.23 267.10 879.22   Q 267.31 867.93 267.11 844.14   A 0.43 0.43 0.0 0 1 267.54 843.70   L 273.61 843.70   A 0.42 0.41 -90.0 0 1 274.02 844.12   Q 274.10 862.73 274.07 877.74   C 274.04 890.64 268.17 900.25 254.27 900.28   C 240.38 900.31 234.47 890.72 234.38 877.83   Q 234.28 862.82 234.28 844.21   A 0.42 0.41 89.7 0 1 234.69 843.79   L 240.76 843.76   A 0.43 0.43 0.0 0 1 241.19 844.20   Q 241.10 867.99 241.35 879.28   C 241.53 887.29 245.41 894.20 254.26 894.19   Z"/>
<path fill="#333333" d="   M 310.28 844.25   A 0.56 0.56 0.0 0 1 310.84 843.70   L 325.99 843.72   A 24.55 24.45 -89.9 0 1 350.40 868.32   L 350.38 874.80   A 24.55 24.45 -89.9 0 1 325.89 899.30   L 310.74 899.28   A 0.56 0.56 0.0 0 1 310.18 898.71   L 310.28 844.25   Z   M 317.25 850.07   L 317.25 892.97   A 0.55 0.55 0.0 0 0 317.80 893.52   L 325.15 893.52   A 18.95 17.84 90.0 0 0 342.99 874.57   L 342.99 868.47   A 18.95 17.84 -90.0 0 0 325.15 849.52   L 317.80 849.52   A 0.55 0.55 0.0 0 0 317.25 850.07   Z"/>
<rect fill="#333333" x="383.49" y="843.72" width="7.02" height="55.52" rx="0.42"/>
<path fill="#333333" d="   M 591.53 891.78   Q 591.86 891.78 592.17 890.72   Q 598.93 867.22 605.87 843.98   A 0.36 0.34 -80.7 0 1 606.20 843.73   L 613.07 843.73   A 0.18 0.17 8.5 0 1 613.24 843.95   L 595.87 898.62   A 0.88 0.88 0.0 0 1 595.20 899.22   Q 594.93 899.27 591.54 899.27   Q 588.15 899.27 587.88 899.22   A 0.88 0.88 0.0 0 1 587.20 898.63   L 569.71 844.00   A 0.18 0.17 -8.6 0 1 569.88 843.78   L 576.75 843.76   A 0.36 0.34 80.6 0 1 577.08 844.01   Q 584.07 867.24 590.88 890.72   Q 591.19 891.78 591.53 891.78   Z"/>
<rect fill="#333333" x="642.01" y="843.72" width="6.98" height="55.54" rx="0.32"/>
<path fill="#333333" d="   M 685.50 844.19   A 0.45 0.45 0.0 0 1 685.95 843.74   L 701.12 843.74   A 24.37 24.34 90.0 0 1 725.46 868.11   L 725.46 874.93   A 24.37 24.34 90.0 0 1 701.12 899.30   L 685.95 899.30   A 0.45 0.45 0.0 0 1 685.50 898.85   L 685.50 844.19   Z   M 692.50 850.01   L 692.50 893.01   A 0.55 0.55 0.0 0 0 693.05 893.56   L 699.95 893.56   A 18.73 18.21 90.0 0 0 718.16 874.83   L 718.16 868.19   A 18.73 18.21 -90.0 0 0 699.95 849.46   L 693.05 849.46   A 0.55 0.55 0.0 0 0 692.50 850.01   Z"/>
<path fill="#333333" d="   M 766.20 893.25   L 791.06 893.25   A 0.44 0.44 0.0 0 1 791.50 893.69   L 791.50 898.82   A 0.44 0.44 0.0 0 1 791.06 899.26   L 759.19 899.26   A 0.44 0.44 0.0 0 1 758.75 898.82   L 758.75 844.19   A 0.44 0.44 0.0 0 1 759.19 843.75   L 790.34 843.75   A 0.44 0.44 0.0 0 1 790.78 844.19   L 790.78 849.32   A 0.44 0.44 0.0 0 1 790.34 849.76   L 766.20 849.76   A 0.44 0.44 0.0 0 0 765.76 850.20   L 765.76 866.81   A 0.44 0.44 0.0 0 0 766.20 867.25   L 786.31 867.25   A 0.44 0.44 0.0 0 1 786.75 867.69   L 786.75 872.82   A 0.44 0.44 0.0 0 1 786.31 873.26   L 766.20 873.26   A 0.44 0.44 0.0 0 0 765.76 873.70   L 765.76 892.81   A 0.44 0.44 0.0 0 0 766.20 893.25   Z"/>








                        </g>
                    </svg>