
<!-- AI_VECTORIZED_FILE: Clean vectorized result, no background removal needed -->
<svg xmlns="http://www.w3.org/2000/svg" version="1.1" viewBox="0.00 0.00 500.00 500.00" data-ai-vectorized="true">
<circle fill="#990000" cx="248.98" cy="91.66" r="77.26"/>
<path fill="#006699" d="
  M 248.74 422.78
  C 251.40 422.78 253.76 422.41 256.85 422.40
  C 260.84 422.39 263.28 421.92 267.38 421.59
  Q 271.71 421.23 272.08 421.18
  Q 338.04 410.71 380.40 360.63
  C 419.78 314.06 431.29 248.94 410.45 191.77
  Q 395.43 150.57 362.42 121.07
  A 0.50 0.50 0.0 0 1 362.40 120.34
  L 401.82 80.92
  A 0.45 0.44 -44.6 0 1 402.45 80.92
  C 408.85 87.40 416.55 94.68 422.78 102.04
  Q 451.39 135.83 465.28 176.40
  C 495.36 264.24 468.89 361.54 398.81 422.25
  Q 341.07 472.28 264.61 478.13
  Q 260.68 478.43 259.01 478.49
  Q 253.68 478.69 248.75 478.69
  Q 243.83 478.69 238.50 478.50
  Q 236.83 478.44 232.90 478.14
  Q 156.43 472.33 98.67 422.33
  C 28.55 361.66 2.03 264.38 32.06 176.52
  Q 45.93 135.94 74.52 102.14
  C 80.74 94.77 88.44 87.49 94.84 81.01
  A 0.45 0.44 44.5 0 1 95.47 81.01
  L 134.91 120.40
  A 0.50 0.50 0.0 0 1 134.89 121.13
  Q 101.90 150.65 86.90 191.86
  C 66.09 249.04 77.64 314.16 117.04 360.70
  Q 159.43 410.76 225.40 421.19
  Q 225.77 421.24 230.10 421.60
  C 234.20 421.93 236.64 422.40 240.63 422.41
  C 243.72 422.42 246.08 422.78 248.74 422.78
  Z"
/>
<path fill="#339966" d="
  M 228.94 390.07
  Q 183.18 382.78 150.95 351.49
  C 91.24 293.53 94.55 197.57 157.29 143.43
  A 0.72 0.72 0.0 0 1 158.26 143.46
  L 229.19 214.39
  A 1.14 1.13 -67.1 0 1 229.51 215.18
  L 229.51 389.58
  A 0.50 0.49 -85.1 0 1 228.94 390.07
  Z"
/>
<path fill="#339966" d="
  M 269.06 389.77
  A 0.49 0.48 85.0 0 1 268.49 389.28
  L 268.16 215.35
  A 1.13 1.13 0.0 0 1 268.48 214.56
  L 339.09 143.69
  A 0.72 0.71 43.0 0 1 340.05 143.66
  C 402.73 197.54 406.21 293.23 346.76 351.15
  Q 314.68 382.41 269.06 389.77
  Z"
/>
</svg>
