<svg xmlns="http://www.w3.org/2000/svg" data-crop-extracted="true" version="1.1" viewBox="0.00 0.00 540.00 525.00" data-ai-vectorized="true" style="background: transparent !important; background-color: transparent !important;">
    <path vector-effect="non-scaling-stroke" d="   M 397.63 0.00   Q 402.34 26.10 399.37 52.34   A 0.03 0.02 44.0 0 1 399.32 52.34   C 399.19 51.84 399.26 51.06 399.13 50.64   C 399.09 52.42 399.14 53.73 399.02 54.74   C 397.32 69.61 390.90 84.28 383.28 96.79   Q 372.92 113.79 371.62 116.17   Q 356.79 143.36 357.61 174.54   C 358.33 201.80 375.77 220.74 399.93 231.08   A 0.59 0.59 0.0 0 0 400.71 230.30   Q 400.03 228.74 400.22 227.07" fill="transparent" fill-opacity="0"/>
    <path vector-effect="non-scaling-stroke" d="   M 400.22 227.07   L 400.52 226.51" fill="transparent" fill-opacity="0"/>
    <path vector-effect="non-scaling-stroke" d="   M 400.52 226.51   C 430.68 300.31 412.17 384.56 353.87 438.88   C 291.83 496.68 198.89 506.92 126.13 463.33   C 59.00 423.12 22.54 346.61 35.00 269.02   C 45.28 205.01 87.56 150.27 146.99 124.14   Q 201.53 100.16 262.62 111.88   Q 263.63 112.07 268.26 113.26   C 273.46 114.59 277.77 116.11 281.93 115.70   C 296.91 114.21 301.91 95.11 289.93 86.19   C 286.78 83.84 281.80 82.82 277.93 81.87   C 189.35 60.10 96.08 93.66 42.49 167.75   Q 3.60 221.52 0.00 288.88" fill="transparent" fill-opacity="0"/>
    <path vector-effect="non-scaling-stroke" d="   M 156.95 239.31   C 156.86 273.82 188.20 292.96 219.83 283.64   C 228.16 281.19 236.24 275.35 242.34 268.93   A 0.50 0.49 -46.2 0 0 242.33 268.23   L 231.45 257.35   A 0.86 0.86 0.0 0 0 230.22 257.36   C 223.22 264.57 214.34 269.59 204.02 269.44   C 186.72 269.18 173.97 256.85 174.01 239.36   C 174.05 221.87 186.87 209.59 204.17 209.43   C 214.49 209.32 223.34 214.39 230.31 221.63   A 0.86 0.86 0.0 0 0 231.54 221.65   L 242.47 210.82   A 0.50 0.49 46.5 0 0 242.49 210.12   C 236.42 203.67 228.37 197.79 220.05 195.30   C 188.46 185.83 157.04 204.80 156.95 239.31" fill="transparent" fill-opacity="0"/>
    <path vector-effect="non-scaling-stroke" d="   M 313.8165 193.0344   A 46.57 46.34 -95.5 0 0 272.1533 243.8315   A 46.57 46.34 -95.5 0 0 322.7435 285.7456   A 46.57 46.34 -95.5 0 0 364.4067 234.9485   A 46.57 46.34 -95.5 0 0 313.8165 193.0344" fill="transparent" fill-opacity="0"/>
    <path vector-effect="non-scaling-stroke" d="   M 126.49 267.47   A 0.67 0.67 0.0 0 0 125.82 266.80   L 95.71 266.80   A 0.67 0.67 0.0 0 1 95.04 266.13   L 95.04 244.47   A 0.67 0.67 0.0 0 1 95.71 243.80   L 125.80 243.80   A 0.67 0.67 0.0 0 0 126.47 243.13   L 126.47 228.21   A 0.67 0.67 0.0 0 0 125.80 227.54   L 95.72 227.54   A 0.67 0.67 0.0 0 1 95.05 226.87   L 95.05 212.46   A 0.67 0.67 0.0 0 1 95.72 211.79   L 125.83 211.79   A 0.67 0.67 0.0 0 0 126.50 211.12   L 126.50 195.62   A 0.67 0.67 0.0 0 0 125.83 194.95   L 78.66 194.95   A 0.67 0.67 0.0 0 0 77.99 195.62   L 77.99 283.11   A 0.67 0.67 0.0 0 0 78.66 283.78   L 125.82 283.78   A 0.67 0.67 0.0 0 0 126.49 283.11   L 126.49 267.47" fill="transparent" fill-opacity="0"/>
    <path vector-effect="non-scaling-stroke" d="   M 193.22 468.19   Q 202.84 469.80 205.75 469.83   Q 208.82 469.87 213.41 470.31" fill="transparent" fill-opacity="0"/>
    <path vector-effect="non-scaling-stroke" d="   M 213.41 470.31   L 231.52 470.08" fill="transparent" fill-opacity="0"/>
    <path vector-effect="non-scaling-stroke" d="   M 231.52 470.08   L 236.77 469.99" fill="transparent" fill-opacity="0"/>
    <path vector-effect="non-scaling-stroke" d="   M 236.77 469.99   Q 275.17 466.33 307.80 447.30   C 360.62 416.51 392.57 360.53 392.86 299.44   A 0.47 0.46 0.6 0 0 392.39 298.97   L 50.42 298.97   A 0.31 0.30 -88.0 0 0 50.12 299.26   Q 50.02 301.55 50.12 304.49   C 52.08 361.46 81.30 412.90 129.32 443.67   Q 158.67 462.49 193.22 468.19" fill="transparent" fill-opacity="0"/>
    <path vector-effect="non-scaling-stroke" d="   M 236.77 469.99   Q 248.60 465.52 255.23 455.97   Q 270.21 434.42 269.65 406.97   Q 269.31 390.10 265.66 374.41   A 0.48 0.47 51.2 0 0 264.77 374.31   C 259.28 386.07 251.38 397.42 240.10 404.00   A 1.04 1.04 0.0 0 1 238.66 403.61   Q 227.95 384.24 210.24 371.27   Q 195.26 360.30 178.97 352.44   A 0.37 0.37 0.0 0 1 179.13 351.74   L 194.20 351.74   A 0.57 0.57 0.0 0 0 194.77 351.17   L 194.77 344.40   A 0.66 0.66 0.0 0 0 194.11 343.74   L 182.42 343.74   A 0.69 0.69 0.0 0 1 181.73 343.05   L 181.73 334.06   A 0.58 0.57 90.0 0 1 182.30 333.48   L 194.10 333.48   A 0.68 0.67 0.0 0 0 194.78 332.81   L 194.78 326.53   A 0.76 0.75 0.0 0 0 194.02 325.78   L 182.62 325.78   A 0.89 0.89 0.0 0 1 181.73 324.89   L 181.73 319.58   A 0.84 0.84 0.0 0 1 182.57 318.74   L 194.04 318.74   A 0.69 0.69 0.0 0 0 194.73 318.05   L 194.73 311.56   A 0.76 0.76 0.0 0 0 193.97 310.80   L 175.19 310.80   A 0.68 0.68 0.0 0 0 174.51 311.48   L 174.51 350.60   A 1.36 1.30 32.4 0 0 174.66 351.21   Q 181.68 364.66 184.67 379.38   Q 186.84 390.11 184.39 401.63   C 182.77 409.27 179.86 418.93 179.40 427.11   Q 178.62 440.90 183.50 454.00   Q 185.54 459.51 188.52 462.72   Q 192.19 466.69 193.22 468.19" fill="transparent" fill-opacity="0"/>
    <path vector-effect="non-scaling-stroke" d="   M 231.52 470.08   Q 221.19 456.29 220.02 440.74   C 218.98 427.07 217.97 414.96 213.27 402.98   Q 202.13 374.59 180.11 355.13   A 0.07 0.06 -45.0 0 0 180.02 355.14   L 179.84 355.32   A 0.33 0.33 0.0 0 0 179.82 355.77   Q 198.91 378.50 205.73 407.05   Q 206.65 410.94 207.02 415.97   C 207.72 425.56 206.98 436.57 207.27 444.25   Q 207.76 457.24 213.41 470.31" fill="transparent" fill-opacity="0"/>
    <path vector-effect="non-scaling-stroke" d="   M 398.60 0.00   Q 427.32 26.13 448.24 56.03   Q 469.60 86.57 476.61 123.40   A 0.72 0.72 0.0 0 0 477.44 123.98   C 500.66 120.10 519.94 103.69 536.23 87.21   Q 536.56 86.89 536.79 86.86   A 0.36 0.36 0.0 0 1 537.19 87.24   Q 535.48 109.11 529.79 132.68   Q 523.56 158.44 513.57 175.58   Q 500.23 198.48 480.93 214.93   Q 464.90 228.59 444.45 231.29   Q 440.98 231.75 437.38 232.26" fill="transparent" fill-opacity="0"/>
    <path vector-effect="non-scaling-stroke" d="   M 437.38 232.26   L 432.09 232.14   A 2.29 2.28 -9.8 0 1 430.02 230.69   Q 419.81 204.20 425.52 176.00   C 427.87 164.37 433.37 142.45 434.76 125.08   Q 435.55 115.27 434.36 101.94   Q 430.01 53.07 405.81 11.94   Q 404.77 10.18 403.43 8.83   A 0.44 0.44 0.0 0 0 402.72 9.31   Q 410.68 27.45 415.11 47.20   C 416.22 52.16 416.70 56.45 417.61 61.05   Q 418.61 66.17 419.08 71.49   C 420.92 92.66 421.15 115.01 414.83 135.12   Q 410.35 149.33 404.32 167.32   C 398.37 185.08 395.88 206.67 399.94 225.03" fill="transparent" fill-opacity="0"/>
    <path vector-effect="non-scaling-stroke" d="   M 399.94 225.03   Q 399.63 226.37 400.22 227.07" fill="transparent" fill-opacity="0"/>
    <path vector-effect="non-scaling-stroke" d="   M 0.00 309.41   Q 3.62 369.12 33.23 416.68   Q 63.76 465.72 114.30 494.36   C 172.42 527.29 244.12 532.11 306.42 507.16   C 358.96 486.12 402.61 445.32 426.31 394.29   Q 459.59 322.62 440.62 244.51   Q 439.16 238.48 437.38 232.26" fill="transparent" fill-opacity="0"/>
    <path vector-effect="non-scaling-stroke" d="   M 400.52 226.51   Q 400.38 225.78 399.94 225.03" fill="transparent" fill-opacity="0"/>
    <path vector-effect="non-scaling-stroke" d="   M 317.2563 209.4465   A 29.97 29.05 -91.9 0 0 289.2160 240.3632   A 29.97 29.05 -91.9 0 0 319.2437 269.3535   A 29.97 29.05 -91.9 0 0 347.2840 238.4368   A 29.97 29.05 -91.9 0 0 317.2563 209.4465" fill="transparent" fill-opacity="0"/>
    <path vector-effect="non-scaling-stroke" d="   M 89.47 334.32   A 0.85 0.85 0.0 0 1 90.32 333.47   L 99.99 333.47   A 0.85 0.85 0.0 0 0 100.84 332.62   L 100.84 326.61   A 0.85 0.85 0.0 0 0 99.99 325.76   L 90.35 325.76   A 0.85 0.85 0.0 0 1 89.50 324.91   L 89.50 319.30   A 0.85 0.85 0.0 0 1 90.35 318.45   L 99.94 318.45   A 0.85 0.85 0.0 0 0 100.79 317.60   L 100.79 311.63   A 0.85 0.85 0.0 0 0 99.94 310.78   L 83.11 310.78   A 0.85 0.85 0.0 0 0 82.26 311.63   L 82.26 350.91   A 0.85 0.85 0.0 0 0 83.11 351.76   L 88.62 351.76   A 0.85 0.85 0.0 0 0 89.47 350.91   L 89.47 334.32" fill="transparent" fill-opacity="0"/>
    <path vector-effect="non-scaling-stroke" d="   M 115.91 351.82   L 121.49 351.82   A 0.76 0.76 0.0 0 0 122.25 351.06   L 122.25 334.98   A 0.31 0.30 32.2 0 1 122.83 334.85   L 130.57 350.78   A 1.87 1.85 77.0 0 0 132.24 351.83   L 137.88 351.83   A 0.72 0.72 0.0 0 0 138.53 350.79   L 130.59 334.43   A 0.88 0.88 0.0 0 1 130.99 333.25   Q 136.35 330.62 136.92 325.05   C 137.38 320.44 136.43 315.07 132.31 312.54   C 128.51 310.22 120.74 310.70 115.63 310.80   A 0.41 0.40 89.3 0 0 115.24 311.21   L 115.24 351.15   A 0.67 0.67 0.0 0 0 115.91 351.82" fill="transparent" fill-opacity="0"/>
    <path vector-effect="non-scaling-stroke" d="   M 158.75 311.29   A 0.51 0.51 0.0 0 0 158.24 310.78   L 152.28 310.78   A 0.51 0.51 0.0 0 0 151.77 311.29   L 151.77 351.29   A 0.51 0.51 0.0 0 0 152.28 351.80   L 158.24 351.80   A 0.51 0.51 0.0 0 0 158.75 351.29   L 158.75 311.29" fill="transparent" fill-opacity="0"/>
    <path vector-effect="non-scaling-stroke" d="   M 220.65 333.11   Q 225.57 341.33 231.01 350.88   A 1.93 1.92 75.1 0 0 232.69 351.86   L 237.91 351.86   A 0.59 0.59 0.0 0 0 238.50 351.27   L 238.50 311.21   A 0.40 0.40 0.0 0 0 238.10 310.81   L 231.60 310.81   A 0.35 0.35 0.0 0 0 231.25 311.16   L 231.25 336.15   A 0.25 0.25 0.0 0 1 230.79 336.28   Q 228.83 332.85 226.85 329.53   Q 221.93 321.32 216.48 311.76   A 1.93 1.92 75.1 0 0 214.81 310.78   L 209.59 310.78   A 0.59 0.59 0.0 0 0 209.00 311.37   L 209.00 351.43   A 0.40 0.40 0.0 0 0 209.40 351.83   L 215.90 351.83   A 0.35 0.35 0.0 0 0 216.25 351.48   L 216.25 326.49   A 0.25 0.25 0.0 0 1 216.71 326.37   Q 218.67 329.80 220.65 333.11" fill="transparent" fill-opacity="0"/>
    <path vector-effect="non-scaling-stroke" d="   M 254.53 311.42   L 254.47 351.34   A 0.56 0.56 0.0 0 0 255.02 351.91   L 266.46 351.93   A 18.07 17.22 -89.9 0 0 283.72 333.89   L 283.72 328.99   A 18.07 17.22 -89.9 0 0 266.54 310.89   L 255.10 310.87   A 0.56 0.56 0.0 0 0 254.53 311.42" fill="transparent" fill-opacity="0"/>
    <path vector-effect="non-scaling-stroke" d="   M 306.14 343.95   A 0.67 0.67 0.0 0 1 305.47 343.28   L 305.47 311.43   A 0.67 0.67 0.0 0 0 304.80 310.76   L 298.90 310.76   A 0.67 0.67 0.0 0 0 298.23 311.43   L 298.23 351.12   A 0.67 0.67 0.0 0 0 298.90 351.79   L 314.87 351.79   A 0.67 0.67 0.0 0 0 315.54 351.12   L 315.54 344.62   A 0.67 0.67 0.0 0 0 314.87 343.95   L 306.14 343.95" fill="transparent" fill-opacity="0"/>
    <path vector-effect="non-scaling-stroke" d="   M 340.38 351.78   Q 343.04 351.78 343.56 351.67   A 0.56 0.56 0.0 0 0 344.01 351.12   L 344.01 335.46   A 5.90 5.84 -32.6 0 1 344.57 332.96   L 354.87 310.93   A 0.11 0.11 0.0 0 0 354.77 310.78   L 347.37 310.78   A 0.37 0.36 -77.1 0 0 347.04 310.99   Q 343.87 317.82 340.73 324.56   Q 340.67 324.67 340.41 324.67   Q 340.16 324.67 340.10 324.55   Q 336.98 317.81 333.82 310.97   A 0.37 0.36 77.3 0 0 333.49 310.76   L 326.09 310.75   A 0.11 0.11 0.0 0 0 325.99 310.90   L 336.24 332.95   A 5.90 5.84 32.8 0 1 336.79 335.45   L 336.76 351.11   A 0.56 0.56 0.0 0 0 337.20 351.66   Q 337.73 351.78 340.38 351.78" fill="transparent" fill-opacity="0"/>
    <path vector-effect="non-scaling-stroke" d="   M 122.28 319.15   L 122.30 326.21   A 0.61 0.61 0.0 0 0 122.91 326.82   L 125.43 326.81   A 4.57 3.81 -0.1 0 0 129.99 322.99   L 129.99 322.33   A 4.57 3.81 -0.1 0 0 125.41 318.53   L 122.89 318.54   A 0.61 0.61 0.0 0 0 122.28 319.15" fill="transparent" fill-opacity="0"/>
    <path vector-effect="non-scaling-stroke" d="   M 261.74 319.27   L 261.74 343.47   A 0.64 0.64 0.0 0 0 262.38 344.11   L 265.87 344.11   A 10.86 10.59 -90.0 0 0 276.46 333.25   L 276.46 329.49   A 10.86 10.59 90.0 0 0 265.87 318.63   L 262.38 318.63   A 0.64 0.64 0.0 0 0 261.74 319.27" fill="transparent" fill-opacity="0"/>
    
    <path fill="#91ad00" d="   M 398.60 0.00   Q 427.32 26.13 448.24 56.03   Q 469.60 86.57 476.61 123.40   A 0.72 0.72 0.0 0 0 477.44 123.98   C 500.66 120.10 519.94 103.69 536.23 87.21   Q 536.56 86.89 536.79 86.86   A 0.36 0.36 0.0 0 1 537.19 87.24   Q 535.48 109.11 529.79 132.68   Q 523.56 158.44 513.57 175.58   Q 500.23 198.48 480.93 214.93   Q 464.90 228.59 444.45 231.29   Q 440.98 231.75 437.38 232.26   L 432.09 232.14   A 2.29 2.28 -9.8 0 1 430.02 230.69   Q 419.81 204.20 425.52 176.00   C 427.87 164.37 433.37 142.45 434.76 125.08   Q 435.55 115.27 434.36 101.94   Q 430.01 53.07 405.81 11.94   Q 404.77 10.18 403.43 8.83   A 0.44 0.44 0.0 0 0 402.72 9.31   Q 410.68 27.45 415.11 47.20   C 416.22 52.16 416.70 56.45 417.61 61.05   Q 418.61 66.17 419.08 71.49   C 420.92 92.66 421.15 115.01 414.83 135.12   Q 410.35 149.33 404.32 167.32   C 398.37 185.08 395.88 206.67 399.94 225.03   Q 399.63 226.37 400.22 227.07   Q 400.03 228.74 400.71 230.30   A 0.59 0.59 0.0 0 1 399.93 231.08   C 375.77 220.74 358.33 201.80 357.61 174.54   Q 356.79 143.36 371.62 116.17   Q 372.92 113.79 383.28 96.79   C 390.90 84.28 397.32 69.61 399.02 54.74   C 399.14 53.73 399.09 52.42 399.13 50.64   C 399.26 51.06 399.19 51.84 399.32 52.34   A 0.03 0.02 44.0 0 0 399.37 52.34   Q 402.34 26.10 397.63 0.00   L 398.60 0.00   Z"/>
    
    <path fill="#5e8512" d="   M 437.38 232.26   Q 439.16 238.48 440.62 244.51   Q 459.59 322.62 426.31 394.29   C 402.61 445.32 358.96 486.12 306.42 507.16   C 244.12 532.11 172.42 527.29 114.30 494.36   Q 63.76 465.72 33.23 416.68   Q 3.62 369.12 0.00 309.41   L 0.00 288.88   Q 3.60 221.52 42.49 167.75   C 96.08 93.66 189.35 60.10 277.93 81.87   C 281.80 82.82 286.78 83.84 289.93 86.19   C 301.91 95.11 296.91 114.21 281.93 115.70   C 277.77 116.11 273.46 114.59 268.26 113.26   Q 263.63 112.07 262.62 111.88   Q 201.53 100.16 146.99 124.14   C 87.56 150.27 45.28 205.01 35.00 269.02   C 22.54 346.61 59.00 423.12 126.13 463.33   C 198.89 506.92 291.83 496.68 353.87 438.88   C 412.17 384.56 430.68 300.31 400.52 226.51   Q 400.38 225.78 399.94 225.03   C 395.88 206.67 398.37 185.08 404.32 167.32   Q 410.35 149.33 414.83 135.12   C 421.15 115.01 420.92 92.66 419.08 71.49   Q 418.61 66.17 417.61 61.05   C 416.70 56.45 416.22 52.16 415.11 47.20   Q 410.68 27.45 402.72 9.31   A 0.44 0.44 0.0 0 1 403.43 8.83   Q 404.77 10.18 405.81 11.94   Q 430.01 53.07 434.36 101.94   Q 435.55 115.27 434.76 125.08   C 433.37 142.45 427.87 164.37 425.52 176.00   Q 419.81 204.20 430.02 230.69   A 2.29 2.28 -9.8 0 0 432.09 232.14   L 437.38 232.26   Z"/>
    <path fill="#b6d58a" d="   M 174.01 239.36   C 173.97 256.85 186.72 269.18 204.02 269.44   C 214.34 269.59 223.22 264.57 230.22 257.36   A 0.86 0.86 0.0 0 1 231.45 257.35   L 242.33 268.23   A 0.50 0.49 -46.2 0 1 242.34 268.93   C 236.24 275.35 228.16 281.19 219.83 283.64   C 188.20 292.96 156.86 273.82 156.95 239.31   C 157.04 204.80 188.46 185.83 220.05 195.30   C 228.37 197.79 236.42 203.67 242.49 210.12   A 0.50 0.49 46.5 0 1 242.47 210.82   L 231.54 221.65   A 0.86 0.86 0.0 0 1 230.31 221.63   C 223.34 214.39 214.49 209.32 204.17 209.43   C 186.87 209.59 174.05 221.87 174.01 239.36   Z"/>
    <path fill="#b6d58a" d="   M 313.8165 193.0344   A 46.57 46.34 -95.5 0 1 364.4067 234.9485   A 46.57 46.34 -95.5 0 1 322.7435 285.7456   A 46.57 46.34 -95.5 0 1 272.1533 243.8315   A 46.57 46.34 -95.5 0 1 313.8165 193.0344   Z   M 317.2563 209.4465   A 29.97 29.05 -91.9 0 0 289.2160 240.3632   A 29.97 29.05 -91.9 0 0 319.2437 269.3535   A 29.97 29.05 -91.9 0 0 347.2840 238.4368   A 29.97 29.05 -91.9 0 0 317.2563 209.4465   Z"/>
    <path fill="#b6d58a" d="   M 126.49 267.47   L 126.49 283.11   A 0.67 0.67 0.0 0 1 125.82 283.78   L 78.66 283.78   A 0.67 0.67 0.0 0 1 77.99 283.11   L 77.99 195.62   A 0.67 0.67 0.0 0 1 78.66 194.95   L 125.83 194.95   A 0.67 0.67 0.0 0 1 126.50 195.62   L 126.50 211.12   A 0.67 0.67 0.0 0 1 125.83 211.79   L 95.72 211.79   A 0.67 0.67 0.0 0 0 95.05 212.46   L 95.05 226.87   A 0.67 0.67 0.0 0 0 95.72 227.54   L 125.80 227.54   A 0.67 0.67 0.0 0 1 126.47 228.21   L 126.47 243.13   A 0.67 0.67 0.0 0 1 125.80 243.80   L 95.71 243.80   A 0.67 0.67 0.0 0 0 95.04 244.47   L 95.04 266.13   A 0.67 0.67 0.0 0 0 95.71 266.80   L 125.82 266.80   A 0.67 0.67 0.0 0 1 126.49 267.47   Z"/>
    <path fill="#b6d58a" d="   M 399.94 225.03   Q 400.38 225.78 400.52 226.51   L 400.22 227.07   Q 399.63 226.37 399.94 225.03   Z"/>
    <path fill="#92bc12" d="   M 236.77 469.99   Q 248.60 465.52 255.23 455.97   Q 270.21 434.42 269.65 406.97   Q 269.31 390.10 265.66 374.41   A 0.48 0.47 51.2 0 0 264.77 374.31   C 259.28 386.07 251.38 397.42 240.10 404.00   A 1.04 1.04 0.0 0 1 238.66 403.61   Q 227.95 384.24 210.24 371.27   Q 195.26 360.30 178.97 352.44   A 0.37 0.37 0.0 0 1 179.13 351.74   L 194.20 351.74   A 0.57 0.57 0.0 0 0 194.77 351.17   L 194.77 344.40   A 0.66 0.66 0.0 0 0 194.11 343.74   L 182.42 343.74   A 0.69 0.69 0.0 0 1 181.73 343.05   L 181.73 334.06   A 0.58 0.57 90.0 0 1 182.30 333.48   L 194.10 333.48   A 0.68 0.67 0.0 0 0 194.78 332.81   L 194.78 326.53   A 0.76 0.75 0.0 0 0 194.02 325.78   L 182.62 325.78   A 0.89 0.89 0.0 0 1 181.73 324.89   L 181.73 319.58   A 0.84 0.84 0.0 0 1 182.57 318.74   L 194.04 318.74   A 0.69 0.69 0.0 0 0 194.73 318.05   L 194.73 311.56   A 0.76 0.76 0.0 0 0 193.97 310.80   L 175.19 310.80   A 0.68 0.68 0.0 0 0 174.51 311.48   L 174.51 350.60   A 1.36 1.30 32.4 0 0 174.66 351.21   Q 181.68 364.66 184.67 379.38   Q 186.84 390.11 184.39 401.63   C 182.77 409.27 179.86 418.93 179.40 427.11   Q 178.62 440.90 183.50 454.00   Q 185.54 459.51 188.52 462.72   Q 192.19 466.69 193.22 468.19   Q 158.67 462.49 129.32 443.67   C 81.30 412.90 52.08 361.46 50.12 304.49   Q 50.02 301.55 50.12 299.26   A 0.31 0.30 -88.0 0 1 50.42 298.97   L 392.39 298.97   A 0.47 0.46 0.6 0 1 392.86 299.44   C 392.57 360.53 360.62 416.51 307.80 447.30   Q 275.17 466.33 236.77 469.99   Z   M 89.47 334.32   A 0.85 0.85 0.0 0 1 90.32 333.47   L 99.99 333.47   A 0.85 0.85 0.0 0 0 100.84 332.62   L 100.84 326.61   A 0.85 0.85 0.0 0 0 99.99 325.76   L 90.35 325.76   A 0.85 0.85 0.0 0 1 89.50 324.91   L 89.50 319.30   A 0.85 0.85 0.0 0 1 90.35 318.45   L 99.94 318.45   A 0.85 0.85 0.0 0 0 100.79 317.60   L 100.79 311.63   A 0.85 0.85 0.0 0 0 99.94 310.78   L 83.11 310.78   A 0.85 0.85 0.0 0 0 82.26 311.63   L 82.26 350.91   A 0.85 0.85 0.0 0 0 83.11 351.76   L 88.62 351.76   A 0.85 0.85 0.0 0 0 89.47 350.91   L 89.47 334.32   Z   M 115.91 351.82   L 121.49 351.82   A 0.76 0.76 0.0 0 0 122.25 351.06   L 122.25 334.98   A 0.31 0.30 32.2 0 1 122.83 334.85   L 130.57 350.78   A 1.87 1.85 77.0 0 0 132.24 351.83   L 137.88 351.83   A 0.72 0.72 0.0 0 0 138.53 350.79   L 130.59 334.43   A 0.88 0.88 0.0 0 1 130.99 333.25   Q 136.35 330.62 136.92 325.05   C 137.38 320.44 136.43 315.07 132.31 312.54   C 128.51 310.22 120.74 310.70 115.63 310.80   A 0.41 0.40 89.3 0 0 115.24 311.21   L 115.24 351.15   A 0.67 0.67 0.0 0 0 115.91 351.82   Z   M 158.75 311.29   A 0.51 0.51 0.0 0 0 158.24 310.78   L 152.28 310.78   A 0.51 0.51 0.0 0 0 151.77 311.29   L 151.77 351.29   A 0.51 0.51 0.0 0 0 152.28 351.80   L 158.24 351.80   A 0.51 0.51 0.0 0 0 158.75 351.29   L 158.75 311.29   Z   M 220.65 333.11   Q 225.57 341.33 231.01 350.88   A 1.93 1.92 75.1 0 0 232.69 351.86   L 237.91 351.86   A 0.59 0.59 0.0 0 0 238.50 351.27   L 238.50 311.21   A 0.40 0.40 0.0 0 0 238.10 310.81   L 231.60 310.81   A 0.35 0.35 0.0 0 0 231.25 311.16   L 231.25 336.15   A 0.25 0.25 0.0 0 1 230.79 336.28   Q 228.83 332.85 226.85 329.53   Q 221.93 321.32 216.48 311.76   A 1.93 1.92 75.1 0 0 214.81 310.78   L 209.59 310.78   A 0.59 0.59 0.0 0 0 209.00 311.37   L 209.00 351.43   A 0.40 0.40 0.0 0 0 209.40 351.83   L 215.90 351.83   A 0.35 0.35 0.0 0 0 216.25 351.48   L 216.25 326.49   A 0.25 0.25 0.0 0 1 216.71 326.37   Q 218.67 329.80 220.65 333.11   Z   M 254.53 311.42   L 254.47 351.34   A 0.56 0.56 0.0 0 0 255.02 351.91   L 266.46 351.93   A 18.07 17.22 -89.9 0 0 283.72 333.89   L 283.72 328.99   A 18.07 17.22 -89.9 0 0 266.54 310.89   L 255.10 310.87   A 0.56 0.56 0.0 0 0 254.53 311.42   Z   M 306.14 343.95   A 0.67 0.67 0.0 0 1 305.47 343.28   L 305.47 311.43   A 0.67 0.67 0.0 0 0 304.80 310.76   L 298.90 310.76   A 0.67 0.67 0.0 0 0 298.23 311.43   L 298.23 351.12   A 0.67 0.67 0.0 0 0 298.90 351.79   L 314.87 351.79   A 0.67 0.67 0.0 0 0 315.54 351.12   L 315.54 344.62   A 0.67 0.67 0.0 0 0 314.87 343.95   L 306.14 343.95   Z   M 340.38 351.78   Q 343.04 351.78 343.56 351.67   A 0.56 0.56 0.0 0 0 344.01 351.12   L 344.01 335.46   A 5.90 5.84 -32.6 0 1 344.57 332.96   L 354.87 310.93   A 0.11 0.11 0.0 0 0 354.77 310.78   L 347.37 310.78   A 0.37 0.36 -77.1 0 0 347.04 310.99   Q 343.87 317.82 340.73 324.56   Q 340.67 324.67 340.41 324.67   Q 340.16 324.67 340.10 324.55   Q 336.98 317.81 333.82 310.97   A 0.37 0.36 77.3 0 0 333.49 310.76   L 326.09 310.75   A 0.11 0.11 0.0 0 0 325.99 310.90   L 336.24 332.95   A 5.90 5.84 32.8 0 1 336.79 335.45   L 336.76 351.11   A 0.56 0.56 0.0 0 0 337.20 351.66   Q 337.73 351.78 340.38 351.78   Z"/>
    <path fill="#355509" d="   M 89.47 334.32   L 89.47 350.91   A 0.85 0.85 0.0 0 1 88.62 351.76   L 83.11 351.76   A 0.85 0.85 0.0 0 1 82.26 350.91   L 82.26 311.63   A 0.85 0.85 0.0 0 1 83.11 310.78   L 99.94 310.78   A 0.85 0.85 0.0 0 1 100.79 311.63   L 100.79 317.60   A 0.85 0.85 0.0 0 1 99.94 318.45   L 90.35 318.45   A 0.85 0.85 0.0 0 0 89.50 319.30   L 89.50 324.91   A 0.85 0.85 0.0 0 0 90.35 325.76   L 99.99 325.76   A 0.85 0.85 0.0 0 1 100.84 326.61   L 100.84 332.62   A 0.85 0.85 0.0 0 1 99.99 333.47   L 90.32 333.47   A 0.85 0.85 0.0 0 0 89.47 334.32   Z"/>
    <path fill="#355509" d="   M 115.91 351.82   A 0.67 0.67 0.0 0 1 115.24 351.15   L 115.24 311.21   A 0.41 0.40 89.3 0 1 115.63 310.80   C 120.74 310.70 128.51 310.22 132.31 312.54   C 136.43 315.07 137.38 320.44 136.92 325.05   Q 136.35 330.62 130.99 333.25   A 0.88 0.88 0.0 0 0 130.59 334.43   L 138.53 350.79   A 0.72 0.72 0.0 0 1 137.88 351.83   L 132.24 351.83   A 1.87 1.85 77.0 0 1 130.57 350.78   L 122.83 334.85   A 0.31 0.30 32.2 0 0 122.25 334.98   L 122.25 351.06   A 0.76 0.76 0.0 0 1 121.49 351.82   L 115.91 351.82   Z   M 122.28 319.15   L 122.30 326.21   A 0.61 0.61 0.0 0 0 122.91 326.82   L 125.43 326.81   A 4.57 3.81 -0.1 0 0 129.99 322.99   L 129.99 322.33   A 4.57 3.81 -0.1 0 0 125.41 318.53   L 122.89 318.54   A 0.61 0.61 0.0 0 0 122.28 319.15   Z"/>
    <path fill="#355509" d="   M 236.77 469.99   L 231.52 470.08   Q 221.19 456.29 220.02 440.74   C 218.98 427.07 217.97 414.96 213.27 402.98   Q 202.13 374.59 180.11 355.13   A 0.07 0.06 -45.0 0 0 180.02 355.14   L 179.84 355.32   A 0.33 0.33 0.0 0 0 179.82 355.77   Q 198.91 378.50 205.73 407.05   Q 206.65 410.94 207.02 415.97   C 207.72 425.56 206.98 436.57 207.27 444.25   Q 207.76 457.24 213.41 470.31   Q 208.82 469.87 205.75 469.83   Q 202.84 469.80 193.22 468.19   Q 192.19 466.69 188.52 462.72   Q 185.54 459.51 183.50 454.00   Q 178.62 440.90 179.40 427.11   C 179.86 418.93 182.77 409.27 184.39 401.63   Q 186.84 390.11 184.67 379.38   Q 181.68 364.66 174.66 351.21   A 1.36 1.30 32.4 0 1 174.51 350.60   L 174.51 311.48   A 0.68 0.68 0.0 0 1 175.19 310.80   L 193.97 310.80   A 0.76 0.76 0.0 0 1 194.73 311.56   L 194.73 318.05   A 0.69 0.69 0.0 0 1 194.04 318.74   L 182.57 318.74   A 0.84 0.84 0.0 0 0 181.73 319.58   L 181.73 324.89   A 0.89 0.89 0.0 0 0 182.62 325.78   L 194.02 325.78   A 0.76 0.75 0.0 0 1 194.78 326.53   L 194.78 332.81   A 0.68 0.67 -0.0 0 1 194.10 333.48   L 182.30 333.48   A 0.58 0.57 -90.0 0 0 181.73 334.06   L 181.73 343.05   A 0.69 0.69 0.0 0 0 182.42 343.74   L 194.11 343.74   A 0.66 0.66 0.0 0 1 194.77 344.40   L 194.77 351.17   A 0.57 0.57 0.0 0 1 194.20 351.74   L 179.13 351.74   A 0.37 0.37 0.0 0 0 178.97 352.44   Q 195.26 360.30 210.24 371.27   Q 227.95 384.24 238.66 403.61   A 1.04 1.04 0.0 0 0 240.10 404.00   C 251.38 397.42 259.28 386.07 264.77 374.31   A 0.48 0.47 51.2 0 1 265.66 374.41   Q 269.31 390.10 269.65 406.97   Q 270.21 434.42 255.23 455.97   Q 248.60 465.52 236.77 469.99   Z"/>
    <path fill="#355509" d="   M 220.65 333.11   Q 218.67 329.80 216.71 326.37   A 0.25 0.25 0.0 0 0 216.25 326.49   L 216.25 351.48   A 0.35 0.35 0.0 0 1 215.90 351.83   L 209.40 351.83   A 0.40 0.40 0.0 0 1 209.00 351.43   L 209.00 311.37   A 0.59 0.59 0.0 0 1 209.59 310.78   L 214.81 310.78   A 1.93 1.92 75.1 0 1 216.48 311.76   Q 221.93 321.32 226.85 329.53   Q 228.83 332.85 230.79 336.28   A 0.25 0.25 0.0 0 0 231.25 336.15   L 231.25 311.16   A 0.35 0.35 0.0 0 1 231.60 310.81   L 238.10 310.81   A 0.40 0.40 0.0 0 1 238.50 311.21   L 238.50 351.27   A 0.59 0.59 0.0 0 1 237.91 351.86   L 232.69 351.86   A 1.93 1.92 75.1 0 1 231.01 350.88   Q 225.57 341.33 220.65 333.11   Z"/>
    <path fill="#355509" d="   M 254.53 311.42   A 0.56 0.56 0.0 0 1 255.10 310.87   L 266.54 310.89   A 18.07 17.22 -89.9 0 1 283.72 328.99   L 283.72 333.89   A 18.07 17.22 -89.9 0 1 266.46 351.93   L 255.02 351.91   A 0.56 0.56 0.0 0 1 254.47 351.34   L 254.53 311.42   Z   M 261.74 319.27   L 261.74 343.47   A 0.64 0.64 0.0 0 0 262.38 344.11   L 265.87 344.11   A 10.86 10.59 -90.0 0 0 276.46 333.25   L 276.46 329.49   A 10.86 10.59 90.0 0 0 265.87 318.63   L 262.38 318.63   A 0.64 0.64 0.0 0 0 261.74 319.27   Z"/>
    <path fill="#355509" d="   M 306.14 343.95   L 314.87 343.95   A 0.67 0.67 0.0 0 1 315.54 344.62   L 315.54 351.12   A 0.67 0.67 0.0 0 1 314.87 351.79   L 298.90 351.79   A 0.67 0.67 0.0 0 1 298.23 351.12   L 298.23 311.43   A 0.67 0.67 0.0 0 1 298.90 310.76   L 304.80 310.76   A 0.67 0.67 0.0 0 1 305.47 311.43   L 305.47 343.28   A 0.67 0.67 0.0 0 0 306.14 343.95   Z"/>
    <path fill="#355509" d="   M 340.41 324.67   Q 340.67 324.67 340.73 324.56   Q 343.87 317.82 347.04 310.99   A 0.37 0.36 -77.1 0 1 347.37 310.78   L 354.77 310.78   A 0.11 0.11 0.0 0 1 354.87 310.93   L 344.57 332.96   A 5.90 5.84 -32.6 0 0 344.01 335.46   L 344.01 351.12   A 0.56 0.56 0.0 0 1 343.56 351.67   Q 343.04 351.78 340.38 351.78   Q 337.73 351.78 337.20 351.66   A 0.56 0.56 0.0 0 1 336.76 351.11   L 336.79 335.45   A 5.90 5.84 32.8 0 0 336.24 332.95   L 325.99 310.90   A 0.11 0.11 0.0 0 1 326.09 310.75   L 333.49 310.76   A 0.37 0.36 77.3 0 1 333.82 310.97   Q 336.98 317.81 340.10 324.55   Q 340.16 324.67 340.41 324.67   Z"/>
    <path fill="#92bc12" d="   M 122.28 319.15   A 0.61 0.61 0.0 0 1 122.89 318.54   L 125.41 318.53   A 4.57 3.81 -0.1 0 1 129.99 322.33   L 129.99 322.99   A 4.57 3.81 -0.1 0 1 125.43 326.81   L 122.91 326.82   A 0.61 0.61 0.0 0 1 122.30 326.21   L 122.28 319.15   Z"/>
    <path fill="#92bc12" d="   M 261.74 319.27   A 0.64 0.64 0.0 0 1 262.38 318.63   L 265.87 318.63   A 10.86 10.59 -90.0 0 1 276.46 329.49   L 276.46 333.25   A 10.86 10.59 90.0 0 1 265.87 344.11   L 262.38 344.11   A 0.64 0.64 0.0 0 1 261.74 343.47   L 261.74 319.27   Z"/>
    <path fill="#92bc12" d="   M 231.52 470.08   L 213.41 470.31   Q 207.76 457.24 207.27 444.25   C 206.98 436.57 207.72 425.56 207.02 415.97   Q 206.65 410.94 205.73 407.05   Q 198.91 378.50 179.82 355.77   A 0.33 0.33 0.0 0 1 179.84 355.32   L 180.02 355.14   A 0.07 0.06 -45.0 0 1 180.11 355.13   Q 202.13 374.59 213.27 402.98   C 217.97 414.96 218.98 427.07 220.02 440.74   Q 221.19 456.29 231.52 470.08   Z"/>
    
    <rect fill="#355509" x="151.77" y="310.78" width="6.98" height="41.02" rx="0.51"/>
</svg>