<svg data-content-extracted="true" xmlns="http://www.w3.org/2000/svg" 
                      viewBox="-92.8 -92.8 1121.6599999999999 1121.29" 
                      width="1121.6599999999999" 
                      height="1121.29"
                      preserveAspectRatio="none"
                      data-content-extracted="true"
                      data-overflow="horizontal:4,vertical:4"
                      data-original-bounds="-90.8,-90.8,1026.86,1026.49">
                        <g transform="translate(92.8, 92.8)">
                          
<g stroke-width="1121.6599999999999" fill="none" stroke-linecap="butt">
<path vector-effect="non-scaling-stroke" d="   M 758.24 488.17   C 747.42 485.39 734.78 490.38 731.00 501.50   C 729.86 504.83 733.00 507.21 736.02 505.53   Q 741.06 502.74 742.53 502.11   Q 745.23 500.96 751.30 500.68   A 0.40 0.40 0.0 0 1 751.64 501.31   C 748.99 504.99 742.88 514.83 746.01 518.76   C 748.30 521.63 750.68 517.30 751.88 515.52   A 3.02 2.71 -84.2 0 1 752.14 515.20   L 759.33 508.05   A 0.23 0.23 0.0 0 1 759.73 508.22   C 759.62 511.97 759.52 520.28 762.51 522.68   C 765.22 524.84 767.34 521.62 768.00 519.36   Q 770.44 510.91 765.80 502.49   A 0.27 0.27 0.0 0 1 766.15 502.11   C 769.17 503.55 771.41 505.45 772.78 508.53   C 773.71 510.62 774.11 512.76 776.36 513.56   C 779.91 514.83 781.33 512.07 780.91 508.94   C 780.05 502.38 774.47 496.98 768.00 496.03   A 0.51 0.51 0.0 0 1 767.63 495.28   C 787.23 459.64 794.27 418.06 781.88 378.68   Q 769.63 339.73 734.35 316.63   A 0.87 0.86 13.0 0 1 733.96 316.01   Q 733.76 314.57 732.41 304.02   Q 726.03 254.40 698.86 212.89   A 0.55 0.54 67.0 0 1 699.19 212.06   C 726.28 205.69 756.02 195.53 769.43 169.97   C 778.75 152.20 781.34 131.56 775.09 112.37   A 0.33 0.33 0.0 0 1 775.32 111.95   C 782.41 110.17 790.93 113.55 796.42 118.12   Q 802.67 123.33 808.36 129.95   A 0.24 0.24 0.0 0 0 808.76 129.69   C 787.50 82.01 726.98 67.28 685.82 99.39   C 667.15 113.95 657.96 134.54 647.29 156.21   A 0.59 0.59 0.0 0 1 646.41 156.43   Q 618.71 136.29 586.45 124.50   A 0.53 0.53 0.0 0 1 586.19 123.71   Q 592.71 113.90 596.21 107.71   Q 606.52 89.41 621.19 63.45   C 627.84 51.67 635.14 34.33 630.89 21.09   Q 627.13 9.35 614.50 8.14   Q 601.00 6.84 588.37 13.89   Q 566.21 26.24 558.06 50.03   C 553.76 62.59 553.94 75.48 556.33 87.67   Q 559.24 102.44 560.95 116.75   A 0.76 0.76 0.0 0 1 560.05 117.59   Q 517.89 108.86 474.72 117.64   A 0.43 0.43 0.0 0 1 474.21 117.24   Q 474.01 111.26 475.01 104.75   Q 476.64 94.11 478.51 83.50   C 479.86 75.81 480.74 67.40 479.10 59.42   Q 473.94 34.27 453.79 19.02   Q 444.67 12.12 434.77 9.25   Q 430.58 8.04 423.59 7.91   Q 416.92 7.78 412.65 9.90   C 393.15 19.62 404.23 48.01 411.98 62.04   C 417.06 71.24 424.08 82.60 429.54 92.75   Q 438.92 110.19 447.71 123.76   A 0.47 0.46 -27.2 0 1 447.48 124.45   Q 435.91 128.86 434.81 129.30   Q 409.27 139.73 387.49 156.34   A 0.57 0.57 0.0 0 1 386.64 156.14   C 377.53 138.06 370.57 121.95 357.72 108.33   Q 338.52 87.97 312.47 83.53   C 276.59 77.41 239.74 95.52 225.30 129.62   A 0.20 0.20 0.0 0 0 225.63 129.83   C 235.00 119.35 244.45 109.63 259.32 109.97   A 0.49 0.48 -80.3 0 1 259.77 110.61   C 251.86 134.54 256.56 161.72 273.80 180.47   C 289.37 197.42 314.00 205.27 335.88 210.20   A 0.40 0.40 0.0 0 1 336.13 210.81   Q 305.58 257.93 301.10 313.97   A 1.05 1.04 76.3 0 1 300.61 314.78   C 264.52 337.36 244.72 377.87 245.88 420.22   Q 246.96 459.66 266.41 494.30   A 0.50 0.49 68.1 0 1 266.11 495.02   Q 258.58 497.05 254.77 503.53   C 253.63 505.47 251.60 510.72 254.15 512.27   C 256.59 513.76 259.12 512.37 260.14 509.92   C 261.91 505.63 263.36 503.02 267.82 501.18   A 0.28 0.28 0.0 0 1 268.18 501.57   Q 263.49 510.45 266.48 519.74   Q 267.20 521.99 268.71 523.09   A 2.27 2.15 -54.4 0 0 271.80 522.49   C 274.36 518.86 274.25 513.15 274.19 508.37   A 0.17 0.17 0.0 0 1 274.48 508.25   L 282.12 515.78   A 2.89 2.69 -88.0 0 1 282.38 516.08   Q 283.87 518.21 285.16 519.57   A 1.90 1.62 51.1 0 0 287.35 519.98   C 289.88 518.38 288.45 512.92 287.48 510.51   Q 285.56 505.76 282.40 501.37   A 0.35 0.35 0.0 0 1 282.69 500.82   Q 288.73 500.97 290.97 502.06   C 295.42 504.24 298.88 506.61 301.27 505.88   A 2.58 2.56 81.1 0 0 303.09 503.36   C 302.96 496.62 295.31 490.63 289.59 488.47   Q 282.67 485.86 275.73 488.06   A 0.47 0.46 76.4 0 1 275.14 487.69   C 267.80 445.68 271.13 402.58 303.56 371.40   A 0.33 0.32 62.9 0 1 304.10 371.58   C 316.54 437.44 358.34 493.97 418.08 524.45   A 1.07 1.05 9.7 0 1 418.64 525.23   Q 421.70 545.46 428.97 565.51   C 430.98 571.04 430.89 576.84 427.14 581.70   C 420.73 590.01 412.32 590.47 402.50 591.20   C 390.50 592.10 375.76 595.06 367.27 604.59   Q 361.54 611.01 357.86 618.46   A 0.42 0.41 -77.0 0 0 358.23 619.06   Q 386.82 619.11 443.99 619.05   C 453.13 619.04 460.78 613.43 464.03 605.13   Q 465.41 601.62 465.51 592.21   Q 465.75 569.10 469.14 544.32   A 0.54 0.53 -80.0 0 1 469.78 543.87   Q 482.17 546.69 494.30 547.67   Q 529.45 550.52 564.13 543.84   A 0.62 0.61 80.3 0 1 564.86 544.36   Q 568.22 569.86 568.53 593.78   Q 568.63 600.96 569.65 604.13   C 572.08 611.69 577.90 616.95 585.48 618.74   Q 587.15 619.14 597.55 619.11   Q 611.30 619.06 675.78 619.08   A 0.34 0.34 0.0 0 0 676.08 618.57   C 671.48 610.15 666.17 602.04 657.44 597.59   Q 649.15 593.37 635.78 591.63   C 630.47 590.94 622.84 591.14 617.76 589.29   Q 610.35 586.59 605.74 579.93   C 602.59 575.40 603.66 568.94 605.58 564.03   Q 612.77 545.71 615.14 525.97   A 2.38 2.37 -10.4 0 1 616.40 524.15   Q 672.29 494.79 704.40 439.97   Q 723.13 408.00 729.89 371.51   A 0.33 0.32 27.7 0 1 730.44 371.34   Q 750.88 391.96 757.58 420.42   Q 763.48 445.53 760.73 471.53   Q 759.22 485.70 758.82 487.81   A 0.47 0.47 0.0 0 1 758.24 488.17"/>
<path vector-effect="non-scaling-stroke" d="   M 97.61 800.42   C 102.77 800.42 107.25 797.72 109.78 793.30   Q 123.93 768.61 159.39 706.39   A 0.21 0.21 0.0 0 1 159.79 706.49   L 159.79 797.87   A 0.39 0.38 -0.0 0 0 160.18 798.25   L 187.49 798.25   A 0.65 0.64 -0.0 0 0 188.14 797.61   Q 188.11 657.29 188.12 656.24   C 188.21 646.91 181.86 639.96 172.45 640.70   Q 165.41 641.25 161.62 647.83   Q 128.03 706.09 97.84 758.56   Q 97.76 758.71 97.60 758.71   Q 97.45 758.71 97.37 758.56   Q 67.16 706.10 33.55 647.85   Q 29.76 641.27 22.72 640.72   C 13.31 639.99 6.96 646.94 7.05 656.27   Q 7.06 657.32 7.08 797.64   A 0.65 0.64 -0.0 0 0 7.73 798.28   L 35.04 798.27   A 0.39 0.38 -0.0 0 0 35.43 797.89   L 35.40 706.51   A 0.21 0.21 0.0 0 1 35.80 706.41   Q 71.28 768.62 85.43 793.30   C 87.97 797.73 92.45 800.42 97.61 800.42"/>
<path vector-effect="non-scaling-stroke" d="   M 683.66 642.75   A 0.43 0.43 0.0 0 0 683.23 643.18   L 683.23 680.57   A 0.43 0.43 0.0 0 1 682.80 681.00   L 646.97 681.00   A 0.43 0.43 0.0 0 0 646.54 681.43   L 646.54 708.83   A 0.43 0.43 0.0 0 0 646.97 709.26   L 682.80 709.26   A 0.43 0.43 0.0 0 1 683.23 709.69   L 683.23 797.84   A 0.43 0.43 0.0 0 0 683.66 798.27   L 711.33 798.27   A 0.43 0.43 0.0 0 0 711.76 797.84   L 711.76 709.70   A 0.43 0.43 0.0 0 1 712.19 709.27   L 760.59 709.27   A 0.43 0.43 0.0 0 0 761.02 708.84   L 761.02 681.43   A 0.43 0.43 0.0 0 0 760.59 681.00   L 712.18 681.00   A 0.43 0.43 0.0 0 1 711.75 680.57   L 711.75 643.18   A 0.43 0.43 0.0 0 0 711.32 642.75   L 683.66 642.75"/>
<path vector-effect="non-scaling-stroke" d="   M 344.5353 719.4533   A 38.31 38.31 0.0 0 0 306.2922 681.0765   L 253.0723 680.9836   A 38.31 38.31 0.0 0 0 214.6955 719.2267   L 214.6247 759.8067   A 38.31 38.31 0.0 0 0 252.8678 798.1835   L 306.0877 798.2764   A 38.31 38.31 0.0 0 0 344.4645 760.0333   L 344.5353 719.4533"/>
<path vector-effect="non-scaling-stroke" d="   M 498.48 797.50   Q 498.53 784.09 498.52 746.10   C 498.51 738.94 498.69 731.50 497.85 724.86   C 495.01 702.44 479.21 686.74 457.39 682.18   Q 451.25 680.90 439.05 680.96   Q 415.15 681.07 388.96 680.97   C 379.65 680.93 374.23 681.16 369.86 688.70   Q 368.32 691.37 368.52 703.58   Q 368.59 707.72 368.54 797.59   A 0.69 0.68 0.0 0 0 369.23 798.27   L 396.43 798.27   A 0.37 0.36 0.0 0 0 396.80 797.91   L 396.80 709.54   A 0.23 0.22 -90.0 0 1 397.02 709.31   Q 423.63 709.14 444.76 709.35   Q 452.75 709.42 455.74 710.83   Q 470.10 717.54 470.21 733.31   Q 470.36 755.24 470.26 797.83   A 0.42 0.42 0.0 0 0 470.68 798.26   L 497.72 798.26   A 0.76 0.76 0.0 0 0 498.48 797.50"/>
<path vector-effect="non-scaling-stroke" d="   M 622.62 708.97   L 622.62 681.35   A 0.33 0.33 0.0 0 0 622.29 681.02   Q 570.15 680.93 554.26 681.09   C 537.08 681.26 522.66 690.94 519.77 708.09   C 517.11 723.86 524.31 738.07 539.25 744.74   Q 544.58 747.12 552.26 747.18   Q 564.30 747.28 596.25 747.27   C 601.74 747.27 605.95 748.72 607.73 754.53   C 610.14 762.36 606.28 769.93 597.49 769.95   Q 566.99 770.04 520.95 769.99   A 0.36 0.35 -89.2 0 0 520.59 770.35   L 520.59 797.69   A 0.57 0.56 -0.0 0 0 521.16 798.25   Q 544.84 798.33 595.74 798.24   C 610.28 798.22 624.40 791.93 631.44 779.26   C 638.89 765.86 637.94 749.02 629.69 736.00   C 622.11 724.02 610.15 719.19 596.25 719.23   Q 593.51 719.24 552.02 719.23   A 4.75 4.75 0.0 0 1 547.27 714.56   L 547.27 714.42   A 5.03 5.03 0.0 0 1 552.30 709.26   L 622.33 709.26   A 0.29 0.29 0.0 0 0 622.62 708.97"/>
<path vector-effect="non-scaling-stroke" d="   M 815.51 732.40   L 815.51 758.35   A 0.38 0.38 0.0 0 0 815.89 758.73   Q 864.76 758.80 866.75 758.74   Q 876.12 758.51 882.16 755.71   Q 901.83 746.58 904.77 724.55   Q 906.13 714.31 903.16 706.26   C 897.01 689.61 882.52 681.05 864.75 681.02   Q 847.94 680.99 815.74 681.00   C 793.36 681.02 777.41 697.29 776.77 719.27   Q 776.62 724.35 776.70 759.01   C 776.75 783.41 794.09 798.12 817.50 798.26   Q 831.20 798.33 865.68 798.21   A 0.74 0.73 -0.4 0 0 866.41 797.48   L 866.41 771.66   A 0.42 0.42 0.0 0 0 865.98 771.24   Q 826.02 771.27 813.75 771.22   C 809.72 771.20 804.93 767.53 804.05 763.38   Q 803.46 760.64 803.50 758.00   Q 803.64 749.45 803.43 726.40   Q 803.35 716.71 805.17 713.34   Q 808.16 707.79 816.52 707.78   Q 863.29 707.69 866.99 707.86   C 882.86 708.56 881.90 731.66 866.41 731.87   Q 846.92 732.12 815.96 731.94   A 0.46 0.45 90.0 0 0 815.51 732.40"/>
<path vector-effect="non-scaling-stroke" d="   M 1026.86 708.86   L 1026.86 681.56   A 0.54 0.54 0.0 0 0 1026.33 681.02   Q 1022.12 680.97 965.25 681.01   C 941.27 681.03 923.86 695.74 923.62 720.81   Q 923.55 728.26 923.61 797.72   A 0.53 0.53 0.0 0 0 924.14 798.25   L 951.32 798.25   A 0.42 0.42 0.0 0 0 951.74 797.83   Q 951.76 771.03 951.76 719.99   C 951.76 710.15 959.10 709.19 967.73 709.22   Q 980.51 709.27 1026.49 709.24   A 0.38 0.37 90.0 0 0 1026.86 708.86"/>
<path vector-effect="non-scaling-stroke" d="   M 425.82 871.60   C 425.85 886.04 433.27 900.32 449.60 900.28   C 465.93 900.24 473.29 885.93 473.26 871.49   C 473.22 857.04 465.80 842.77 449.47 842.80   C 433.14 842.84 425.79 857.15 425.82 871.60"/>
<path vector-effect="non-scaling-stroke" d="   M 542.23 869.25   A 0.39 0.37 -81.7 0 0 541.87 869.53   Q 539.63 877.99 534.52 885.34   A 0.48 0.48 0.0 0 1 533.83 885.44   Q 526.03 879.11 520.40 870.69   A 0.57 0.57 0.0 0 1 520.53 869.91   C 527.38 864.80 535.45 858.74 531.66 848.92   C 528.07 839.60 513.79 841.53 510.08 850.13   C 507.69 855.64 509.42 863.06 512.19 868.40   A 0.69 0.68 -31.4 0 1 511.97 869.29   C 505.15 874.08 500.19 879.63 501.95 888.32   C 503.71 897.00 511.92 900.90 520.28 900.24   Q 528.09 899.63 534.07 894.24   A 0.59 0.59 0.0 0 1 534.81 894.19   Q 540.29 898.06 546.60 900.16   A 0.72 0.72 0.0 0 0 547.52 899.70   L 548.94 895.23   A 0.73 0.72 17.6 0 0 548.46 894.32   Q 544.14 892.96 539.05 889.53   A 0.43 0.43 0.0 0 1 538.94 888.92   Q 545.28 880.14 548.31 869.50   A 0.20 0.20 0.0 0 0 548.12 869.25   L 542.23 869.25"/>
<path vector-effect="non-scaling-stroke" d="   M 823.34 871.57   C 823.36 886.01 830.77 900.30 847.10 900.28   C 863.43 900.26 870.81 885.95 870.79 871.51   C 870.77 857.06 863.36 842.77 847.03 842.79   C 830.70 842.81 823.33 857.12 823.34 871.57"/>
<path vector-effect="non-scaling-stroke" d="   M 185.89 882.49   Q 194.78 882.50 195.45 882.49   A 0.47 0.46 79.7 0 1 195.90 882.81   L 201.40 899.13   A 0.23 0.22 80.9 0 0 201.61 899.29   L 208.36 899.29   A 0.16 0.15 -10.2 0 0 208.51 899.08   L 190.13 844.42   A 0.85 0.85 0.0 0 0 189.37 843.84   Q 187.67 843.74 185.94 843.73   Q 184.21 843.73 182.51 843.83   A 0.85 0.85 0.0 0 0 181.75 844.41   L 163.22 899.02   A 0.16 0.15 10.3 0 0 163.37 899.23   L 170.12 899.25   A 0.23 0.22 -80.8 0 0 170.33 899.09   L 175.88 882.78   A 0.47 0.46 -79.6 0 1 176.33 882.46   Q 177.00 882.48 185.89 882.49"/>
<path vector-effect="non-scaling-stroke" d="   M 256.28 900.28   C 269.99 900.25 276.04 890.77 276.06 877.99   Q 276.09 853.01 276.03 844.13   A 0.43 0.42 90.0 0 0 275.61 843.70   L 269.56 843.70   A 0.42 0.42 0.0 0 0 269.14 844.13   Q 269.21 869.46 269.19 877.49   C 269.17 885.87 266.21 894.15 256.26 894.18   C 246.31 894.20 243.32 885.92 243.26 877.55   Q 243.20 869.52 243.16 844.19   A 0.42 0.42 0.0 0 0 242.74 843.76   L 236.69 843.79   A 0.43 0.42 89.7 0 0 236.27 844.22   Q 236.25 853.10 236.39 878.08   C 236.47 890.86 242.56 900.32 256.28 900.28"/>
<path vector-effect="non-scaling-stroke" d="   M 312.28 844.25   L 312.18 898.72   A 0.57 0.57 0.0 0 0 312.75 899.30   L 327.88 899.32   A 24.40 24.38 0.1 0 0 352.32 874.98   L 352.34 868.12   A 24.40 24.38 0.1 0 0 327.98 843.70   L 312.85 843.68   A 0.57 0.57 0.0 0 0 312.28 844.25"/>
<path vector-effect="non-scaling-stroke" d="   M 392.51 844.20   A 0.48 0.48 0.0 0 0 392.03 843.72   L 385.97 843.72   A 0.48 0.48 0.0 0 0 385.49 844.20   L 385.49 898.74   A 0.48 0.48 0.0 0 0 385.97 899.22   L 392.03 899.22   A 0.48 0.48 0.0 0 0 392.51 898.74   L 392.51 844.20"/>
<path vector-effect="non-scaling-stroke" d="   M 593.53 899.26   Q 596.94 899.26 597.19 899.21   A 0.93 0.93 0.0 0 0 597.88 898.59   L 615.24 843.95   A 0.17 0.17 0.0 0 0 615.08 843.73   L 608.18 843.73   A 0.34 0.32 8.1 0 0 607.86 843.96   Q 600.80 867.80 593.92 891.53   Q 593.84 891.79 593.53 891.79   Q 593.21 891.79 593.13 891.53   Q 586.20 867.81 579.10 843.99   A 0.34 0.32 -8.2 0 0 578.78 843.76   L 571.88 843.77   A 0.17 0.17 0.0 0 0 571.72 843.99   L 589.19 898.60   A 0.93 0.93 0.0 0 0 589.88 899.21   Q 590.13 899.27 593.53 899.26"/>
<path vector-effect="non-scaling-stroke" d="   M 650.99 844.07   A 0.37 0.37 0.0 0 0 650.62 843.70   L 644.38 843.70   A 0.37 0.37 0.0 0 0 644.01 844.07   L 644.01 898.87   A 0.37 0.37 0.0 0 0 644.38 899.24   L 650.62 899.24   A 0.37 0.37 0.0 0 0 650.99 898.87   L 650.99 844.07"/>
<path vector-effect="non-scaling-stroke" d="   M 687.55 844.18   L 687.45 898.82   A 0.46 0.46 0.0 0 0 687.91 899.28   L 703.09 899.30   A 24.36 24.32 -89.9 0 0 727.45 874.98   L 727.47 868.14   A 24.36 24.32 -89.9 0 0 703.19 843.74   L 688.01 843.72   A 0.46 0.46 0.0 0 0 687.55 844.18"/>
<path vector-effect="non-scaling-stroke" d="   M 768.21 867.24   A 0.44 0.44 0.0 0 1 767.77 866.80   L 767.77 850.19   A 0.44 0.44 0.0 0 1 768.21 849.75   L 792.34 849.75   A 0.44 0.44 0.0 0 0 792.78 849.31   L 792.78 844.19   A 0.44 0.44 0.0 0 0 792.34 843.75   L 761.17 843.75   A 0.44 0.44 0.0 0 0 760.73 844.19   L 760.73 898.82   A 0.44 0.44 0.0 0 0 761.17 899.26   L 793.08 899.26   A 0.44 0.44 0.0 0 0 793.52 898.82   L 793.52 893.69   A 0.44 0.44 0.0 0 0 793.08 893.25   L 768.21 893.25   A 0.44 0.44 0.0 0 1 767.77 892.81   L 767.77 873.70   A 0.44 0.44 0.0 0 1 768.21 873.26   L 788.32 873.26   A 0.44 0.44 0.0 0 0 788.76 872.82   L 788.76 867.68   A 0.44 0.44 0.0 0 0 788.32 867.24   L 768.21 867.24"/>
<path vector-effect="non-scaling-stroke" d="   M 454.6534 190.3403   A 50.59 48.65 -90.2 0 0 406.1803 241.0998   A 50.59 48.65 -90.2 0 0 455.0066 291.5197   A 50.59 48.65 -90.2 0 0 503.4797 240.7602   A 50.59 48.65 -90.2 0 0 454.6534 190.3403"/>
<path vector-effect="non-scaling-stroke" d="   M 578.3339 190.3849   A 50.57 48.66 -90.8 0 0 530.3847 241.6294   A 50.57 48.66 -90.8 0 0 579.7461 291.5151   A 50.57 48.66 -90.8 0 0 627.6953 240.2706   A 50.57 48.66 -90.8 0 0 578.3339 190.3849"/>
<path vector-effect="non-scaling-stroke" d="   M 630.47 320.45   C 614.47 337.44 592.88 348.99 570.53 355.26   Q 525.20 367.97 477.73 360.23   C 446.40 355.12 417.15 342.94 394.54 320.16   A 0.15 0.15 0.0 0 0 394.30 320.34   Q 402.42 335.21 415.81 345.75   Q 426.03 353.79 434.19 358.08   A 0.59 0.59 0.0 0 1 434.41 358.92   C 431.32 363.60 422.51 376.71 424.30 382.06   C 427.61 391.97 436.70 396.78 446.33 398.68   C 450.61 399.52 459.36 399.22 462.72 395.73   C 467.60 390.67 469.54 379.31 470.99 372.36   A 0.57 0.56 10.9 0 1 471.65 371.92   Q 473.17 372.21 478.69 373.32   Q 494.41 376.47 509.88 376.46   A 0.43 0.43 0.0 0 1 510.30 376.98   Q 508.84 384.01 508.49 389.76   C 508.19 394.47 508.50 397.36 511.91 400.11   Q 518.59 405.49 527.25 407.50   C 540.70 410.62 559.47 409.29 568.08 396.60   C 570.14 393.55 569.28 390.27 567.99 387.03   Q 565.03 379.60 559.31 371.35   A 0.32 0.31 -27.1 0 1 559.47 370.87   L 575.62 365.44   A 0.73 0.72 -20.6 0 1 576.52 365.84   Q 579.29 372.44 583.90 380.11   C 587.40 385.93 591.36 390.30 598.85 389.63   C 609.87 388.64 620.45 381.34 624.87 370.90   C 626.87 366.18 625.57 362.88 622.68 359.06   Q 617.14 351.72 609.44 346.45   A 0.71 0.71 0.0 0 1 609.40 345.31   Q 622.63 334.83 630.83 320.72   A 0.23 0.23 0.0 0 0 630.47 320.45"/>
<path vector-effect="non-scaling-stroke" d="   M 475.51 238.54   Q 472.82 242.14 468.25 241.75   C 464.39 241.41 461.92 237.52 462.73 233.78   Q 463.36 230.88 465.79 228.82   A 0.41 0.41 0.0 0 0 465.65 228.12   Q 450.67 223.48 442.36 234.57   C 438.52 239.70 437.66 246.43 440.31 252.14   Q 445.63 263.63 457.57 264.70   C 464.15 265.29 470.80 261.91 474.45 256.45   Q 480.05 248.05 476.24 238.63   A 0.42 0.42 0.0 0 0 475.51 238.54"/>
<path vector-effect="non-scaling-stroke" d="   M 592.31 238.75   Q 591.58 239.32 590.76 239.98   C 587.57 242.55 582.49 242.58 580.18 238.88   C 578.11 235.56 579.43 231.11 582.43 228.86   A 0.28 0.28 0.0 0 0 582.37 228.37   C 559.65 219.14 543.80 250.10 565.79 262.40   C 574.48 267.27 585.25 264.47 590.94 256.49   Q 596.41 248.82 593.04 238.96   A 0.47 0.46 -28.6 0 0 592.31 238.75"/>
<path vector-effect="non-scaling-stroke" d="   M 456.3101 246.0506   A 4.82 4.61 -47.6 0 0 449.6557 246.5015   A 4.82 4.61 -47.6 0 0 449.8099 253.1694   A 4.82 4.61 -47.6 0 0 456.4643 252.7185   A 4.82 4.61 -47.6 0 0 456.3101 246.0506"/>
<path vector-effect="non-scaling-stroke" d="   M 575.23 249.49   A 4.79 4.79 0.0 0 0 570.44 244.70   A 4.79 4.79 0.0 0 0 565.65 249.49   A 4.79 4.79 0.0 0 0 570.44 254.28   A 4.79 4.79 0.0 0 0 575.23 249.49"/>
<path vector-effect="non-scaling-stroke" d="   M 316.38 719.37   A 10.10 10.10 0.0 0 0 306.28 709.27   L 252.96 709.27   A 10.10 10.10 0.0 0 0 242.86 719.37   L 242.86 759.87   A 10.10 10.10 0.0 0 0 252.96 769.97   L 306.28 769.97   A 10.10 10.10 0.0 0 0 316.38 759.87   L 316.38 719.37"/>
<path vector-effect="non-scaling-stroke" d="   M 433.16 871.54   C 433.15 881.54 437.29 894.11 449.51 894.12   C 461.74 894.13 465.89 881.57 465.90 871.56   C 465.91 861.56 461.78 848.99 449.55 848.98   C 437.32 848.97 433.17 861.53 433.16 871.54"/>
<path vector-effect="non-scaling-stroke" d="   M 517.35 865.37   Q 517.37 865.37 517.45 865.33   Q 521.55 863.22 524.56 859.71   C 527.52 856.26 528.32 849.78 523.13 848.04   C 517.95 846.31 514.69 851.97 514.98 856.51   Q 515.28 861.12 517.28 865.27   Q 517.32 865.36 517.35 865.37"/>
<path vector-effect="non-scaling-stroke" d="   M 529.20 889.73   Q 521.34 882.70 515.68 874.42   A 0.60 0.59 53.8 0 0 514.83 874.28   Q 511.02 877.25 509.42 880.42   C 507.09 885.03 508.87 890.72 513.30 893.25   C 518.51 896.21 524.80 894.45 529.18 890.77   A 0.69 0.69 0.0 0 0 529.20 889.73"/>
<path vector-effect="non-scaling-stroke" d="   M 830.67 871.53   C 830.66 881.54 834.80 894.11 847.03 894.12   C 859.26 894.13 863.41 881.56 863.42 871.55   C 863.42 861.54 859.28 848.97 847.05 848.96   C 834.82 848.96 830.67 861.53 830.67 871.53"/>
<path vector-effect="non-scaling-stroke" d="   M 185.80 876.75   Q 189.94 876.75 193.76 876.68   A 0.26 0.26 0.0 0 0 194.01 876.34   Q 188.56 858.99 186.02 849.95   Q 185.97 849.79 185.79 849.79   Q 185.61 849.79 185.56 849.95   Q 183.03 858.99 177.59 876.35   A 0.26 0.26 0.0 0 0 177.84 876.69   Q 181.66 876.75 185.80 876.75"/>
<path vector-effect="non-scaling-stroke" d="   M 319.25 850.05   L 319.25 892.97   A 0.57 0.57 0.0 0 0 319.82 893.54   L 326.79 893.54   A 18.71 18.20 90.0 0 0 344.99 874.83   L 344.99 868.19   A 18.71 18.20 -90.0 0 0 326.79 849.48   L 319.82 849.48   A 0.57 0.57 0.0 0 0 319.25 850.05"/>
<path vector-effect="non-scaling-stroke" d="   M 694.50 850.01   L 694.50 893.01   A 0.55 0.55 0.0 0 0 695.05 893.56   L 701.97 893.56   A 18.71 18.19 90.0 0 0 720.16 874.85   L 720.16 868.17   A 18.71 18.19 -90.0 0 0 701.97 849.46   L 695.05 849.46   A 0.55 0.55 0.0 0 0 694.50 850.01"/>
</g>

<path fill="#333333" d="   M 758.82 487.81   Q 759.22 485.70 760.73 471.53   Q 763.48 445.53 757.58 420.42   Q 750.88 391.96 730.44 371.34   A 0.33 0.32 27.7 0 0 729.89 371.51   Q 723.13 408.00 704.40 439.97   Q 672.29 494.79 616.40 524.15   A 2.38 2.37 -10.4 0 0 615.14 525.97   Q 612.77 545.71 605.58 564.03   C 603.66 568.94 602.59 575.40 605.74 579.93   Q 610.35 586.59 617.76 589.29   C 622.84 591.14 630.47 590.94 635.78 591.63   Q 649.15 593.37 657.44 597.59   C 666.17 602.04 671.48 610.15 676.08 618.57   A 0.34 0.34 0.0 0 1 675.78 619.08   Q 611.30 619.06 597.55 619.11   Q 587.15 619.14 585.48 618.74   C 577.90 616.95 572.08 611.69 569.65 604.13   Q 568.63 600.96 568.53 593.78   Q 568.22 569.86 564.86 544.36   A 0.62 0.61 80.3 0 0 564.13 543.84   Q 529.45 550.52 494.30 547.67   Q 482.17 546.69 469.78 543.87   A 0.54 0.53 -80.0 0 0 469.14 544.32   Q 465.75 569.10 465.51 592.21   Q 465.41 601.62 464.03 605.13   C 460.78 613.43 453.13 619.04 443.99 619.05   Q 386.82 619.11 358.23 619.06   A 0.42 0.41 -77.0 0 1 357.86 618.46   Q 361.54 611.01 367.27 604.59   C 375.76 595.06 390.50 592.10 402.50 591.20   C 412.32 590.47 420.73 590.01 427.14 581.70   C 430.89 576.84 430.98 571.04 428.97 565.51   Q 421.70 545.46 418.64 525.23   A 1.07 1.05 9.7 0 0 418.08 524.45   C 358.34 493.97 316.54 437.44 304.10 371.58   A 0.33 0.32 62.9 0 0 303.56 371.40   C 271.13 402.58 267.80 445.68 275.14 487.69   A 0.47 0.46 76.4 0 0 275.73 488.06   Q 282.67 485.86 289.59 488.47   C 295.31 490.63 302.96 496.62 303.09 503.36   A 2.58 2.56 81.1 0 1 301.27 505.88   C 298.88 506.61 295.42 504.24 290.97 502.06   Q 288.73 500.97 282.69 500.82   A 0.35 0.35 0.0 0 0 282.40 501.37   Q 285.56 505.76 287.48 510.51   C 288.45 512.92 289.88 518.38 287.35 519.98   A 1.90 1.62 51.1 0 1 285.16 519.57   Q 283.87 518.21 282.38 516.08   A 2.89 2.69 -88.0 0 0 282.12 515.78   L 274.48 508.25   A 0.17 0.17 0.0 0 0 274.19 508.37   C 274.25 513.15 274.36 518.86 271.80 522.49   A 2.27 2.15 -54.4 0 1 268.71 523.09   Q 267.20 521.99 266.48 519.74   Q 263.49 510.45 268.18 501.57   A 0.28 0.28 0.0 0 0 267.82 501.18   C 263.36 503.02 261.91 505.63 260.14 509.92   C 259.12 512.37 256.59 513.76 254.15 512.27   C 251.60 510.72 253.63 505.47 254.77 503.53   Q 258.58 497.05 266.11 495.02   A 0.50 0.49 68.1 0 0 266.41 494.30   Q 246.96 459.66 245.88 420.22   C 244.72 377.87 264.52 337.36 300.61 314.78   A 1.05 1.04 76.3 0 0 301.10 313.97   Q 305.58 257.93 336.13 210.81   A 0.40 0.40 0.0 0 0 335.88 210.20   C 314.00 205.27 289.37 197.42 273.80 180.47   C 256.56 161.72 251.86 134.54 259.77 110.61   A 0.49 0.48 -80.3 0 0 259.32 109.97   C 244.45 109.63 235.00 119.35 225.63 129.83   A 0.20 0.20 0.0 0 1 225.30 129.62   C 239.74 95.52 276.59 77.41 312.47 83.53   Q 338.52 87.97 357.72 108.33   C 370.57 121.95 377.53 138.06 386.64 156.14   A 0.57 0.57 0.0 0 0 387.49 156.34   Q 409.27 139.73 434.81 129.30   Q 435.91 128.86 447.48 124.45   A 0.47 0.46 -27.2 0 0 447.71 123.76   Q 438.92 110.19 429.54 92.75   C 424.08 82.60 417.06 71.24 411.98 62.04   C 404.23 48.01 393.15 19.62 412.65 9.90   Q 416.92 7.78 423.59 7.91   Q 430.58 8.04 434.77 9.25   Q 444.67 12.12 453.79 19.02   Q 473.94 34.27 479.10 59.42   C 480.74 67.40 479.86 75.81 478.51 83.50   Q 476.64 94.11 475.01 104.75   Q 474.01 111.26 474.21 117.24   A 0.43 0.43 0.0 0 0 474.72 117.64   Q 517.89 108.86 560.05 117.59   A 0.76 0.76 0.0 0 0 560.95 116.75   Q 559.24 102.44 556.33 87.67   C 553.94 75.48 553.76 62.59 558.06 50.03   Q 566.21 26.24 588.37 13.89   Q 601.00 6.84 614.50 8.14   Q 627.13 9.35 630.89 21.09   C 635.14 34.33 627.84 51.67 621.19 63.45   Q 606.52 89.41 596.21 107.71   Q 592.71 113.90 586.19 123.71   A 0.53 0.53 0.0 0 0 586.45 124.50   Q 618.71 136.29 646.41 156.43   A 0.59 0.59 0.0 0 0 647.29 156.21   C 657.96 134.54 667.15 113.95 685.82 99.39   C 726.98 67.28 787.50 82.01 808.76 129.69   A 0.24 0.24 0.0 0 1 808.36 129.95   Q 802.67 123.33 796.42 118.12   C 790.93 113.55 782.41 110.17 775.32 111.95   A 0.33 0.33 0.0 0 0 775.09 112.37   C 781.34 131.56 778.75 152.20 769.43 169.97   C 756.02 195.53 726.28 205.69 699.19 212.06   A 0.55 0.54 67.0 0 0 698.86 212.89   Q 726.03 254.40 732.41 304.02   Q 733.76 314.57 733.96 316.01   A 0.87 0.86 13.0 0 0 734.35 316.63   Q 769.63 339.73 781.88 378.68   C 794.27 418.06 787.23 459.64 767.63 495.28   A 0.51 0.51 0.0 0 0 768.00 496.03   C 774.47 496.98 780.05 502.38 780.91 508.94   C 781.33 512.07 779.91 514.83 776.36 513.56   C 774.11 512.76 773.71 510.62 772.78 508.53   C 771.41 505.45 769.17 503.55 766.15 502.11   A 0.27 0.27 0.0 0 0 765.80 502.49   Q 770.44 510.91 768.00 519.36   C 767.34 521.62 765.22 524.84 762.51 522.68   C 759.52 520.28 759.62 511.97 759.73 508.22   A 0.23 0.23 0.0 0 0 759.33 508.05   L 752.14 515.20   A 3.02 2.71 -84.2 0 0 751.88 515.52   C 750.68 517.30 748.30 521.63 746.01 518.76   C 742.88 514.83 748.99 504.99 751.64 501.31   A 0.40 0.40 0.0 0 0 751.30 500.68   Q 745.23 500.96 742.53 502.11   Q 741.06 502.74 736.02 505.53   C 733.00 507.21 729.86 504.83 731.00 501.50   C 734.78 490.38 747.42 485.39 758.24 488.17   A 0.47 0.47 0.0 0 0 758.82 487.81   Z   M 454.6534 190.3403   A 50.59 48.65 -90.2 0 0 406.1803 241.0998   A 50.59 48.65 -90.2 0 0 455.0066 291.5197   A 50.59 48.65 -90.2 0 0 503.4797 240.7602   A 50.59 48.65 -90.2 0 0 454.6534 190.3403   Z   M 578.3339 190.3849   A 50.57 48.66 -90.8 0 0 530.3847 241.6294   A 50.57 48.66 -90.8 0 0 579.7461 291.5151   A 50.57 48.66 -90.8 0 0 627.6953 240.2706   A 50.57 48.66 -90.8 0 0 578.3339 190.3849   Z   M 630.47 320.45   C 614.47 337.44 592.88 348.99 570.53 355.26   Q 525.20 367.97 477.73 360.23   C 446.40 355.12 417.15 342.94 394.54 320.16   A 0.15 0.15 0.0 0 0 394.30 320.34   Q 402.42 335.21 415.81 345.75   Q 426.03 353.79 434.19 358.08   A 0.59 0.59 0.0 0 1 434.41 358.92   C 431.32 363.60 422.51 376.71 424.30 382.06   C 427.61 391.97 436.70 396.78 446.33 398.68   C 450.61 399.52 459.36 399.22 462.72 395.73   C 467.60 390.67 469.54 379.31 470.99 372.36   A 0.57 0.56 10.9 0 1 471.65 371.92   Q 473.17 372.21 478.69 373.32   Q 494.41 376.47 509.88 376.46   A 0.43 0.43 0.0 0 1 510.30 376.98   Q 508.84 384.01 508.49 389.76   C 508.19 394.47 508.50 397.36 511.91 400.11   Q 518.59 405.49 527.25 407.50   C 540.70 410.62 559.47 409.29 568.08 396.60   C 570.14 393.55 569.28 390.27 567.99 387.03   Q 565.03 379.60 559.31 371.35   A 0.32 0.31 -27.1 0 1 559.47 370.87   L 575.62 365.44   A 0.73 0.72 -20.6 0 1 576.52 365.84   Q 579.29 372.44 583.90 380.11   C 587.40 385.93 591.36 390.30 598.85 389.63   C 609.87 388.64 620.45 381.34 624.87 370.90   C 626.87 366.18 625.57 362.88 622.68 359.06   Q 617.14 351.72 609.44 346.45   A 0.71 0.71 0.0 0 1 609.40 345.31   Q 622.63 334.83 630.83 320.72   A 0.23 0.23 0.0 0 0 630.47 320.45   Z"/>


<path fill="#333333" d="   M 475.51 238.54   A 0.42 0.42 0.0 0 1 476.24 238.63   Q 480.05 248.05 474.45 256.45   C 470.80 261.91 464.15 265.29 457.57 264.70   Q 445.63 263.63 440.31 252.14   C 437.66 246.43 438.52 239.70 442.36 234.57   Q 450.67 223.48 465.65 228.12   A 0.41 0.41 0.0 0 1 465.79 228.82   Q 463.36 230.88 462.73 233.78   C 461.92 237.52 464.39 241.41 468.25 241.75   Q 472.82 242.14 475.51 238.54   Z   M 456.3101 246.0506   A 4.82 4.61 -47.6 0 0 449.6557 246.5015   A 4.82 4.61 -47.6 0 0 449.8099 253.1694   A 4.82 4.61 -47.6 0 0 456.4643 252.7185   A 4.82 4.61 -47.6 0 0 456.3101 246.0506   Z"/>
<path fill="#333333" d="   M 593.04 238.96   Q 596.41 248.82 590.94 256.49   C 585.25 264.47 574.48 267.27 565.79 262.40   C 543.80 250.10 559.65 219.14 582.37 228.37   A 0.28 0.28 0.0 0 1 582.43 228.86   C 579.43 231.11 578.11 235.56 580.18 238.88   C 582.49 242.58 587.57 242.55 590.76 239.98   Q 591.58 239.32 592.31 238.75   A 0.47 0.46 -28.6 0 1 593.04 238.96   Z   M 575.23 249.49   A 4.79 4.79 0.0 0 0 570.44 244.70   A 4.79 4.79 0.0 0 0 565.65 249.49   A 4.79 4.79 0.0 0 0 570.44 254.28   A 4.79 4.79 0.0 0 0 575.23 249.49   Z"/>



<path fill="#333333" d="   M 97.60 758.71   Q 97.76 758.71 97.84 758.56   Q 128.03 706.09 161.62 647.83   Q 165.41 641.25 172.45 640.70   C 181.86 639.96 188.21 646.91 188.12 656.24   Q 188.11 657.29 188.14 797.61   A 0.65 0.64 0.0 0 1 187.49 798.25   L 160.18 798.25   A 0.39 0.38 -0.0 0 1 159.79 797.87   L 159.79 706.49   A 0.21 0.21 0.0 0 0 159.39 706.39   Q 123.93 768.61 109.78 793.30   C 107.25 797.72 102.77 800.42 97.61 800.42   C 92.45 800.42 87.97 797.73 85.43 793.30   Q 71.28 768.62 35.80 706.41   A 0.21 0.21 0.0 0 0 35.40 706.51   L 35.43 797.89   A 0.39 0.38 -0.0 0 1 35.04 798.27   L 7.73 798.28   A 0.65 0.64 -0.0 0 1 7.08 797.64   Q 7.06 657.32 7.05 656.27   C 6.96 646.94 13.31 639.99 22.72 640.72   Q 29.76 641.27 33.55 647.85   Q 67.16 706.10 97.37 758.56   Q 97.45 758.71 97.60 758.71   Z"/>
<path fill="#333333" d="   M 683.66 642.75   L 711.32 642.75   A 0.43 0.43 0.0 0 1 711.75 643.18   L 711.75 680.57   A 0.43 0.43 0.0 0 0 712.18 681.00   L 760.59 681.00   A 0.43 0.43 0.0 0 1 761.02 681.43   L 761.02 708.84   A 0.43 0.43 0.0 0 1 760.59 709.27   L 712.19 709.27   A 0.43 0.43 0.0 0 0 711.76 709.70   L 711.76 797.84   A 0.43 0.43 0.0 0 1 711.33 798.27   L 683.66 798.27   A 0.43 0.43 0.0 0 1 683.23 797.84   L 683.23 709.69   A 0.43 0.43 0.0 0 0 682.80 709.26   L 646.97 709.26   A 0.43 0.43 0.0 0 1 646.54 708.83   L 646.54 681.43   A 0.43 0.43 0.0 0 1 646.97 681.00   L 682.80 681.00   A 0.43 0.43 0.0 0 0 683.23 680.57   L 683.23 643.18   A 0.43 0.43 0.0 0 1 683.66 642.75   Z"/>
<path fill="#333333" d="   M 344.4645 760.0333   A 38.31 38.31 0.0 0 1 306.0877 798.2764   L 252.8678 798.1835   A 38.31 38.31 0.0 0 1 214.6247 759.8067   L 214.6955 719.2267   A 38.31 38.31 0.0 0 1 253.0723 680.9836   L 306.2922 681.0765   A 38.31 38.31 0.0 0 1 344.5353 719.4533   L 344.4645 760.0333   Z   M 316.38 719.37   A 10.10 10.10 0.0 0 0 306.28 709.27   L 252.96 709.27   A 10.10 10.10 0.0 0 0 242.86 719.37   L 242.86 759.87   A 10.10 10.10 0.0 0 0 252.96 769.97   L 306.28 769.97   A 10.10 10.10 0.0 0 0 316.38 759.87   L 316.38 719.37   Z"/>
<path fill="#333333" d="   M 497.72 798.26   L 470.68 798.26   A 0.42 0.42 0.0 0 1 470.26 797.83   Q 470.36 755.24 470.21 733.31   Q 470.10 717.54 455.74 710.83   Q 452.75 709.42 444.76 709.35   Q 423.63 709.14 397.02 709.31   A 0.23 0.22 -90.0 0 0 396.80 709.54   L 396.80 797.91   A 0.37 0.36 -0.0 0 1 396.43 798.27   L 369.23 798.27   A 0.69 0.68 0.0 0 1 368.54 797.59   Q 368.59 707.72 368.52 703.58   Q 368.32 691.37 369.86 688.70   C 374.23 681.16 379.65 680.93 388.96 680.97   Q 415.15 681.07 439.05 680.96   Q 451.25 680.90 457.39 682.18   C 479.21 686.74 495.01 702.44 497.85 724.86   C 498.69 731.50 498.51 738.94 498.52 746.10   Q 498.53 784.09 498.48 797.50   A 0.76 0.76 0.0 0 1 497.72 798.26   Z"/>
<path fill="#333333" d="   M 622.62 708.97   A 0.29 0.29 0.0 0 1 622.33 709.26   L 552.30 709.26   A 5.03 5.03 0.0 0 0 547.27 714.42   L 547.27 714.56   A 4.75 4.75 0.0 0 0 552.02 719.23   Q 593.51 719.24 596.25 719.23   C 610.15 719.19 622.11 724.02 629.69 736.00   C 637.94 749.02 638.89 765.86 631.44 779.26   C 624.40 791.93 610.28 798.22 595.74 798.24   Q 544.84 798.33 521.16 798.25   A 0.57 0.56 -0.0 0 1 520.59 797.69   L 520.59 770.35   A 0.36 0.35 -89.2 0 1 520.95 769.99   Q 566.99 770.04 597.49 769.95   C 606.28 769.93 610.14 762.36 607.73 754.53   C 605.95 748.72 601.74 747.27 596.25 747.27   Q 564.30 747.28 552.26 747.18   Q 544.58 747.12 539.25 744.74   C 524.31 738.07 517.11 723.86 519.77 708.09   C 522.66 690.94 537.08 681.26 554.26 681.09   Q 570.15 680.93 622.29 681.02   A 0.33 0.33 0.0 0 1 622.62 681.35   L 622.62 708.97   Z"/>
<path fill="#333333" d="   M 815.51 732.40   A 0.46 0.45 -90.0 0 1 815.96 731.94   Q 846.92 732.12 866.41 731.87   C 881.90 731.66 882.86 708.56 866.99 707.86   Q 863.29 707.69 816.52 707.78   Q 808.16 707.79 805.17 713.34   Q 803.35 716.71 803.43 726.40   Q 803.64 749.45 803.50 758.00   Q 803.46 760.64 804.05 763.38   C 804.93 767.53 809.72 771.20 813.75 771.22   Q 826.02 771.27 865.98 771.24   A 0.42 0.42 0.0 0 1 866.41 771.66   L 866.41 797.48   A 0.74 0.73 -0.4 0 1 865.68 798.21   Q 831.20 798.33 817.50 798.26   C 794.09 798.12 776.75 783.41 776.70 759.01   Q 776.62 724.35 776.77 719.27   C 777.41 697.29 793.36 681.02 815.74 681.00   Q 847.94 680.99 864.75 681.02   C 882.52 681.05 897.01 689.61 903.16 706.26   Q 906.13 714.31 904.77 724.55   Q 901.83 746.58 882.16 755.71   Q 876.12 758.51 866.75 758.74   Q 864.76 758.80 815.89 758.73   A 0.38 0.38 0.0 0 1 815.51 758.35   L 815.51 732.40   Z"/>
<path fill="#333333" d="   M 1026.86 708.86   A 0.38 0.37 -90.0 0 1 1026.49 709.24   Q 980.51 709.27 967.73 709.22   C 959.10 709.19 951.76 710.15 951.76 719.99   Q 951.76 771.03 951.74 797.83   A 0.42 0.42 0.0 0 1 951.32 798.25   L 924.14 798.25   A 0.53 0.53 0.0 0 1 923.61 797.72   Q 923.55 728.26 923.62 720.81   C 923.86 695.74 941.27 681.03 965.25 681.01   Q 1022.12 680.97 1026.33 681.02   A 0.54 0.54 0.0 0 1 1026.86 681.56   L 1026.86 708.86   Z"/>

<path fill="#333333" d="   M 449.47 842.80   C 465.80 842.77 473.22 857.04 473.26 871.49   C 473.29 885.93 465.93 900.24 449.60 900.28   C 433.27 900.32 425.85 886.04 425.82 871.60   C 425.79 857.15 433.14 842.84 449.47 842.80   Z   M 433.16 871.54   C 433.15 881.54 437.29 894.11 449.51 894.12   C 461.74 894.13 465.89 881.57 465.90 871.56   C 465.91 861.56 461.78 848.99 449.55 848.98   C 437.32 848.97 433.17 861.53 433.16 871.54   Z"/>
<path fill="#333333" d="   M 548.31 869.50   Q 545.28 880.14 538.94 888.92   A 0.43 0.43 0.0 0 0 539.05 889.53   Q 544.14 892.96 548.46 894.32   A 0.73 0.72 17.6 0 1 548.94 895.23   L 547.52 899.70   A 0.72 0.72 0.0 0 1 546.60 900.16   Q 540.29 898.06 534.81 894.19   A 0.59 0.59 0.0 0 0 534.07 894.24   Q 528.09 899.63 520.28 900.24   C 511.92 900.90 503.71 897.00 501.95 888.32   C 500.19 879.63 505.15 874.08 511.97 869.29   A 0.69 0.68 -31.4 0 0 512.19 868.40   C 509.42 863.06 507.69 855.64 510.08 850.13   C 513.79 841.53 528.07 839.60 531.66 848.92   C 535.45 858.74 527.38 864.80 520.53 869.91   A 0.57 0.57 0.0 0 0 520.40 870.69   Q 526.03 879.11 533.83 885.44   A 0.48 0.48 0.0 0 0 534.52 885.34   Q 539.63 877.99 541.87 869.53   A 0.39 0.37 -81.7 0 1 542.23 869.25   L 548.12 869.25   A 0.20 0.20 0.0 0 1 548.31 869.50   Z   M 517.35 865.37   Q 517.37 865.37 517.45 865.33   Q 521.55 863.22 524.56 859.71   C 527.52 856.26 528.32 849.78 523.13 848.04   C 517.95 846.31 514.69 851.97 514.98 856.51   Q 515.28 861.12 517.28 865.27   Q 517.32 865.36 517.35 865.37   Z   M 529.20 889.73   Q 521.34 882.70 515.68 874.42   A 0.60 0.59 53.8 0 0 514.83 874.28   Q 511.02 877.25 509.42 880.42   C 507.09 885.03 508.87 890.72 513.30 893.25   C 518.51 896.21 524.80 894.45 529.18 890.77   A 0.69 0.69 0.0 0 0 529.20 889.73   Z"/>
<path fill="#333333" d="   M 823.34 871.57   C 823.33 857.12 830.70 842.81 847.03 842.79   C 863.36 842.77 870.77 857.06 870.79 871.51   C 870.81 885.95 863.43 900.26 847.10 900.28   C 830.77 900.30 823.36 886.01 823.34 871.57   Z   M 830.67 871.53   C 830.66 881.54 834.80 894.11 847.03 894.12   C 859.26 894.13 863.41 881.56 863.42 871.55   C 863.42 861.54 859.28 848.97 847.05 848.96   C 834.82 848.96 830.67 861.53 830.67 871.53   Z"/>
<path fill="#333333" d="   M 185.94 843.73   Q 187.67 843.74 189.37 843.84   A 0.85 0.85 0.0 0 1 190.13 844.42   L 208.51 899.08   A 0.16 0.15 -10.2 0 1 208.36 899.29   L 201.61 899.29   A 0.23 0.22 80.9 0 1 201.40 899.13   L 195.90 882.81   A 0.47 0.46 79.7 0 0 195.45 882.49   Q 194.78 882.50 185.89 882.49   Q 177.00 882.48 176.33 882.46   A 0.47 0.46 -79.6 0 0 175.88 882.78   L 170.33 899.09   A 0.23 0.22 -80.8 0 1 170.12 899.25   L 163.37 899.23   A 0.16 0.15 10.3 0 1 163.22 899.02   L 181.75 844.41   A 0.85 0.85 0.0 0 1 182.51 843.83   Q 184.21 843.73 185.94 843.73   Z   M 185.80 876.75   Q 189.94 876.75 193.76 876.68   A 0.26 0.26 0.0 0 0 194.01 876.34   Q 188.56 858.99 186.02 849.95   Q 185.97 849.79 185.79 849.79   Q 185.61 849.79 185.56 849.95   Q 183.03 858.99 177.59 876.35   A 0.26 0.26 0.0 0 0 177.84 876.69   Q 181.66 876.75 185.80 876.75   Z"/>
<path fill="#333333" d="   M 256.26 894.18   C 266.21 894.15 269.17 885.87 269.19 877.49   Q 269.21 869.46 269.14 844.13   A 0.42 0.42 0.0 0 1 269.56 843.70   L 275.61 843.70   A 0.43 0.42 90.0 0 1 276.03 844.13   Q 276.09 853.01 276.06 877.99   C 276.04 890.77 269.99 900.25 256.28 900.28   C 242.56 900.32 236.47 890.86 236.39 878.08   Q 236.25 853.10 236.27 844.22   A 0.43 0.42 89.7 0 1 236.69 843.79   L 242.74 843.76   A 0.42 0.42 0.0 0 1 243.16 844.19   Q 243.20 869.52 243.26 877.55   C 243.32 885.92 246.31 894.20 256.26 894.18   Z"/>
<path fill="#333333" d="   M 312.28 844.25   A 0.57 0.57 0.0 0 1 312.85 843.68   L 327.98 843.70   A 24.40 24.38 0.1 0 1 352.34 868.12   L 352.32 874.98   A 24.40 24.38 0.1 0 1 327.88 899.32   L 312.75 899.30   A 0.57 0.57 0.0 0 1 312.18 898.72   L 312.28 844.25   Z   M 319.25 850.05   L 319.25 892.97   A 0.57 0.57 0.0 0 0 319.82 893.54   L 326.79 893.54   A 18.71 18.20 90.0 0 0 344.99 874.83   L 344.99 868.19   A 18.71 18.20 -90.0 0 0 326.79 849.48   L 319.82 849.48   A 0.57 0.57 0.0 0 0 319.25 850.05   Z"/>
<rect fill="#333333" x="385.49" y="843.72" width="1121.6599999999999" height="1121.29" rx="0.48"/>
<path fill="#333333" d="   M 593.53 891.79   Q 593.84 891.79 593.92 891.53   Q 600.80 867.80 607.86 843.96   A 0.34 0.32 8.1 0 1 608.18 843.73   L 615.08 843.73   A 0.17 0.17 0.0 0 1 615.24 843.95   L 597.88 898.59   A 0.93 0.93 0.0 0 1 597.19 899.21   Q 596.94 899.26 593.53 899.26   Q 590.13 899.27 589.88 899.21   A 0.93 0.93 0.0 0 1 589.19 898.60   L 571.72 843.99   A 0.17 0.17 0.0 0 1 571.88 843.77   L 578.78 843.76   A 0.34 0.32 -8.2 0 1 579.10 843.99   Q 586.20 867.81 593.13 891.53   Q 593.21 891.79 593.53 891.79   Z"/>
<rect fill="#333333" x="644.01" y="843.70" width="1121.6599999999999" height="1121.29" rx="0.37"/>
<path fill="#333333" d="   M 687.55 844.18   A 0.46 0.46 0.0 0 1 688.01 843.72   L 703.19 843.74   A 24.36 24.32 -89.9 0 1 727.47 868.14   L 727.45 874.98   A 24.36 24.32 -89.9 0 1 703.09 899.30   L 687.91 899.28   A 0.46 0.46 0.0 0 1 687.45 898.82   L 687.55 844.18   Z   M 694.50 850.01   L 694.50 893.01   A 0.55 0.55 0.0 0 0 695.05 893.56   L 701.97 893.56   A 18.71 18.19 90.0 0 0 720.16 874.85   L 720.16 868.17   A 18.71 18.19 -90.0 0 0 701.97 849.46   L 695.05 849.46   A 0.55 0.55 0.0 0 0 694.50 850.01   Z"/>
<path fill="#333333" d="   M 768.21 867.24   L 788.32 867.24   A 0.44 0.44 0.0 0 1 788.76 867.68   L 788.76 872.82   A 0.44 0.44 0.0 0 1 788.32 873.26   L 768.21 873.26   A 0.44 0.44 0.0 0 0 767.77 873.70   L 767.77 892.81   A 0.44 0.44 0.0 0 0 768.21 893.25   L 793.08 893.25   A 0.44 0.44 0.0 0 1 793.52 893.69   L 793.52 898.82   A 0.44 0.44 0.0 0 1 793.08 899.26   L 761.17 899.26   A 0.44 0.44 0.0 0 1 760.73 898.82   L 760.73 844.19   A 0.44 0.44 0.0 0 1 761.17 843.75   L 792.34 843.75   A 0.44 0.44 0.0 0 1 792.78 844.19   L 792.78 849.31   A 0.44 0.44 0.0 0 1 792.34 849.75   L 768.21 849.75   A 0.44 0.44 0.0 0 0 767.77 850.19   L 767.77 866.80   A 0.44 0.44 0.0 0 0 768.21 867.24   Z"/>








                        </g>
                    </svg>