
<!-- AI_VECTORIZED_FILE: Clean vectorized result, no background removal needed -->
<svg data-crop-extracted="true" xmlns="http://www.w3.org/2000/svg" version="1.1" viewBox="0.00 0.00 539.00 604.00" data-ai-vectorized="true">
    <path  vector-effect="non-scaling-stroke" d="
  M 234.78 472.05
  Q 245.51 469.81 252.81 461.05
  C 264.78 446.66 270.70 425.33 269.72 406.91
  Q 268.90 391.62 265.64 376.06
  A 0.32 0.32 0.0 0 0 265.04 375.98
  C 258.94 388.14 251.69 399.16 240.00 406.09
  A 0.92 0.91 60.2 0 1 238.73 405.74
  Q 228.55 387.12 211.78 374.45
  Q 195.74 362.33 177.66 353.83
  A 0.04 0.04 0.0 0 1 177.68 353.75
  L 194.32 353.75
  A 0.42 0.42 0.0 0 0 194.74 353.33
  L 194.74 346.15
  A 0.42 0.41 90.0 0 0 194.33 345.73
  L 182.31 345.73
  A 0.57 0.56 0.0 0 1 181.74 345.17
  L 181.74 336.03
  A 0.54 0.53 -0.0 0 1 182.28 335.50
  L 194.25 335.50
  A 0.48 0.48 0.0 0 0 194.73 335.02
  L 194.73 328.25
  A 0.51 0.51 0.0 0 0 194.22 327.74
  L 182.21 327.74
  A 0.47 0.47 0.0 0 1 181.74 327.27
  L 181.74 321.20
  A 0.45 0.44 -90.0 0 1 182.18 320.75
  L 194.34 320.75
  A 0.39 0.39 0.0 0 0 194.73 320.36
  L 194.73 313.20
  A 0.46 0.45 -0.0 0 0 194.27 312.75
  L 175.11 312.75
  A 0.60 0.60 0.0 0 0 174.51 313.35
  L 174.51 353.16
  A 0.90 0.87 25.7 0 0 174.72 353.73
  Q 175.35 354.46 175.58 354.93
  C 181.83 367.58 187.38 384.11 185.29 398.00
  C 183.37 410.67 178.44 423.36 179.44 436.73
  Q 180.30 448.13 183.08 455.20
  Q 186.49 463.88 194.03 470.34"
/>
    <path  vector-effect="non-scaling-stroke" d="
  M 231.57 472.11
  Q 221.23 458.45 219.76 439.99
  C 218.66 426.30 217.48 415.14 212.66 403.37
  Q 201.30 375.64 179.45 356.54
  Q 178.60 355.79 177.80 355.52
  A 0.13 0.13 0.0 0 0 177.67 355.74
  Q 179.85 357.75 180.61 358.68
  Q 196.51 377.93 203.65 401.38
  Q 207.75 414.86 207.45 426.75
  Q 207.04 443.34 207.27 447.01
  Q 208.14 460.38 213.52 472.29"
/>
    <path  vector-effect="non-scaling-stroke" d="
  M 437.37 234.20
  L 431.36 234.19
  A 1.17 1.16 79.2 0 1 430.28 233.45
  Q 419.65 206.43 425.58 177.49
  C 428.42 163.61 433.43 144.05 434.72 126.82
  Q 435.46 116.94 434.26 103.71
  C 431.14 69.44 420.11 34.80 400.79 6.15
  A 0.08 0.06 55.9 0 0 400.69 6.11
  Q 400.66 6.14 400.64 6.14
  A 0.17 0.09 68.6 0 0 400.61 6.35
  Q 422.01 52.99 420.05 104.69
  C 419.53 118.64 417.11 130.72 412.93 143.21
  Q 408.84 155.42 403.68 171.79
  Q 395.08 199.05 399.63 226.54"
/>
    <path  vector-effect="non-scaling-stroke" d="
  M 89.50 335.95
  A 0.45 0.45 0.0 0 1 89.95 335.50
  L 100.28 335.50
  A 0.45 0.45 0.0 0 0 100.73 335.05
  L 100.73 328.18
  A 0.45 0.45 0.0 0 0 100.28 327.73
  L 89.95 327.73
  A 0.45 0.45 0.0 0 1 89.50 327.28
  L 89.50 320.94
  A 0.45 0.45 0.0 0 1 89.95 320.49
  L 100.28 320.49
  A 0.45 0.45 0.0 0 0 100.73 320.04
  L 100.73 313.22
  A 0.45 0.45 0.0 0 0 100.28 312.77
  L 82.72 312.77
  A 0.45 0.45 0.0 0 0 82.27 313.22
  L 82.27 353.29
  A 0.45 0.45 0.0 0 0 82.72 353.74
  L 89.05 353.74
  A 0.45 0.45 0.0 0 0 89.50 353.29
  L 89.50 335.95"
/>
    <path  vector-effect="non-scaling-stroke" d="
  M 122.26 336.78
  A 0.27 0.27 0.0 0 1 122.78 336.66
  L 130.89 353.54
  A 0.37 0.36 -12.9 0 0 131.22 353.74
  L 138.73 353.74
  A 0.14 0.14 0.0 0 0 138.86 353.54
  L 130.52 336.17
  A 0.57 0.56 -25.9 0 1 130.79 335.41
  Q 137.07 332.44 137.06 325.08
  C 137.04 311.45 125.84 312.46 115.84 312.79
  A 0.61 0.61 0.0 0 0 115.25 313.40
  L 115.25 353.34
  A 0.41 0.40 -90.0 0 0 115.65 353.75
  L 121.88 353.75
  A 0.38 0.38 0.0 0 0 122.26 353.37
  L 122.26 336.78"
/>
    <path  vector-effect="non-scaling-stroke" d="
  M 158.74 313.14
  A 0.40 0.40 0.0 0 0 158.34 312.74
  L 152.14 312.74
  A 0.40 0.40 0.0 0 0 151.74 313.14
  L 151.74 353.36
  A 0.40 0.40 0.0 0 0 152.14 353.76
  L 158.34 353.76
  A 0.40 0.40 0.0 0 0 158.74 353.36
  L 158.74 313.14"
/>
    <path  vector-effect="non-scaling-stroke" d="
  M 220.68 335.09
  Q 230.49 351.81 231.13 352.89
  A 1.86 1.86 0.0 0 0 232.73 353.80
  L 237.90 353.80
  A 0.60 0.59 90.0 0 0 238.49 353.20
  L 238.49 313.12
  A 0.35 0.34 -0.0 0 0 238.14 312.78
  L 231.60 312.78
  A 0.36 0.35 0.0 0 0 231.24 313.13
  L 231.24 338.30
  A 0.15 0.15 0.0 0 1 230.97 338.38
  Q 229.89 336.72 226.81 331.47
  Q 216.99 314.76 216.36 313.68
  A 1.86 1.86 0.0 0 0 214.76 312.77
  L 209.59 312.77
  A 0.60 0.59 90.0 0 0 209.00 313.37
  L 209.00 353.45
  A 0.35 0.34 -0.0 0 0 209.35 353.79
  L 215.89 353.79
  A 0.36 0.35 -0.0 0 0 216.25 353.44
  L 216.25 328.27
  A 0.15 0.15 0.0 0 1 216.52 328.19
  Q 217.60 329.85 220.68 335.09"
/>
    <path  vector-effect="non-scaling-stroke" d="
  M 254.54 313.24
  L 254.46 353.48
  A 0.38 0.38 0.0 0 0 254.84 353.87
  L 266.80 353.89
  A 18.07 16.84 -89.9 0 0 283.68 335.85
  L 283.68 330.99
  A 18.07 16.84 -89.9 0 0 266.88 312.89
  L 254.92 312.87
  A 0.38 0.38 0.0 0 0 254.54 313.24"
/>
    <path  vector-effect="non-scaling-stroke" d="
  M 315.07 353.76
  A 0.43 0.43 0.0 0 0 315.50 353.33
  L 315.50 346.43
  A 0.43 0.43 0.0 0 0 315.07 346.00
  L 305.94 346.00
  A 0.43 0.43 0.0 0 1 305.51 345.57
  L 305.51 313.16
  A 0.43 0.43 0.0 0 0 305.08 312.73
  L 298.67 312.73
  A 0.43 0.43 0.0 0 0 298.24 313.16
  L 298.24 353.33
  A 0.43 0.43 0.0 0 0 298.67 353.76
  L 315.07 353.76"
/>
    <path  vector-effect="non-scaling-stroke" d="
  M 340.38 353.75
  Q 343.46 353.75 343.64 353.74
  A 0.40 0.40 0.0 0 0 344.01 353.34
  L 344.02 336.99
  A 3.75 3.72 57.7 0 1 344.37 335.41
  L 354.85 312.95
  A 0.14 0.14 0.0 0 0 354.72 312.75
  L 347.46 312.75
  A 0.40 0.40 0.0 0 0 347.10 312.98
  Q 344.07 319.21 341.07 325.83
  Q 340.68 326.69 340.41 326.69
  Q 340.14 326.68 339.76 325.83
  Q 336.78 319.20 333.77 312.96
  A 0.40 0.40 0.0 0 0 333.41 312.73
  L 326.15 312.71
  A 0.14 0.14 0.0 0 0 326.02 312.91
  L 336.43 335.40
  A 3.75 3.72 -57.5 0 1 336.78 336.98
  L 336.74 353.33
  A 0.40 0.40 0.0 0 0 337.11 353.73
  Q 337.30 353.74 340.38 353.75"
/>
    <path  vector-effect="non-scaling-stroke" d="
  M 122.31 320.94
  L 122.19 328.36
  A 0.35 0.35 0.0 0 0 122.54 328.71
  L 125.55 328.76
  A 4.42 3.78 0.9 0 0 130.03 325.05
  L 130.03 324.49
  A 4.42 3.78 0.9 0 0 125.67 320.64
  L 122.66 320.59
  A 0.35 0.35 0.0 0 0 122.31 320.94"
/>
    <path  vector-effect="non-scaling-stroke" d="
  M 261.75 321.09
  L 261.75 345.69
  A 0.43 0.43 0.0 0 0 262.18 346.12
  L 265.96 346.12
  A 10.86 10.51 90.0 0 0 276.47 335.26
  L 276.47 331.52
  A 10.86 10.51 90.0 0 0 265.96 320.66
  L 262.18 320.66
  A 0.43 0.43 0.0 0 0 261.75 321.09"
/>
    <path fill="#98ac23" d="
  M 437.37 234.20
  L 431.36 234.19
  A 1.17 1.16 79.2 0 1 430.28 233.45
  Q 419.65 206.43 425.58 177.49
  C 428.42 163.61 433.43 144.05 434.72 126.82
  Q 435.46 116.94 434.26 103.71
  C 431.14 69.44 420.11 34.80 400.79 6.15
  A 0.08 0.06 55.9 0 0 400.69 6.11
  Q 400.66 6.14 400.64 6.14
  A 0.17 0.09 68.6 0 0 400.61 6.35
  Q 422.01 52.99 420.05 104.69
  C 419.53 118.64 417.11 130.72 412.93 143.21
  Q 408.84 155.42 403.68 171.79
  Q 395.08 199.05 399.63 226.54
  L 400.84 232.88
  A 0.31 0.30 5.0 0 1 400.43 233.22
  C 376.44 223.79 358.94 204.20 357.57 177.73
  Q 356.91 164.92 360.00 149.48
  Q 363.27 133.13 371.13 119.12
  C 378.60 105.83 387.73 93.02 393.75 77.97
  Q 399.47 63.66 400.34 43.32
  Q 401.25 22.02 397.70 2.72
  Q 397.66 2.51 397.49 2.11
  A 0.43 0.43 0.0 0 1 398.18 1.62
  Q 422.49 23.57 442.68 50.36
  Q 455.91 67.92 463.01 83.28
  C 469.37 97.03 473.56 110.86 476.80 125.52
  A 0.59 0.58 -11.2 0 0 477.48 125.97
  C 501.06 121.92 520.42 105.37 536.70 88.64
  A 0.30 0.30 0.0 0 1 537.21 88.87
  Q 535.19 114.32 528.66 139.08
  Q 523.98 156.86 517.74 169.82
  C 508.63 188.75 493.26 207.96 475.67 220.93
  Q 462.42 230.70 446.43 233.11
  Q 441.79 233.81 437.37 234.20
  Z"
/>
    <path fill="#6a8426" d="
  M 437.37 234.20
  Q 452.52 283.79 445.19 333.58
  C 430.24 435.19 347.31 514.62 244.52 524.01
  C 153.53 532.32 67.85 485.29 25.24 404.74
  Q 2.74 362.20 0.00 312.07
  L 0.00 290.13
  Q 2.30 248.97 17.33 214.11
  C 46.38 146.74 105.37 97.46 177.08 82.18
  Q 226.79 71.58 277.85 83.78
  Q 287.41 86.07 290.48 88.55
  C 302.13 97.94 296.30 116.62 281.39 117.81
  Q 278.90 118.01 272.76 116.40
  C 185.51 93.45 94.85 134.11 53.60 214.12
  C 6.10 306.23 41.72 419.94 133.10 469.25
  C 187.68 498.71 252.10 499.87 308.07 472.55
  Q 343.96 455.04 370.19 423.51
  Q 412.28 372.92 414.78 307.50
  Q 416.36 266.13 399.63 226.54
  Q 395.08 199.05 403.68 171.79
  Q 408.84 155.42 412.93 143.21
  C 417.11 130.72 419.53 118.64 420.05 104.69
  Q 422.01 52.99 400.61 6.35
  A 0.17 0.09 68.6 0 1 400.64 6.14
  Q 400.66 6.14 400.69 6.11
  A 0.08 0.06 55.9 0 1 400.79 6.15
  C 420.11 34.80 431.14 69.44 434.26 103.71
  Q 435.46 116.94 434.72 126.82
  C 433.43 144.05 428.42 163.61 425.58 177.49
  Q 419.65 206.43 430.28 233.45
  A 1.17 1.16 79.2 0 0 431.36 234.19
  L 437.37 234.20
  Z"
/>
    <path fill="#bed48d" d="
  M 242.37 212.93
  L 231.42 223.88
  A 0.53 0.52 -43.9 0 1 230.66 223.87
  C 222.40 215.16 211.61 209.98 199.60 211.58
  Q 188.72 213.03 181.41 221.28
  C 170.01 234.15 171.76 255.32 185.67 265.57
  C 196.94 273.88 212.64 273.27 223.96 264.74
  Q 225.94 263.24 230.38 259.11
  A 0.55 0.54 -43.8 0 1 231.14 259.12
  L 242.19 270.17
  A 0.69 0.69 0.0 0 1 242.20 271.13
  Q 240.14 273.27 234.81 277.54
  C 224.44 285.82 213.32 288.33 200.25 287.72
  C 175.89 286.57 158.31 268.77 156.99 244.35
  Q 156.32 232.01 160.69 221.88
  C 167.98 204.96 186.20 194.58 204.20 194.79
  Q 226.77 195.04 242.39 212.04
  A 0.64 0.64 0.0 0 1 242.37 212.93
  Z"
/>
    <path fill="#bed48d" d="
  M 315.2570 194.7873
  A 46.69 46.20 -93.7 0 1 364.3737 238.3986
  A 46.69 46.20 -93.7 0 1 321.2830 287.9727
  A 46.69 46.20 -93.7 0 1 272.1663 244.3614
  A 46.69 46.20 -93.7 0 1 315.2570 194.7873
  Z
  M 317.1307 211.4201
  A 30.00 29.05 -92.1 0 0 289.1995 242.4645
  A 30.00 29.05 -92.1 0 0 319.3293 271.3799
  A 30.00 29.05 -92.1 0 0 347.2605 240.3355
  A 30.00 29.05 -92.1 0 0 317.1307 211.4201
  Z"
/>
    <path fill="#bed48d" d="
  M 126.13 213.75
  L 95.37 213.75
  A 0.37 0.37 0.0 0 0 95.00 214.12
  L 95.00 229.13
  A 0.37 0.37 0.0 0 0 95.37 229.50
  L 126.13 229.50
  A 0.37 0.37 0.0 0 1 126.50 229.87
  L 126.50 245.39
  A 0.37 0.37 0.0 0 1 126.13 245.76
  L 95.37 245.76
  A 0.37 0.37 0.0 0 0 95.00 246.13
  L 95.00 268.38
  A 0.37 0.37 0.0 0 0 95.37 268.75
  L 126.13 268.75
  A 0.37 0.37 0.0 0 1 126.50 269.12
  L 126.50 285.38
  A 0.37 0.37 0.0 0 1 126.13 285.75
  L 78.37 285.75
  A 0.37 0.37 0.0 0 1 78.00 285.38
  L 78.00 197.37
  A 0.37 0.37 0.0 0 1 78.37 197.00
  L 126.13 197.00
  A 0.37 0.37 0.0 0 1 126.50 197.37
  L 126.50 213.38
  A 0.37 0.37 0.0 0 1 126.13 213.75
  Z"
/>
    <path fill="#9eba30" d="
  M 234.78 472.05
  Q 245.51 469.81 252.81 461.05
  C 264.78 446.66 270.70 425.33 269.72 406.91
  Q 268.90 391.62 265.64 376.06
  A 0.32 0.32 0.0 0 0 265.04 375.98
  C 258.94 388.14 251.69 399.16 240.00 406.09
  A 0.92 0.91 60.2 0 1 238.73 405.74
  Q 228.55 387.12 211.78 374.45
  Q 195.74 362.33 177.66 353.83
  A 0.04 0.04 0.0 0 1 177.68 353.75
  L 194.32 353.75
  A 0.42 0.42 0.0 0 0 194.74 353.33
  L 194.74 346.15
  A 0.42 0.41 90.0 0 0 194.33 345.73
  L 182.31 345.73
  A 0.57 0.56 0.0 0 1 181.74 345.17
  L 181.74 336.03
  A 0.54 0.53 -0.0 0 1 182.28 335.50
  L 194.25 335.50
  A 0.48 0.48 0.0 0 0 194.73 335.02
  L 194.73 328.25
  A 0.51 0.51 0.0 0 0 194.22 327.74
  L 182.21 327.74
  A 0.47 0.47 0.0 0 1 181.74 327.27
  L 181.74 321.20
  A 0.45 0.44 -90.0 0 1 182.18 320.75
  L 194.34 320.75
  A 0.39 0.39 0.0 0 0 194.73 320.36
  L 194.73 313.20
  A 0.46 0.45 -0.0 0 0 194.27 312.75
  L 175.11 312.75
  A 0.60 0.60 0.0 0 0 174.51 313.35
  L 174.51 353.16
  A 0.90 0.87 25.7 0 0 174.72 353.73
  Q 175.35 354.46 175.58 354.93
  C 181.83 367.58 187.38 384.11 185.29 398.00
  C 183.37 410.67 178.44 423.36 179.44 436.73
  Q 180.30 448.13 183.08 455.20
  Q 186.49 463.88 194.03 470.34
  C 121.53 458.71 65.12 402.09 52.54 330.48
  C 51.51 324.64 51.18 320.81 50.50 314.12
  Q 49.86 307.83 50.21 301.51
  A 0.53 0.53 0.0 0 1 50.74 301.00
  L 392.39 301.00
  A 0.51 0.51 0.0 0 1 392.90 301.52
  Q 392.66 321.70 388.83 338.38
  C 377.73 386.82 347.45 427.34 304.36 451.24
  Q 275.90 467.02 241.85 471.36
  Q 236.87 471.99 234.78 472.05
  Z
  M 89.50 335.95
  A 0.45 0.45 0.0 0 1 89.95 335.50
  L 100.28 335.50
  A 0.45 0.45 0.0 0 0 100.73 335.05
  L 100.73 328.18
  A 0.45 0.45 0.0 0 0 100.28 327.73
  L 89.95 327.73
  A 0.45 0.45 0.0 0 1 89.50 327.28
  L 89.50 320.94
  A 0.45 0.45 0.0 0 1 89.95 320.49
  L 100.28 320.49
  A 0.45 0.45 0.0 0 0 100.73 320.04
  L 100.73 313.22
  A 0.45 0.45 0.0 0 0 100.28 312.77
  L 82.72 312.77
  A 0.45 0.45 0.0 0 0 82.27 313.22
  L 82.27 353.29
  A 0.45 0.45 0.0 0 0 82.72 353.74
  L 89.05 353.74
  A 0.45 0.45 0.0 0 0 89.50 353.29
  L 89.50 335.95
  Z
  M 122.26 336.78
  A 0.27 0.27 0.0 0 1 122.78 336.66
  L 130.89 353.54
  A 0.37 0.36 -12.9 0 0 131.22 353.74
  L 138.73 353.74
  A 0.14 0.14 0.0 0 0 138.86 353.54
  L 130.52 336.17
  A 0.57 0.56 -25.9 0 1 130.79 335.41
  Q 137.07 332.44 137.06 325.08
  C 137.04 311.45 125.84 312.46 115.84 312.79
  A 0.61 0.61 0.0 0 0 115.25 313.40
  L 115.25 353.34
  A 0.41 0.40 -90.0 0 0 115.65 353.75
  L 121.88 353.75
  A 0.38 0.38 0.0 0 0 122.26 353.37
  L 122.26 336.78
  Z
  M 158.74 313.14
  A 0.40 0.40 0.0 0 0 158.34 312.74
  L 152.14 312.74
  A 0.40 0.40 0.0 0 0 151.74 313.14
  L 151.74 353.36
  A 0.40 0.40 0.0 0 0 152.14 353.76
  L 158.34 353.76
  A 0.40 0.40 0.0 0 0 158.74 353.36
  L 158.74 313.14
  Z
  M 220.68 335.09
  Q 230.49 351.81 231.13 352.89
  A 1.86 1.86 0.0 0 0 232.73 353.80
  L 237.90 353.80
  A 0.60 0.59 90.0 0 0 238.49 353.20
  L 238.49 313.12
  A 0.35 0.34 -0.0 0 0 238.14 312.78
  L 231.60 312.78
  A 0.36 0.35 0.0 0 0 231.24 313.13
  L 231.24 338.30
  A 0.15 0.15 0.0 0 1 230.97 338.38
  Q 229.89 336.72 226.81 331.47
  Q 216.99 314.76 216.36 313.68
  A 1.86 1.86 0.0 0 0 214.76 312.77
  L 209.59 312.77
  A 0.60 0.59 90.0 0 0 209.00 313.37
  L 209.00 353.45
  A 0.35 0.34 -0.0 0 0 209.35 353.79
  L 215.89 353.79
  A 0.36 0.35 -0.0 0 0 216.25 353.44
  L 216.25 328.27
  A 0.15 0.15 0.0 0 1 216.52 328.19
  Q 217.60 329.85 220.68 335.09
  Z
  M 254.54 313.24
  L 254.46 353.48
  A 0.38 0.38 0.0 0 0 254.84 353.87
  L 266.80 353.89
  A 18.07 16.84 -89.9 0 0 283.68 335.85
  L 283.68 330.99
  A 18.07 16.84 -89.9 0 0 266.88 312.89
  L 254.92 312.87
  A 0.38 0.38 0.0 0 0 254.54 313.24
  Z
  M 315.07 353.76
  A 0.43 0.43 0.0 0 0 315.50 353.33
  L 315.50 346.43
  A 0.43 0.43 0.0 0 0 315.07 346.00
  L 305.94 346.00
  A 0.43 0.43 0.0 0 1 305.51 345.57
  L 305.51 313.16
  A 0.43 0.43 0.0 0 0 305.08 312.73
  L 298.67 312.73
  A 0.43 0.43 0.0 0 0 298.24 313.16
  L 298.24 353.33
  A 0.43 0.43 0.0 0 0 298.67 353.76
  L 315.07 353.76
  Z
  M 340.38 353.75
  Q 343.46 353.75 343.64 353.74
  A 0.40 0.40 0.0 0 0 344.01 353.34
  L 344.02 336.99
  A 3.75 3.72 57.7 0 1 344.37 335.41
  L 354.85 312.95
  A 0.14 0.14 0.0 0 0 354.72 312.75
  L 347.46 312.75
  A 0.40 0.40 0.0 0 0 347.10 312.98
  Q 344.07 319.21 341.07 325.83
  Q 340.68 326.69 340.41 326.69
  Q 340.14 326.68 339.76 325.83
  Q 336.78 319.20 333.77 312.96
  A 0.40 0.40 0.0 0 0 333.41 312.73
  L 326.15 312.71
  A 0.14 0.14 0.0 0 0 326.02 312.91
  L 336.43 335.40
  A 3.75 3.72 -57.5 0 1 336.78 336.98
  L 336.74 353.33
  A 0.40 0.40 0.0 0 0 337.11 353.73
  Q 337.30 353.74 340.38 353.75
  Z"
/>
    <path fill="#42561a" d="
  M 89.50 335.95
  L 89.50 353.29
  A 0.45 0.45 0.0 0 1 89.05 353.74
  L 82.72 353.74
  A 0.45 0.45 0.0 0 1 82.27 353.29
  L 82.27 313.22
  A 0.45 0.45 0.0 0 1 82.72 312.77
  L 100.28 312.77
  A 0.45 0.45 0.0 0 1 100.73 313.22
  L 100.73 320.04
  A 0.45 0.45 0.0 0 1 100.28 320.49
  L 89.95 320.49
  A 0.45 0.45 0.0 0 0 89.50 320.94
  L 89.50 327.28
  A 0.45 0.45 0.0 0 0 89.95 327.73
  L 100.28 327.73
  A 0.45 0.45 0.0 0 1 100.73 328.18
  L 100.73 335.05
  A 0.45 0.45 0.0 0 1 100.28 335.50
  L 89.95 335.50
  A 0.45 0.45 0.0 0 0 89.50 335.95
  Z"
/>
    <path fill="#42561a" d="
  M 122.26 336.78
  L 122.26 353.37
  A 0.38 0.38 0.0 0 1 121.88 353.75
  L 115.65 353.75
  A 0.41 0.40 -90.0 0 1 115.25 353.34
  L 115.25 313.40
  A 0.61 0.61 0.0 0 1 115.84 312.79
  C 125.84 312.46 137.04 311.45 137.06 325.08
  Q 137.07 332.44 130.79 335.41
  A 0.57 0.56 -25.9 0 0 130.52 336.17
  L 138.86 353.54
  A 0.14 0.14 0.0 0 1 138.73 353.74
  L 131.22 353.74
  A 0.37 0.36 -12.9 0 1 130.89 353.54
  L 122.78 336.66
  A 0.27 0.27 0.0 0 0 122.26 336.78
  Z
  M 122.31 320.94
  L 122.19 328.36
  A 0.35 0.35 0.0 0 0 122.54 328.71
  L 125.55 328.76
  A 4.42 3.78 0.9 0 0 130.03 325.05
  L 130.03 324.49
  A 4.42 3.78 0.9 0 0 125.67 320.64
  L 122.66 320.59
  A 0.35 0.35 0.0 0 0 122.31 320.94
  Z"
/>
    <path fill="#42561a" d="
  M 234.78 472.05
  L 231.57 472.11
  Q 221.23 458.45 219.76 439.99
  C 218.66 426.30 217.48 415.14 212.66 403.37
  Q 201.30 375.64 179.45 356.54
  Q 178.60 355.79 177.80 355.52
  A 0.13 0.13 0.0 0 0 177.67 355.74
  Q 179.85 357.75 180.61 358.68
  Q 196.51 377.93 203.65 401.38
  Q 207.75 414.86 207.45 426.75
  Q 207.04 443.34 207.27 447.01
  Q 208.14 460.38 213.52 472.29
  Q 203.44 472.08 194.03 470.34
  Q 186.49 463.88 183.08 455.20
  Q 180.30 448.13 179.44 436.73
  C 178.44 423.36 183.37 410.67 185.29 398.00
  C 187.38 384.11 181.83 367.58 175.58 354.93
  Q 175.35 354.46 174.72 353.73
  A 0.90 0.87 25.7 0 1 174.51 353.16
  L 174.51 313.35
  A 0.60 0.60 0.0 0 1 175.11 312.75
  L 194.27 312.75
  A 0.46 0.45 -0.0 0 1 194.73 313.20
  L 194.73 320.36
  A 0.39 0.39 0.0 0 1 194.34 320.75
  L 182.18 320.75
  A 0.45 0.44 90.0 0 0 181.74 321.20
  L 181.74 327.27
  A 0.47 0.47 0.0 0 0 182.21 327.74
  L 194.22 327.74
  A 0.51 0.51 0.0 0 1 194.73 328.25
  L 194.73 335.02
  A 0.48 0.48 0.0 0 1 194.25 335.50
  L 182.28 335.50
  A 0.54 0.53 -0.0 0 0 181.74 336.03
  L 181.74 345.17
  A 0.57 0.56 0.0 0 0 182.31 345.73
  L 194.33 345.73
  A 0.42 0.41 -90.0 0 1 194.74 346.15
  L 194.74 353.33
  A 0.42 0.42 0.0 0 1 194.32 353.75
  L 177.68 353.75
  A 0.04 0.04 0.0 0 0 177.66 353.83
  Q 195.74 362.33 211.78 374.45
  Q 228.55 387.12 238.73 405.74
  A 0.92 0.91 60.2 0 0 240.00 406.09
  C 251.69 399.16 258.94 388.14 265.04 375.98
  A 0.32 0.32 0.0 0 1 265.64 376.06
  Q 268.90 391.62 269.72 406.91
  C 270.70 425.33 264.78 446.66 252.81 461.05
  Q 245.51 469.81 234.78 472.05
  Z"
/>
    <path fill="#42561a" d="
  M 220.68 335.09
  Q 217.60 329.85 216.52 328.19
  A 0.15 0.15 0.0 0 0 216.25 328.27
  L 216.25 353.44
  A 0.36 0.35 -0.0 0 1 215.89 353.79
  L 209.35 353.79
  A 0.35 0.34 0.0 0 1 209.00 353.45
  L 209.00 313.37
  A 0.60 0.59 90.0 0 1 209.59 312.77
  L 214.76 312.77
  A 1.86 1.86 0.0 0 1 216.36 313.68
  Q 216.99 314.76 226.81 331.47
  Q 229.89 336.72 230.97 338.38
  A 0.15 0.15 0.0 0 0 231.24 338.30
  L 231.24 313.13
  A 0.36 0.35 0.0 0 1 231.60 312.78
  L 238.14 312.78
  A 0.35 0.34 0.0 0 1 238.49 313.12
  L 238.49 353.20
  A 0.60 0.59 90.0 0 1 237.90 353.80
  L 232.73 353.80
  A 1.86 1.86 0.0 0 1 231.13 352.89
  Q 230.49 351.81 220.68 335.09
  Z"
/>
    <path fill="#42561a" d="
  M 254.54 313.24
  A 0.38 0.38 0.0 0 1 254.92 312.87
  L 266.88 312.89
  A 18.07 16.84 -89.9 0 1 283.68 330.99
  L 283.68 335.85
  A 18.07 16.84 -89.9 0 1 266.80 353.89
  L 254.84 353.87
  A 0.38 0.38 0.0 0 1 254.46 353.48
  L 254.54 313.24
  Z
  M 261.75 321.09
  L 261.75 345.69
  A 0.43 0.43 0.0 0 0 262.18 346.12
  L 265.96 346.12
  A 10.86 10.51 90.0 0 0 276.47 335.26
  L 276.47 331.52
  A 10.86 10.51 90.0 0 0 265.96 320.66
  L 262.18 320.66
  A 0.43 0.43 0.0 0 0 261.75 321.09
  Z"
/>
    <path fill="#42561a" d="
  M 315.07 353.76
  L 298.67 353.76
  A 0.43 0.43 0.0 0 1 298.24 353.33
  L 298.24 313.16
  A 0.43 0.43 0.0 0 1 298.67 312.73
  L 305.08 312.73
  A 0.43 0.43 0.0 0 1 305.51 313.16
  L 305.51 345.57
  A 0.43 0.43 0.0 0 0 305.94 346.00
  L 315.07 346.00
  A 0.43 0.43 0.0 0 1 315.50 346.43
  L 315.50 353.33
  A 0.43 0.43 0.0 0 1 315.07 353.76
  Z"
/>
    <path fill="#42561a" d="
  M 340.41 326.69
  Q 340.68 326.69 341.07 325.83
  Q 344.07 319.21 347.10 312.98
  A 0.40 0.40 0.0 0 1 347.46 312.75
  L 354.72 312.75
  A 0.14 0.14 0.0 0 1 354.85 312.95
  L 344.37 335.41
  A 3.75 3.72 57.7 0 0 344.02 336.99
  L 344.01 353.34
  A 0.40 0.40 0.0 0 1 343.64 353.74
  Q 343.46 353.75 340.38 353.75
  Q 337.30 353.74 337.11 353.73
  A 0.40 0.40 0.0 0 1 336.74 353.33
  L 336.78 336.98
  A 3.75 3.72 -57.5 0 0 336.43 335.40
  L 326.02 312.91
  A 0.14 0.14 0.0 0 1 326.15 312.71
  L 333.41 312.73
  A 0.40 0.40 0.0 0 1 333.77 312.96
  Q 336.78 319.20 339.76 325.83
  Q 340.14 326.68 340.41 326.69
  Z"
/>
    <path fill="#9eba30" d="
  M 122.31 320.94
  A 0.35 0.35 0.0 0 1 122.66 320.59
  L 125.67 320.64
  A 4.42 3.78 0.9 0 1 130.03 324.49
  L 130.03 325.05
  A 4.42 3.78 0.9 0 1 125.55 328.76
  L 122.54 328.71
  A 0.35 0.35 0.0 0 1 122.19 328.36
  L 122.31 320.94
  Z"
/>
    <path fill="#9eba30" d="
  M 261.75 321.09
  A 0.43 0.43 0.0 0 1 262.18 320.66
  L 265.96 320.66
  A 10.86 10.51 90.0 0 1 276.47 331.52
  L 276.47 335.26
  A 10.86 10.51 -90.0 0 1 265.96 346.12
  L 262.18 346.12
  A 0.43 0.43 0.0 0 1 261.75 345.69
  L 261.75 321.09
  Z"
/>
    <path fill="#9eba30" d="
  M 231.57 472.11
  L 213.52 472.29
  Q 208.14 460.38 207.27 447.01
  Q 207.04 443.34 207.45 426.75
  Q 207.75 414.86 203.65 401.38
  Q 196.51 377.93 180.61 358.68
  Q 179.85 357.75 177.67 355.74
  A 0.13 0.13 0.0 0 1 177.80 355.52
  Q 178.60 355.79 179.45 356.54
  Q 201.30 375.64 212.66 403.37
  C 217.48 415.14 218.66 426.30 219.76 439.99
  Q 221.23 458.45 231.57 472.11
  Z"
/>
    <path fill="#ffffff" d="
  M 78.32 604.00
  L 76.09 604.00
  C 60.37 602.73 53.47 589.47 56.28 575.04
  C 58.40 564.21 66.56 556.53 77.75 556.95
  C 94.96 557.59 102.56 571.98 98.41 587.44
  Q 94.23 603.00 78.32 604.00
  Z
  M 77.5300 565.1500
  A 15.27 10.95 -90.0 0 0 66.5800 580.4200
  A 15.27 10.95 -90.0 0 0 77.5300 595.6900
  A 15.27 10.95 -90.0 0 0 88.4800 580.4200
  A 15.27 10.95 -90.0 0 0 77.5300 565.1500
  Z"
/>
    <path fill="#ffffff" d="
  M 115.61 603.25
  L 106.37 603.25
  A 0.37 0.37 0.0 0 1 106.00 602.88
  L 106.00 558.63
  A 0.52 0.51 -3.8 0 1 106.45 558.12
  Q 112.65 557.36 119.74 557.28
  C 127.72 557.18 137.14 558.87 138.40 568.26
  C 139.27 574.79 136.58 578.11 131.57 581.41
  A 0.37 0.37 0.0 0 0 131.54 582.01
  Q 135.36 585.09 136.59 589.95
  Q 138.65 598.15 140.21 602.84
  A 0.31 0.31 0.0 0 1 139.92 603.24
  L 130.07 603.24
  A 0.86 0.85 -9.6 0 1 129.26 602.67
  Q 127.62 597.92 125.96 590.83
  C 124.81 585.95 121.49 585.14 116.83 585.27
  A 0.60 0.60 0.0 0 0 116.24 585.87
  L 116.24 602.61
  A 0.64 0.63 90.0 0 1 115.61 603.25
  Z
  M 116.23 565.77
  L 116.27 577.13
  A 0.57 0.57 0.0 0 0 116.84 577.70
  L 121.15 577.68
  A 7.10 6.16 -0.2 0 0 128.23 571.50
  L 128.23 571.32
  A 7.10 6.16 -0.2 0 0 121.11 565.18
  L 116.80 565.20
  A 0.57 0.57 0.0 0 0 116.23 565.77
  Z"
/>
    <path fill="#ffffff" d="
  M 298.90 603.25
  L 289.58 603.25
  A 0.58 0.58 0.0 0 1 289.00 602.67
  L 289.00 559.07
  A 1.00 0.99 86.8 0 1 289.88 558.08
  Q 296.77 557.28 302.99 557.27
  C 312.29 557.27 321.56 560.26 321.81 571.23
  C 322.11 584.53 310.96 587.57 300.04 587.11
  A 0.53 0.53 0.0 0 0 299.49 587.64
  L 299.49 602.66
  A 0.59 0.59 0.0 0 1 298.90 603.25
  Z
  M 299.42 566.13
  L 299.56 578.15
  A 0.84 0.84 0.0 0 0 300.41 578.98
  L 304.10 578.94
  A 7.49 6.66 -0.7 0 0 311.51 572.19
  L 311.51 571.81
  A 7.49 6.66 -0.7 0 0 303.94 565.24
  L 300.25 565.28
  A 0.84 0.84 0.0 0 0 299.42 566.13
  Z"
/>
    <path fill="#ffffff" d="
  M 33.00 566.63
  L 33.00 576.12
  A 0.38 0.38 0.0 0 0 33.38 576.50
  L 48.87 576.50
  A 0.38 0.38 0.0 0 1 49.25 576.88
  L 49.25 584.62
  A 0.38 0.38 0.0 0 1 48.87 585.00
  L 33.38 585.00
  A 0.38 0.38 0.0 0 0 33.00 585.38
  L 33.00 602.87
  A 0.38 0.38 0.0 0 1 32.62 603.25
  L 22.63 603.25
  A 0.38 0.38 0.0 0 1 22.25 602.87
  L 22.25 558.13
  A 0.38 0.38 0.0 0 1 22.63 557.75
  L 49.86 557.75
  A 0.38 0.38 0.0 0 1 50.24 558.13
  L 50.24 565.87
  A 0.38 0.38 0.0 0 1 49.86 566.25
  L 33.38 566.25
  A 0.38 0.38 0.0 0 0 33.00 566.63
  Z"
/>
    <path fill="#ffffff" d="
  M 170.69 557.74
  Q 179.45 557.75 187.76 557.78
  A 0.43 0.43 0.0 0 1 188.19 558.21
  L 188.19 566.10
  A 0.42 0.42 0.0 0 1 187.77 566.52
  L 176.60 566.52
  A 0.61 0.61 0.0 0 0 175.99 567.13
  L 175.93 602.60
  A 0.67 0.66 83.0 0 1 175.43 603.25
  Q 175.33 603.27 170.60 603.26
  Q 165.88 603.25 165.77 603.23
  A 0.67 0.66 -82.8 0 1 165.28 602.58
  L 165.36 567.11
  A 0.61 0.61 0.0 0 0 164.75 566.50
  L 153.58 566.45
  A 0.42 0.42 0.0 0 1 153.16 566.03
  L 153.20 558.14
  A 0.43 0.43 0.0 0 1 153.63 557.71
  Q 161.94 557.72 170.69 557.74
  Z"
/>
    <path fill="#ffffff" d="
  M 212.25 575.00
  Q 219.73 575.00 219.87 574.99
  A 0.65 0.65 0.0 0 0 220.50 574.34
  L 220.51 558.37
  A 0.63 0.62 0.0 0 1 221.14 557.75
  L 230.39 557.75
  A 0.61 0.61 0.0 0 1 231.00 558.36
  L 231.00 602.64
  A 0.61 0.61 0.0 0 1 230.39 603.25
  L 221.15 603.25
  A 0.65 0.65 0.0 0 1 220.50 602.60
  L 220.50 584.63
  A 0.36 0.36 0.0 0 0 220.15 584.27
  Q 219.73 584.25 212.25 584.25
  Q 204.77 584.25 204.35 584.27
  A 0.36 0.36 0.0 0 0 204.00 584.63
  L 204.00 602.60
  A 0.65 0.65 0.0 0 1 203.35 603.25
  L 194.11 603.25
  A 0.61 0.61 0.0 0 1 193.50 602.64
  L 193.50 558.36
  A 0.61 0.61 0.0 0 1 194.11 557.75
  L 203.36 557.75
  A 0.63 0.62 -0.0 0 1 203.99 558.37
  L 204.00 574.34
  A 0.65 0.65 0.0 0 0 204.63 574.99
  Q 204.77 575.00 212.25 575.00
  Z"
/>
    <path fill="#ffffff" d="
  M 239.74 558.46
  A 0.71 0.71 0.0 0 1 240.45 557.75
  L 267.60 557.75
  A 0.39 0.39 0.0 0 1 267.99 558.14
  L 267.98 565.91
  A 0.34 0.34 0.0 0 1 267.64 566.25
  L 250.61 566.25
  A 0.36 0.36 0.0 0 0 250.25 566.61
  L 250.24 575.12
  A 0.37 0.37 0.0 0 0 250.61 575.49
  L 266.44 575.51
  A 0.41 0.41 0.0 0 1 266.85 575.92
  L 266.87 583.56
  A 0.44 0.44 0.0 0 1 266.43 584.00
  L 250.82 584.00
  A 0.59 0.59 0.0 0 0 250.23 584.59
  L 250.24 593.89
  A 0.61 0.61 0.0 0 0 250.85 594.49
  L 268.38 594.50
  A 0.36 0.36 0.0 0 1 268.74 594.86
  L 268.74 602.86
  A 0.38 0.38 0.0 0 1 268.36 603.24
  L 240.36 603.24
  A 0.61 0.61 0.0 0 1 239.75 602.63
  L 239.74 558.46
  Z"
/>
    <path fill="#ffffff" d="
  M 338.75 558.15
  L 338.75 593.86
  A 0.39 0.39 0.0 0 0 339.14 594.25
  L 356.36 594.25
  A 0.39 0.39 0.0 0 1 356.75 594.64
  L 356.75 602.86
  A 0.39 0.39 0.0 0 1 356.36 603.25
  L 328.64 603.25
  A 0.39 0.39 0.0 0 1 328.25 602.86
  L 328.25 558.15
  A 0.39 0.39 0.0 0 1 328.64 557.76
  L 338.36 557.76
  A 0.39 0.39 0.0 0 1 338.75 558.15
  Z"
/>
    <path fill="#ffffff" d="
  M 373.65 557.75
  L 386.80 557.75
  A 0.40 0.40 0.0 0 1 387.18 558.03
  L 401.03 602.73
  A 0.40 0.40 0.0 0 1 400.65 603.25
  L 390.19 603.25
  A 0.40 0.40 0.0 0 1 389.81 602.97
  L 386.35 591.78
  A 0.40 0.40 0.0 0 0 385.97 591.50
  L 374.10 591.50
  A 0.40 0.40 0.0 0 0 373.71 591.78
  L 370.30 602.97
  A 0.40 0.40 0.0 0 1 369.91 603.25
  L 359.98 603.25
  A 0.40 0.40 0.0 0 1 359.60 602.73
  L 373.26 558.03
  A 0.40 0.40 0.0 0 1 373.65 557.75
  Z
  M 379.62 566.89
  L 375.40 583.21
  A 0.43 0.43 0.0 0 0 375.81 583.75
  L 384.29 583.75
  A 0.53 0.53 0.0 0 0 384.79 583.06
  L 379.78 566.88
  A 0.08 0.08 0.0 0 0 379.62 566.89
  Z"
/>
    <path fill="#ffffff" d="
  M 435.60 588.52
  Q 434.62 573.76 435.11 558.00
  A 0.25 0.25 0.0 0 1 435.36 557.75
  L 444.22 557.75
  A 0.28 0.28 0.0 0 1 444.50 558.03
  L 444.50 602.65
  A 0.61 0.60 0.0 0 1 443.89 603.25
  L 434.31 603.25
  A 0.95 0.94 -14.7 0 1 433.49 602.78
  Q 423.31 585.22 416.47 570.99
  A 0.01 0.01 0.0 0 0 416.45 571.00
  L 416.45 603.06
  A 0.19 0.18 -0.0 0 1 416.26 603.24
  L 407.30 603.24
  A 0.30 0.30 0.0 0 1 407.00 602.94
  L 407.00 558.32
  A 0.58 0.57 -0.0 0 1 407.58 557.75
  L 418.56 557.75
  A 0.98 0.97 -15.0 0 1 419.40 558.23
  C 424.48 567.00 431.18 577.98 435.36 588.58
  A 0.13 0.12 -58.4 0 0 435.60 588.52
  Z"
/>
    <path fill="#ffffff" d="
  M 481.50 558.12
  L 481.50 565.88
  A 0.37 0.37 0.0 0 1 481.13 566.25
  L 464.12 566.25
  A 0.37 0.37 0.0 0 0 463.75 566.62
  L 463.75 575.13
  A 0.37 0.37 0.0 0 0 464.12 575.50
  L 480.01 575.50
  A 0.37 0.37 0.0 0 1 480.38 575.87
  L 480.38 583.63
  A 0.37 0.37 0.0 0 1 480.01 584.00
  L 464.12 584.00
  A 0.37 0.37 0.0 0 0 463.75 584.37
  L 463.75 594.14
  A 0.37 0.37 0.0 0 0 464.12 594.51
  L 481.88 594.51
  A 0.37 0.37 0.0 0 1 482.25 594.88
  L 482.25 602.88
  A 0.37 0.37 0.0 0 1 481.88 603.25
  L 453.62 603.25
  A 0.37 0.37 0.0 0 1 453.25 602.88
  L 453.25 558.12
  A 0.37 0.37 0.0 0 1 453.62 557.75
  L 481.13 557.75
  A 0.37 0.37 0.0 0 1 481.50 558.12
  Z"
/>
    <path fill="#ffffff" d="
  M 503.51 603.24
  Q 498.79 603.24 498.68 603.21
  A 0.67 0.66 -82.9 0 1 498.19 602.57
  L 498.18 567.13
  A 0.61 0.61 0.0 0 0 497.58 566.52
  L 486.42 566.50
  A 0.42 0.42 0.0 0 1 486.00 566.08
  L 486.01 558.20
  A 0.43 0.43 0.0 0 1 486.44 557.77
  Q 494.75 557.75 503.49 557.76
  Q 512.24 557.75 520.54 557.76
  A 0.43 0.43 0.0 0 1 520.97 558.18
  L 520.99 566.07
  A 0.42 0.42 0.0 0 1 520.57 566.49
  L 509.41 566.51
  A 0.61 0.61 0.0 0 0 508.80 567.12
  L 508.83 602.56
  A 0.67 0.66 82.9 0 1 508.33 603.21
  Q 508.23 603.24 503.51 603.24
  Z"
/>
    <rect fill="#42561a" x="151.74" y="312.74" width="7.00" height="41.02" rx="0.40"/>
</svg>