<svg xmlns="http://www.w3.org/2000/svg" 
                      viewBox="0 0 1121.6599999999999 1121.27" 
                      width="1121.6599999999999" 
                      height="1121.27"
                      preserveAspectRatio="none"
                      data-content-extracted="true"
                      data-overflow="horizontal:4,vertical:4"
                      data-original-bounds="-90.8,-90.8,1026.86,1026.47">
                        <g transform="translate(92.8, 92.8)">
                          
<g stroke-width="2.00" fill="none" stroke-linecap="butt">
<path vector-effect="non-scaling-stroke" d="   M 808.73 129.84   C 787.60 81.57 726.00 67.14 684.87 100.13   C 666.80 114.62 657.77 134.93 647.29 156.21   A 0.59 0.59 0.0 0 1 646.41 156.43   Q 618.71 136.29 586.45 124.50   A 0.53 0.53 0.0 0 1 586.19 123.71   Q 592.76 113.83 596.21 107.71   Q 607.01 88.51 621.01 63.78   C 627.77 51.85 635.25 34.29 630.83 20.91   Q 627.00 9.32 614.50 8.14   Q 600.95 6.87 588.37 13.89   Q 566.19 26.27 558.06 50.04   C 553.80 62.51 553.92 75.36 556.30 87.47   Q 559.23 102.41 560.96 116.74   A 0.78 0.77 -87.6 0 1 560.04 117.59   Q 517.89 108.86 474.72 117.64   A 0.43 0.43 0.0 0 1 474.21 117.24   Q 474.01 111.32 475.01 104.75   C 476.83 92.78 479.65 80.58 480.02 68.25   Q 480.14 64.45 479.11 59.42   Q 473.93 34.27 453.79 19.02   Q 444.68 12.12 434.77 9.25   Q 430.58 8.04 423.59 7.91   Q 416.92 7.78 412.65 9.90   C 393.25 19.57 404.12 47.89 411.89 61.88   C 417.20 71.43 424.06 82.57 429.57 92.80   Q 438.91 110.16 447.71 123.76   A 0.47 0.47 0.0 0 1 447.48 124.46   Q 436.76 128.51 434.46 129.45   Q 409.05 139.89 387.49 156.34   A 0.57 0.56 57.9 0 1 386.64 156.14   C 377.52 138.04 370.28 121.30 357.00 107.58   Q 330.29 80.00 291.78 82.59   C 262.59 84.55 237.11 103.02 225.24 129.58   A 0.23 0.23 0.0 0 0 225.62 129.83   C 235.26 119.34 244.23 109.63 259.32 109.98   A 0.48 0.48 0.0 0 1 259.77 110.61   C 251.86 134.54 256.56 161.72 273.80 180.47   C 289.37 197.42 313.99 205.27 335.88 210.20   A 0.40 0.40 0.0 0 1 336.13 210.81   Q 305.58 257.96 301.10 313.97   A 1.08 1.07 -14.1 0 1 300.60 314.80   C 264.55 337.31 244.99 377.53 245.83 419.76   C 246.35 445.96 253.75 471.47 266.29 494.26   A 0.56 0.56 0.0 0 1 265.95 495.07   C 259.69 496.75 252.29 503.10 253.00 510.39   A 2.90 2.66 4.9 0 0 255.17 512.75   C 257.71 513.37 259.42 511.78 260.39 509.33   C 261.94 505.42 263.67 502.90 267.58 501.32   A 0.38 0.38 0.0 0 1 268.06 501.85   Q 263.43 510.73 266.56 519.91   Q 267.32 522.17 268.72 523.12   A 2.17 2.16 -53.8 0 0 271.63 522.66   C 274.38 519.17 274.36 512.52 274.20 508.24   A 0.21 0.21 0.0 0 1 274.58 508.10   Q 276.96 511.09 280.48 514.08   A 9.93 9.73 -89.4 0 1 281.89 515.55   Q 284.28 518.64 285.17 519.56   Q 285.89 520.30 286.51 520.23   A 2.52 2.36 -88.9 0 0 288.61 518.07   C 289.35 512.40 285.67 505.84 282.40 501.36   A 0.39 0.39 0.0 0 1 282.74 500.74   Q 288.92 501.04 291.08 502.11   C 295.14 504.13 298.91 506.59 301.23 505.89   A 2.65 2.61 81.7 0 0 303.09 503.36   C 303.08 497.03 295.81 491.08 290.50 488.83   Q 283.18 485.73 275.71 488.05   A 0.44 0.43 -13.4 0 1 275.15 487.71   C 267.77 445.72 271.16 402.57 303.55 371.40   A 0.33 0.33 0.0 0 1 304.10 371.58   C 316.53 437.45 358.33 493.92 418.04 524.44   A 1.13 1.12 -81.1 0 1 418.64 525.27   Q 421.79 545.80 428.98 565.51   C 432.52 575.22 428.42 583.49 419.55 587.99   C 414.29 590.66 408.64 590.73 402.02 591.24   C 392.43 591.99 382.49 594.08 374.34 598.75   C 367.24 602.81 361.50 611.20 357.82 618.50   A 0.39 0.39 0.0 0 0 358.17 619.07   Q 414.66 619.06 440.80 619.09   C 447.67 619.09 452.68 618.32 457.49 614.23   C 464.27 608.46 465.41 602.29 465.50 592.81   Q 465.73 568.76 469.15 544.27   A 0.48 0.47 -79.9 0 1 469.72 543.87   C 500.47 550.61 533.35 549.78 564.09 543.85   A 0.65 0.64 80.6 0 1 564.86 544.41   Q 568.20 569.61 568.53 593.72   Q 568.64 601.10 569.66 604.19   C 571.89 610.93 576.60 615.70 583.13 618.10   Q 585.95 619.13 592.49 619.11   Q 606.42 619.06 675.77 619.08   A 0.35 0.35 0.0 0 0 676.08 618.57   C 671.24 609.67 665.72 601.40 656.25 597.01   Q 647.40 592.91 634.03 591.43   C 629.46 590.93 623.41 590.97 619.09 589.70   Q 610.93 587.30 605.83 580.08   C 601.99 574.64 604.21 567.43 606.37 561.84   Q 612.79 545.28 615.12 526.06   A 2.50 2.50 0.0 0 1 616.44 524.15   Q 672.72 494.44 704.79 439.29   Q 723.46 407.17 729.90 371.50   A 0.32 0.32 0.0 0 1 730.44 371.34   Q 751.18 392.29 757.77 421.23   Q 763.48 446.28 760.67 472.01   Q 759.23 485.20 758.92 487.46   A 0.74 0.73 -79.8 0 1 758.04 488.08   Q 742.34 484.72 732.75 497.54   Q 730.90 500.01 730.86 502.80   A 3.24 2.56 -85.1 0 0 732.93 505.93   Q 735.10 506.35 737.41 504.81   Q 743.91 500.46 751.60 500.76   A 0.24 0.23 -70.6 0 1 751.78 501.14   C 749.29 504.46 742.59 515.19 746.14 518.91   Q 747.83 520.68 749.23 518.93   Q 754.00 512.91 759.16 508.29   A 0.26 0.26 0.0 0 1 759.60 508.47   C 759.91 512.82 759.66 518.10 761.31 521.14   C 763.48 525.14 766.78 523.17 767.80 519.95   Q 770.59 511.14 765.81 502.53   A 0.28 0.27 86.2 0 1 766.15 502.14   Q 770.42 503.84 772.34 507.70   Q 774.22 511.48 774.38 511.96   A 1.35 1.34 11.1 0 0 774.80 512.58   Q 777.55 514.91 779.93 513.13   A 1.86 1.80 81.2 0 0 780.58 512.21   Q 781.29 510.02 780.87 508.34   Q 778.29 498.11 767.95 495.96   A 0.47 0.47 0.0 0 1 767.63 495.27   Q 777.20 478.03 783.04 456.82   Q 792.77 421.46 784.11 386.48   Q 773.16 342.20 734.40 316.63   A 1.31 1.28 -77.7 0 1 733.83 315.72   C 733.17 310.55 732.61 304.12 731.69 298.32   Q 724.35 252.07 698.82 212.81   A 0.51 0.51 0.0 0 1 699.14 212.03   Q 717.36 207.95 733.02 201.27   C 748.26 194.77 761.95 184.29 769.51 169.82   C 778.77 152.11 781.32 131.51 775.09 112.37   A 0.34 0.33 74.8 0 1 775.33 111.94   C 782.58 110.28 790.79 113.43 796.46 118.17   Q 803.06 123.68 808.46 130.01   A 0.16 0.16 0.0 0 0 808.73 129.84"/>
<path vector-effect="non-scaling-stroke" d="   M 97.61 800.43   C 102.79 800.43 107.25 797.71 109.78 793.30   Q 119.33 776.68 159.39 706.39   A 0.22 0.21 60.1 0 1 159.79 706.50   L 159.79 797.80   A 0.45 0.45 0.0 0 0 160.24 798.25   L 187.50 798.25   A 0.64 0.64 0.0 0 0 188.14 797.61   Q 188.10 665.03 188.13 659.00   C 188.18 652.07 187.56 647.17 182.04 643.24   C 175.20 638.37 165.93 640.32 161.69 647.69   Q 146.79 673.56 97.83 758.56   Q 97.74 758.71 97.60 758.71   Q 97.46 758.71 97.37 758.56   Q 48.39 673.58 33.48 647.71   C 29.24 640.34 19.97 638.39 13.13 643.27   C 7.61 647.20 6.99 652.10 7.05 659.03   Q 7.08 665.06 7.08 797.64   A 0.64 0.64 0.0 0 0 7.72 798.28   L 34.98 798.27   A 0.45 0.45 0.0 0 0 35.43 797.82   L 35.40 706.52   A 0.22 0.21 -60.1 0 1 35.80 706.41   Q 75.88 776.69 85.43 793.30   C 87.97 797.71 92.43 800.43 97.61 800.43"/>
<path vector-effect="non-scaling-stroke" d="   M 711.33 798.27   A 0.43 0.43 0.0 0 0 711.76 797.84   L 711.76 709.69   A 0.43 0.43 0.0 0 1 712.19 709.26   L 760.59 709.26   A 0.43 0.43 0.0 0 0 761.02 708.83   L 761.02 681.43   A 0.43 0.43 0.0 0 0 760.59 681.00   L 712.18 681.00   A 0.43 0.43 0.0 0 1 711.75 680.57   L 711.75 643.18   A 0.43 0.43 0.0 0 0 711.32 642.75   L 683.66 642.75   A 0.43 0.43 0.0 0 0 683.23 643.18   L 683.23 680.57   A 0.43 0.43 0.0 0 1 682.80 681.00   L 646.97 681.00   A 0.43 0.43 0.0 0 0 646.54 681.43   L 646.54 708.82   A 0.43 0.43 0.0 0 0 646.97 709.25   L 682.80 709.25   A 0.43 0.43 0.0 0 1 683.23 709.68   L 683.23 797.84   A 0.43 0.43 0.0 0 0 683.66 798.27   L 711.33 798.27"/>
<path vector-effect="non-scaling-stroke" d="   M 344.5353 719.4333   A 38.30 38.30 0.0 0 0 306.3022 681.0665   L 253.0623 680.9736   A 38.30 38.30 0.0 0 0 214.6955 719.2067   L 214.6247 759.8067   A 38.30 38.30 0.0 0 0 252.8578 798.1735   L 306.0977 798.2664   A 38.30 38.30 0.0 0 0 344.4645 760.0333   L 344.5353 719.4333"/>
<path vector-effect="non-scaling-stroke" d="   M 498.44 797.96   Q 498.68 766.18 498.39 731.78   C 498.27 716.88 492.38 702.32 480.80 693.20   Q 465.32 681.01 445.25 681.01   Q 389.41 681.01 388.60 680.99   Q 380.19 680.86 377.99 681.72   C 368.52 685.43 368.33 692.31 368.52 703.16   Q 368.59 706.60 368.55 797.56   A 0.71 0.71 0.0 0 0 369.26 798.27   L 396.35 798.27   A 0.45 0.45 0.0 0 0 396.80 797.82   L 396.80 709.53   A 0.27 0.27 0.0 0 1 397.07 709.26   Q 437.92 709.24 443.50 709.25   Q 448.54 709.27 452.68 710.09   C 462.63 712.09 469.54 721.12 470.08 731.00   Q 470.28 734.61 470.28 736.25   Q 470.30 762.88 470.28 797.87   A 0.39 0.39 0.0 0 0 470.67 798.26   L 498.14 798.26   A 0.31 0.30 -89.0 0 0 498.44 797.96"/>
<path vector-effect="non-scaling-stroke" d="   M 622.62 708.99   L 622.62 681.34   A 0.34 0.34 0.0 0 0 622.28 681.00   Q 577.30 680.98 554.76 681.05   C 539.68 681.09 526.26 688.31 521.22 702.43   C 515.91 717.33 521.06 734.29 535.16 742.64   C 540.97 746.08 546.42 747.23 552.76 747.23   Q 578.29 747.23 597.07 747.29   Q 606.10 747.32 607.89 755.22   Q 609.98 764.42 603.47 768.46   Q 600.51 770.29 590.80 770.02   Q 589.18 769.98 520.94 770.01   A 0.35 0.34 0.0 0 0 520.59 770.35   L 520.59 797.68   A 0.57 0.57 0.0 0 0 521.16 798.25   Q 583.20 798.36 596.49 798.20   C 621.48 797.91 638.76 779.74 636.22 754.64   C 635.09 743.48 628.99 731.38 619.28 725.27   C 609.37 719.03 600.24 719.08 585.89 719.20   Q 584.94 719.21 553.25 719.25   Q 552.85 719.25 549.88 718.84   A 1.70 1.68 -15.6 0 1 548.80 718.24   Q 546.80 715.79 547.70 712.06   C 548.36 709.29 552.92 709.27 555.25 709.25   Q 557.16 709.23 622.31 709.29   A 0.31 0.30 0.0 0 0 622.62 708.99"/>
<path vector-effect="non-scaling-stroke" d="   M 815.51 732.39   L 815.51 758.35   A 0.42 0.41 -0.0 0 0 815.93 758.76   Q 844.93 758.72 867.02 758.75   C 883.55 758.77 898.48 748.13 903.15 732.17   C 911.30 704.33 893.51 681.03 864.75 681.01   Q 836.65 680.98 815.24 681.02   C 791.21 681.05 776.80 699.33 776.70 722.25   Q 776.57 749.39 776.80 760.99   Q 777.14 778.58 789.99 789.05   Q 800.83 797.87 814.32 798.11   Q 833.84 798.45 865.86 798.15   A 0.55 0.55 0.0 0 0 866.41 797.60   L 866.41 771.63   A 0.38 0.38 0.0 0 0 866.03 771.25   Q 817.97 771.22 816.54 771.26   C 808.38 771.53 803.40 767.06 803.46 758.52   Q 803.62 735.69 803.43 726.29   C 803.22 715.51 804.55 707.72 816.77 707.74   Q 833.86 707.78 860.50 707.72   Q 869.04 707.71 871.38 708.69   C 879.22 711.97 880.46 721.72 875.54 727.90   Q 872.30 731.96 865.00 731.97   Q 844.59 732.03 815.92 731.98   A 0.41 0.41 0.0 0 0 815.51 732.39"/>
<path vector-effect="non-scaling-stroke" d="   M 1026.86 708.85   L 1026.86 681.56   A 0.53 0.53 0.0 0 0 1026.34 681.03   Q 1001.16 680.91 964.25 681.05   C 941.37 681.14 923.90 696.12 923.72 719.89   Q 923.45 756.20 923.66 797.80   A 0.45 0.44 0.0 0 0 924.11 798.24   L 951.12 798.24   A 0.65 0.65 0.0 0 0 951.77 797.59   Q 951.71 725.34 951.81 719.75   C 951.95 711.51 957.51 709.28 964.75 709.26   Q 974.17 709.24 1026.47 709.25   A 0.40 0.39 90.0 0 0 1026.86 708.85"/>
<path vector-effect="non-scaling-stroke" d="   M 425.82 871.59   C 425.85 885.94 433.20 900.32 449.60 900.28   C 466.01 900.24 473.29 885.83 473.26 871.49   C 473.22 857.15 465.88 842.77 449.47 842.80   C 433.07 842.84 425.79 857.25 425.82 871.59"/>
<path vector-effect="non-scaling-stroke" d="   M 542.22 869.25   A 0.37 0.36 -82.8 0 0 541.87 869.53   Q 539.63 877.99 534.52 885.34   A 0.48 0.47 -52.6 0 1 533.83 885.44   Q 526.06 879.13 520.40 870.71   A 0.62 0.61 54.7 0 1 520.54 869.87   C 526.67 865.34 533.59 860.49 532.43 851.68   C 531.77 846.70 527.73 842.90 522.82 842.83   C 509.62 842.64 506.51 854.30 510.73 864.81   Q 512.06 868.11 512.18 868.50   A 0.70 0.69 62.5 0 1 511.94 869.28   Q 506.76 873.23 505.48 874.85   Q 498.89 883.15 503.27 892.11   Q 505.03 895.71 508.88 897.92   C 516.93 902.55 527.50 900.20 534.05 894.24   A 0.62 0.61 41.6 0 1 534.81 894.20   Q 540.23 898.02 546.55 900.15   A 0.77 0.77 0.0 0 0 547.53 899.65   L 548.92 895.30   A 0.80 0.79 -72.5 0 0 548.41 894.31   Q 543.84 892.80 539.04 889.52   A 0.43 0.43 0.0 0 1 538.94 888.92   Q 545.27 880.16 548.31 869.50   A 0.20 0.20 0.0 0 0 548.12 869.25   L 542.22 869.25"/>
<path vector-effect="non-scaling-stroke" d="   M 823.34 871.57   C 823.36 885.91 830.70 900.30 847.10 900.28   C 863.51 900.26 870.81 885.85 870.79 871.50   C 870.77 857.16 863.43 842.77 847.03 842.79   C 830.62 842.81 823.32 857.22 823.34 871.57"/>
<path vector-effect="non-scaling-stroke" d="   M 185.89 882.49   Q 195.47 882.50 195.51 882.49   A 0.56 0.56 0.0 0 1 196.16 882.88   L 201.12 899.01   A 0.40 0.40 0.0 0 0 201.50 899.29   L 208.36 899.29   A 0.16 0.16 0.0 0 0 208.51 899.08   L 190.13 844.42   A 0.85 0.85 0.0 0 0 189.37 843.84   Q 187.67 843.73 185.94 843.73   Q 184.21 843.73 182.51 843.83   A 0.85 0.85 0.0 0 0 181.75 844.41   L 163.22 899.02   A 0.16 0.16 0.0 0 0 163.37 899.23   L 170.23 899.25   A 0.40 0.40 0.0 0 0 170.61 898.97   L 175.62 882.85   A 0.56 0.56 0.0 0 1 176.27 882.47   Q 176.31 882.48 185.89 882.49"/>
<path vector-effect="non-scaling-stroke" d="   M 256.28 900.29   C 271.99 900.25 276.16 888.77 276.11 875.24   Q 276.05 858.97 276.05 844.14   A 0.44 0.43 0.0 0 0 275.61 843.71   L 269.54 843.71   A 0.42 0.42 0.0 0 0 269.12 844.13   Q 269.30 860.87 269.09 878.97   C 268.99 887.29 265.13 894.16 256.26 894.18   C 247.39 894.20 243.50 887.35 243.37 879.03   Q 243.07 860.93 243.18 844.19   A 0.42 0.42 0.0 0 0 242.76 843.77   L 236.69 843.80   A 0.44 0.43 -0.3 0 0 236.25 844.23   Q 236.32 859.06 236.33 875.33   C 236.34 888.86 240.56 900.32 256.28 900.29"/>
<path vector-effect="non-scaling-stroke" d="   M 312.28 844.26   L 312.18 898.70   A 0.57 0.57 0.0 0 0 312.75 899.28   L 327.93 899.30   A 24.51 24.41 -89.9 0 0 352.38 874.84   L 352.40 868.28   A 24.51 24.41 -89.9 0 0 328.03 843.72   L 312.85 843.70   A 0.57 0.57 0.0 0 0 312.28 844.26"/>
<path vector-effect="non-scaling-stroke" d="   M 392.51 844.20   A 0.48 0.48 0.0 0 0 392.03 843.72   L 385.97 843.72   A 0.48 0.48 0.0 0 0 385.49 844.20   L 385.49 898.74   A 0.48 0.48 0.0 0 0 385.97 899.22   L 392.03 899.22   A 0.48 0.48 0.0 0 0 392.51 898.74   L 392.51 844.20"/>
<path vector-effect="non-scaling-stroke" d="   M 593.53 899.26   Q 597.02 899.26 597.19 899.22   A 0.93 0.93 0.0 0 0 597.87 898.59   L 615.25 843.95   A 0.17 0.17 0.0 0 0 615.09 843.73   L 608.17 843.73   A 0.31 0.31 0.0 0 0 607.87 843.96   Q 600.80 867.79 593.92 891.53   Q 593.84 891.79 593.53 891.79   Q 593.21 891.79 593.13 891.53   Q 586.21 867.80 579.09 843.99   A 0.31 0.31 0.0 0 0 578.79 843.76   L 571.87 843.77   A 0.17 0.17 0.0 0 0 571.71 843.99   L 589.19 898.60   A 0.93 0.93 0.0 0 0 589.87 899.23   Q 590.05 899.26 593.53 899.26"/>
<path vector-effect="non-scaling-stroke" d="   M 650.99 844.08   A 0.37 0.37 0.0 0 0 650.62 843.71   L 644.38 843.71   A 0.37 0.37 0.0 0 0 644.01 844.08   L 644.01 898.86   A 0.37 0.37 0.0 0 0 644.38 899.23   L 650.62 899.23   A 0.37 0.37 0.0 0 0 650.99 898.86   L 650.99 844.08"/>
<path vector-effect="non-scaling-stroke" d="   M 687.55 844.19   L 687.45 898.81   A 0.46 0.46 0.0 0 0 687.91 899.27   L 703.09 899.29   A 24.36 24.32 -89.9 0 0 727.45 874.97   L 727.47 868.15   A 24.36 24.32 -89.9 0 0 703.19 843.75   L 688.01 843.73   A 0.46 0.46 0.0 0 0 687.55 844.19"/>
<path vector-effect="non-scaling-stroke" d="   M 788.76 867.67   A 0.44 0.44 0.0 0 0 788.32 867.23   L 768.20 867.23   A 0.44 0.44 0.0 0 1 767.76 866.79   L 767.76 850.19   A 0.44 0.44 0.0 0 1 768.20 849.75   L 792.33 849.75   A 0.44 0.44 0.0 0 0 792.77 849.31   L 792.77 844.19   A 0.44 0.44 0.0 0 0 792.33 843.75   L 761.17 843.75   A 0.44 0.44 0.0 0 0 760.73 844.19   L 760.73 898.82   A 0.44 0.44 0.0 0 0 761.17 899.26   L 793.07 899.26   A 0.44 0.44 0.0 0 0 793.51 898.82   L 793.51 893.69   A 0.44 0.44 0.0 0 0 793.07 893.25   L 768.21 893.25   A 0.44 0.44 0.0 0 1 767.77 892.81   L 767.77 873.70   A 0.44 0.44 0.0 0 1 768.21 873.26   L 788.32 873.26   A 0.44 0.44 0.0 0 0 788.76 872.82   L 788.76 867.67"/>
<path vector-effect="non-scaling-stroke" d="   M 454.6534 190.3403   A 50.59 48.65 -90.2 0 0 406.1803 241.0998   A 50.59 48.65 -90.2 0 0 455.0066 291.5197   A 50.59 48.65 -90.2 0 0 503.4797 240.7602   A 50.59 48.65 -90.2 0 0 454.6534 190.3403"/>
<path vector-effect="non-scaling-stroke" d="   M 578.3339 190.3849   A 50.57 48.66 -90.8 0 0 530.3847 241.6294   A 50.57 48.66 -90.8 0 0 579.7461 291.5151   A 50.57 48.66 -90.8 0 0 627.6953 240.2706   A 50.57 48.66 -90.8 0 0 578.3339 190.3849"/>
<path vector-effect="non-scaling-stroke" d="   M 630.47 320.45   C 614.47 337.44 592.88 348.99 570.53 355.26   Q 525.20 367.97 477.73 360.23   C 446.40 355.12 417.15 342.94 394.54 320.16   A 0.15 0.15 0.0 0 0 394.30 320.34   Q 402.42 335.21 415.81 345.75   Q 426.03 353.79 434.19 358.08   A 0.59 0.59 0.0 0 1 434.41 358.92   C 431.32 363.60 422.51 376.71 424.30 382.06   C 427.61 391.97 436.70 396.78 446.33 398.68   C 450.61 399.52 459.36 399.22 462.72 395.73   C 467.60 390.67 469.54 379.31 470.99 372.36   A 0.57 0.56 10.9 0 1 471.65 371.92   Q 473.17 372.21 478.69 373.32   Q 494.41 376.47 509.88 376.46   A 0.43 0.43 0.0 0 1 510.30 376.98   Q 508.84 384.01 508.49 389.76   C 508.19 394.47 508.50 397.36 511.91 400.11   Q 518.59 405.49 527.25 407.50   C 540.70 410.62 559.47 409.29 568.08 396.60   C 570.14 393.55 569.28 390.27 567.99 387.03   Q 565.03 379.60 559.31 371.35   A 0.32 0.31 -27.1 0 1 559.47 370.87   L 575.62 365.44   A 0.73 0.72 -20.6 0 1 576.52 365.84   Q 579.29 372.44 583.90 380.11   C 587.40 385.93 591.36 390.30 598.85 389.63   C 609.87 388.64 620.45 381.34 624.87 370.90   C 626.87 366.18 625.57 362.88 622.68 359.06   Q 617.14 351.72 609.44 346.45   A 0.71 0.71 0.0 0 1 609.40 345.31   Q 622.63 334.83 630.83 320.72   A 0.23 0.23 0.0 0 0 630.47 320.45"/>
<path vector-effect="non-scaling-stroke" d="   M 475.51 238.54   Q 472.82 242.14 468.25 241.75   C 464.39 241.41 461.92 237.52 462.73 233.78   Q 463.36 230.88 465.79 228.82   A 0.41 0.41 0.0 0 0 465.65 228.12   Q 450.67 223.48 442.36 234.57   C 438.52 239.70 437.66 246.43 440.31 252.14   Q 445.63 263.63 457.57 264.70   C 464.15 265.29 470.80 261.91 474.45 256.45   Q 480.05 248.05 476.24 238.63   A 0.42 0.42 0.0 0 0 475.51 238.54"/>
<path vector-effect="non-scaling-stroke" d="   M 592.31 238.75   Q 591.58 239.32 590.76 239.98   C 587.57 242.55 582.49 242.58 580.18 238.88   C 578.11 235.56 579.43 231.11 582.43 228.86   A 0.28 0.28 0.0 0 0 582.37 228.37   C 559.65 219.14 543.80 250.10 565.79 262.40   C 574.48 267.27 585.25 264.47 590.94 256.49   Q 596.41 248.82 593.04 238.96   A 0.47 0.46 -28.6 0 0 592.31 238.75"/>
<path vector-effect="non-scaling-stroke" d="   M 456.3101 246.0506   A 4.82 4.61 -47.6 0 0 449.6557 246.5015   A 4.82 4.61 -47.6 0 0 449.8099 253.1694   A 4.82 4.61 -47.6 0 0 456.4643 252.7185   A 4.82 4.61 -47.6 0 0 456.3101 246.0506"/>
<path vector-effect="non-scaling-stroke" d="   M 575.23 249.49   A 4.79 4.79 0.0 0 0 570.44 244.70   A 4.79 4.79 0.0 0 0 565.65 249.49   A 4.79 4.79 0.0 0 0 570.44 254.28   A 4.79 4.79 0.0 0 0 575.23 249.49"/>
<path vector-effect="non-scaling-stroke" d="   M 316.38 719.36   A 10.10 10.10 0.0 0 0 306.28 709.26   L 252.96 709.26   A 10.10 10.10 0.0 0 0 242.86 719.36   L 242.86 759.88   A 10.10 10.10 0.0 0 0 252.96 769.98   L 306.28 769.98   A 10.10 10.10 0.0 0 0 316.38 759.88   L 316.38 719.36"/>
<path vector-effect="non-scaling-stroke" d="   M 433.16 871.54   C 433.15 881.58 437.31 894.11 449.51 894.12   C 461.72 894.13 465.89 881.60 465.90 871.56   C 465.91 861.52 461.75 848.99 449.55 848.98   C 437.34 848.97 433.17 861.50 433.16 871.54"/>
<path vector-effect="non-scaling-stroke" d="   M 517.34 865.37   Q 517.43 865.40 517.48 865.37   C 522.17 862.73 528.02 858.16 526.73 852.18   Q 526.04 849.01 523.13 848.04   Q 520.22 847.07 517.77 849.19   C 513.14 853.19 515.07 860.36 517.24 865.29   Q 517.26 865.34 517.34 865.37"/>
<path vector-effect="non-scaling-stroke" d="   M 529.21 889.72   Q 521.32 882.68 515.69 874.41   A 0.62 0.61 53.1 0 0 514.80 874.28   C 509.97 878.16 506.26 883.36 509.70 889.53   C 513.77 896.87 523.44 895.62 529.19 890.76   A 0.69 0.68 -44.4 0 0 529.21 889.72"/>
<path vector-effect="non-scaling-stroke" d="   M 830.67 871.53   C 830.66 881.57 834.82 894.11 847.03 894.12   C 859.24 894.13 863.41 881.60 863.42 871.55   C 863.43 861.50 859.27 848.96 847.06 848.96   C 834.85 848.95 830.68 861.48 830.67 871.53"/>
<path vector-effect="non-scaling-stroke" d="   M 185.80 876.75   Q 192.98 876.75 193.76 876.69   A 0.28 0.28 0.0 0 0 194.01 876.33   L 186.05 849.96   A 0.12 0.11 9.1 0 0 186.02 849.93   Q 185.81 849.82 185.79 849.82   Q 185.77 849.82 185.56 849.93   A 0.12 0.11 -9.1 0 0 185.53 849.96   L 177.59 876.34   A 0.28 0.28 0.0 0 0 177.84 876.70   Q 178.62 876.75 185.80 876.75"/>
<path vector-effect="non-scaling-stroke" d="   M 319.25 850.07   L 319.25 892.95   A 0.56 0.56 0.0 0 0 319.81 893.51   L 327.15 893.51   A 18.94 17.84 90.0 0 0 344.99 874.57   L 344.99 868.45   A 18.94 17.84 90.0 0 0 327.15 849.51   L 319.81 849.51   A 0.56 0.56 0.0 0 0 319.25 850.07"/>
<path vector-effect="non-scaling-stroke" d="   M 694.50 850.00   L 694.50 893.02   A 0.54 0.54 0.0 0 0 695.04 893.56   L 701.97 893.56   A 18.71 18.19 90.0 0 0 720.16 874.85   L 720.16 868.17   A 18.71 18.19 -90.0 0 0 701.97 849.46   L 695.04 849.46   A 0.54 0.54 0.0 0 0 694.50 850.00"/>
</g>

<path fill="#333333" d="   M 808.73 129.84   A 0.16 0.16 0.0 0 1 808.46 130.01   Q 803.06 123.68 796.46 118.17   C 790.79 113.43 782.58 110.28 775.33 111.94   A 0.34 0.33 74.8 0 0 775.09 112.37   C 781.32 131.51 778.77 152.11 769.51 169.82   C 761.95 184.29 748.26 194.77 733.02 201.27   Q 717.36 207.95 699.14 212.03   A 0.51 0.51 0.0 0 0 698.82 212.81   Q 724.35 252.07 731.69 298.32   C 732.61 304.12 733.17 310.55 733.83 315.72   A 1.31 1.28 -77.7 0 0 734.40 316.63   Q 773.16 342.20 784.11 386.48   Q 792.77 421.46 783.04 456.82   Q 777.20 478.03 767.63 495.27   A 0.47 0.47 0.0 0 0 767.95 495.96   Q 778.29 498.11 780.87 508.34   Q 781.29 510.02 780.58 512.21   A 1.86 1.80 81.2 0 1 779.93 513.13   Q 777.55 514.91 774.80 512.58   A 1.35 1.34 11.1 0 1 774.38 511.96   Q 774.22 511.48 772.34 507.70   Q 770.42 503.84 766.15 502.14   A 0.28 0.27 86.2 0 0 765.81 502.53   Q 770.59 511.14 767.80 519.95   C 766.78 523.17 763.48 525.14 761.31 521.14   C 759.66 518.10 759.91 512.82 759.60 508.47   A 0.26 0.26 0.0 0 0 759.16 508.29   Q 754.00 512.91 749.23 518.93   Q 747.83 520.68 746.14 518.91   C 742.59 515.19 749.29 504.46 751.78 501.14   A 0.24 0.23 -70.6 0 0 751.60 500.76   Q 743.91 500.46 737.41 504.81   Q 735.10 506.35 732.93 505.93   A 3.24 2.56 -85.1 0 1 730.86 502.80   Q 730.90 500.01 732.75 497.54   Q 742.34 484.72 758.04 488.08   A 0.74 0.73 -79.8 0 0 758.92 487.46   Q 759.23 485.20 760.67 472.01   Q 763.48 446.28 757.77 421.23   Q 751.18 392.29 730.44 371.34   A 0.32 0.32 0.0 0 0 729.90 371.50   Q 723.46 407.17 704.79 439.29   Q 672.72 494.44 616.44 524.15   A 2.50 2.50 0.0 0 0 615.12 526.06   Q 612.79 545.28 606.37 561.84   C 604.21 567.43 601.99 574.64 605.83 580.08   Q 610.93 587.30 619.09 589.70   C 623.41 590.97 629.46 590.93 634.03 591.43   Q 647.40 592.91 656.25 597.01   C 665.72 601.40 671.24 609.67 676.08 618.57   A 0.35 0.35 0.0 0 1 675.77 619.08   Q 606.42 619.06 592.49 619.11   Q 585.95 619.13 583.13 618.10   C 576.60 615.70 571.89 610.93 569.66 604.19   Q 568.64 601.10 568.53 593.72   Q 568.20 569.61 564.86 544.41   A 0.65 0.64 80.6 0 0 564.09 543.85   C 533.35 549.78 500.47 550.61 469.72 543.87   A 0.48 0.47 -79.9 0 0 469.15 544.27   Q 465.73 568.76 465.50 592.81   C 465.41 602.29 464.27 608.46 457.49 614.23   C 452.68 618.32 447.67 619.09 440.80 619.09   Q 414.66 619.06 358.17 619.07   A 0.39 0.39 0.0 0 1 357.82 618.50   C 361.50 611.20 367.24 602.81 374.34 598.75   C 382.49 594.08 392.43 591.99 402.02 591.24   C 408.64 590.73 414.29 590.66 419.55 587.99   C 428.42 583.49 432.52 575.22 428.98 565.51   Q 421.79 545.80 418.64 525.27   A 1.13 1.12 -81.1 0 0 418.04 524.44   C 358.33 493.92 316.53 437.45 304.10 371.58   A 0.33 0.33 0.0 0 0 303.55 371.40   C 271.16 402.57 267.77 445.72 275.15 487.71   A 0.44 0.43 -13.4 0 0 275.71 488.05   Q 283.18 485.73 290.50 488.83   C 295.81 491.08 303.08 497.03 303.09 503.36   A 2.65 2.61 81.7 0 1 301.23 505.89   C 298.91 506.59 295.14 504.13 291.08 502.11   Q 288.92 501.04 282.74 500.74   A 0.39 0.39 0.0 0 0 282.40 501.36   C 285.67 505.84 289.35 512.40 288.61 518.07   A 2.52 2.36 -88.9 0 1 286.51 520.23   Q 285.89 520.30 285.17 519.56   Q 284.28 518.64 281.89 515.55   A 9.93 9.73 -89.4 0 0 280.48 514.08   Q 276.96 511.09 274.58 508.10   A 0.21 0.21 0.0 0 0 274.20 508.24   C 274.36 512.52 274.38 519.17 271.63 522.66   A 2.17 2.16 -53.8 0 1 268.72 523.12   Q 267.32 522.17 266.56 519.91   Q 263.43 510.73 268.06 501.85   A 0.38 0.38 0.0 0 0 267.58 501.32   C 263.67 502.90 261.94 505.42 260.39 509.33   C 259.42 511.78 257.71 513.37 255.17 512.75   A 2.90 2.66 4.9 0 1 253.00 510.39   C 252.29 503.10 259.69 496.75 265.95 495.07   A 0.56 0.56 0.0 0 0 266.29 494.26   C 253.75 471.47 246.35 445.96 245.83 419.76   C 244.99 377.53 264.55 337.31 300.60 314.80   A 1.08 1.07 -14.1 0 0 301.10 313.97   Q 305.58 257.96 336.13 210.81   A 0.40 0.40 0.0 0 0 335.88 210.20   C 313.99 205.27 289.37 197.42 273.80 180.47   C 256.56 161.72 251.86 134.54 259.77 110.61   A 0.48 0.48 0.0 0 0 259.32 109.98   C 244.23 109.63 235.26 119.34 225.62 129.83   A 0.23 0.23 0.0 0 1 225.24 129.58   C 237.11 103.02 262.59 84.55 291.78 82.59   Q 330.29 80.00 357.00 107.58   C 370.28 121.30 377.52 138.04 386.64 156.14   A 0.57 0.56 57.9 0 0 387.49 156.34   Q 409.05 139.89 434.46 129.45   Q 436.76 128.51 447.48 124.46   A 0.47 0.47 0.0 0 0 447.71 123.76   Q 438.91 110.16 429.57 92.80   C 424.06 82.57 417.20 71.43 411.89 61.88   C 404.12 47.89 393.25 19.57 412.65 9.90   Q 416.92 7.78 423.59 7.91   Q 430.58 8.04 434.77 9.25   Q 444.68 12.12 453.79 19.02   Q 473.93 34.27 479.11 59.42   Q 480.14 64.45 480.02 68.25   C 479.65 80.58 476.83 92.78 475.01 104.75   Q 474.01 111.32 474.21 117.24   A 0.43 0.43 0.0 0 0 474.72 117.64   Q 517.89 108.86 560.04 117.59   A 0.78 0.77 -87.6 0 0 560.96 116.74   Q 559.23 102.41 556.30 87.47   C 553.92 75.36 553.80 62.51 558.06 50.04   Q 566.19 26.27 588.37 13.89   Q 600.95 6.87 614.50 8.14   Q 627.00 9.32 630.83 20.91   C 635.25 34.29 627.77 51.85 621.01 63.78   Q 607.01 88.51 596.21 107.71   Q 592.76 113.83 586.19 123.71   A 0.53 0.53 0.0 0 0 586.45 124.50   Q 618.71 136.29 646.41 156.43   A 0.59 0.59 0.0 0 0 647.29 156.21   C 657.77 134.93 666.80 114.62 684.87 100.13   C 726.00 67.14 787.60 81.57 808.73 129.84   Z   M 454.6534 190.3403   A 50.59 48.65 -90.2 0 0 406.1803 241.0998   A 50.59 48.65 -90.2 0 0 455.0066 291.5197   A 50.59 48.65 -90.2 0 0 503.4797 240.7602   A 50.59 48.65 -90.2 0 0 454.6534 190.3403   Z   M 578.3339 190.3849   A 50.57 48.66 -90.8 0 0 530.3847 241.6294   A 50.57 48.66 -90.8 0 0 579.7461 291.5151   A 50.57 48.66 -90.8 0 0 627.6953 240.2706   A 50.57 48.66 -90.8 0 0 578.3339 190.3849   Z   M 630.47 320.45   C 614.47 337.44 592.88 348.99 570.53 355.26   Q 525.20 367.97 477.73 360.23   C 446.40 355.12 417.15 342.94 394.54 320.16   A 0.15 0.15 0.0 0 0 394.30 320.34   Q 402.42 335.21 415.81 345.75   Q 426.03 353.79 434.19 358.08   A 0.59 0.59 0.0 0 1 434.41 358.92   C 431.32 363.60 422.51 376.71 424.30 382.06   C 427.61 391.97 436.70 396.78 446.33 398.68   C 450.61 399.52 459.36 399.22 462.72 395.73   C 467.60 390.67 469.54 379.31 470.99 372.36   A 0.57 0.56 10.9 0 1 471.65 371.92   Q 473.17 372.21 478.69 373.32   Q 494.41 376.47 509.88 376.46   A 0.43 0.43 0.0 0 1 510.30 376.98   Q 508.84 384.01 508.49 389.76   C 508.19 394.47 508.50 397.36 511.91 400.11   Q 518.59 405.49 527.25 407.50   C 540.70 410.62 559.47 409.29 568.08 396.60   C 570.14 393.55 569.28 390.27 567.99 387.03   Q 565.03 379.60 559.31 371.35   A 0.32 0.31 -27.1 0 1 559.47 370.87   L 575.62 365.44   A 0.73 0.72 -20.6 0 1 576.52 365.84   Q 579.29 372.44 583.90 380.11   C 587.40 385.93 591.36 390.30 598.85 389.63   C 609.87 388.64 620.45 381.34 624.87 370.90   C 626.87 366.18 625.57 362.88 622.68 359.06   Q 617.14 351.72 609.44 346.45   A 0.71 0.71 0.0 0 1 609.40 345.31   Q 622.63 334.83 630.83 320.72   A 0.23 0.23 0.0 0 0 630.47 320.45   Z"/>


<path fill="#333333" d="   M 475.51 238.54   A 0.42 0.42 0.0 0 1 476.24 238.63   Q 480.05 248.05 474.45 256.45   C 470.80 261.91 464.15 265.29 457.57 264.70   Q 445.63 263.63 440.31 252.14   C 437.66 246.43 438.52 239.70 442.36 234.57   Q 450.67 223.48 465.65 228.12   A 0.41 0.41 0.0 0 1 465.79 228.82   Q 463.36 230.88 462.73 233.78   C 461.92 237.52 464.39 241.41 468.25 241.75   Q 472.82 242.14 475.51 238.54   Z   M 456.3101 246.0506   A 4.82 4.61 -47.6 0 0 449.6557 246.5015   A 4.82 4.61 -47.6 0 0 449.8099 253.1694   A 4.82 4.61 -47.6 0 0 456.4643 252.7185   A 4.82 4.61 -47.6 0 0 456.3101 246.0506   Z"/>
<path fill="#333333" d="   M 593.04 238.96   Q 596.41 248.82 590.94 256.49   C 585.25 264.47 574.48 267.27 565.79 262.40   C 543.80 250.10 559.65 219.14 582.37 228.37   A 0.28 0.28 0.0 0 1 582.43 228.86   C 579.43 231.11 578.11 235.56 580.18 238.88   C 582.49 242.58 587.57 242.55 590.76 239.98   Q 591.58 239.32 592.31 238.75   A 0.47 0.46 -28.6 0 1 593.04 238.96   Z   M 575.23 249.49   A 4.79 4.79 0.0 0 0 570.44 244.70   A 4.79 4.79 0.0 0 0 565.65 249.49   A 4.79 4.79 0.0 0 0 570.44 254.28   A 4.79 4.79 0.0 0 0 575.23 249.49   Z"/>



<path fill="#333333" d="   M 97.60 758.71   Q 97.74 758.71 97.83 758.56   Q 146.79 673.56 161.69 647.69   C 165.93 640.32 175.20 638.37 182.04 643.24   C 187.56 647.17 188.18 652.07 188.13 659.00   Q 188.10 665.03 188.14 797.61   A 0.64 0.64 0.0 0 1 187.50 798.25   L 160.24 798.25   A 0.45 0.45 0.0 0 1 159.79 797.80   L 159.79 706.50   A 0.22 0.21 60.1 0 0 159.39 706.39   Q 119.33 776.68 109.78 793.30   C 107.25 797.71 102.79 800.43 97.61 800.43   C 92.43 800.43 87.97 797.71 85.43 793.30   Q 75.88 776.69 35.80 706.41   A 0.22 0.21 -60.1 0 0 35.40 706.52   L 35.43 797.82   A 0.45 0.45 0.0 0 1 34.98 798.27   L 7.72 798.28   A 0.64 0.64 0.0 0 1 7.08 797.64   Q 7.08 665.06 7.05 659.03   C 6.99 652.10 7.61 647.20 13.13 643.27   C 19.97 638.39 29.24 640.34 33.48 647.71   Q 48.39 673.58 97.37 758.56   Q 97.46 758.71 97.60 758.71   Z"/>
<path fill="#333333" d="   M 711.33 798.27   L 683.66 798.27   A 0.43 0.43 0.0 0 1 683.23 797.84   L 683.23 709.68   A 0.43 0.43 0.0 0 0 682.80 709.25   L 646.97 709.25   A 0.43 0.43 0.0 0 1 646.54 708.82   L 646.54 681.43   A 0.43 0.43 0.0 0 1 646.97 681.00   L 682.80 681.00   A 0.43 0.43 0.0 0 0 683.23 680.57   L 683.23 643.18   A 0.43 0.43 0.0 0 1 683.66 642.75   L 711.32 642.75   A 0.43 0.43 0.0 0 1 711.75 643.18   L 711.75 680.57   A 0.43 0.43 0.0 0 0 712.18 681.00   L 760.59 681.00   A 0.43 0.43 0.0 0 1 761.02 681.43   L 761.02 708.83   A 0.43 0.43 0.0 0 1 760.59 709.26   L 712.19 709.26   A 0.43 0.43 0.0 0 0 711.76 709.69   L 711.76 797.84   A 0.43 0.43 0.0 0 1 711.33 798.27   Z"/>
<path fill="#333333" d="   M 344.4645 760.0333   A 38.30 38.30 0.0 0 1 306.0977 798.2664   L 252.8578 798.1735   A 38.30 38.30 0.0 0 1 214.6247 759.8067   L 214.6955 719.2067   A 38.30 38.30 0.0 0 1 253.0623 680.9736   L 306.3022 681.0665   A 38.30 38.30 0.0 0 1 344.5353 719.4333   L 344.4645 760.0333   Z   M 316.38 719.36   A 10.10 10.10 0.0 0 0 306.28 709.26   L 252.96 709.26   A 10.10 10.10 0.0 0 0 242.86 719.36   L 242.86 759.88   A 10.10 10.10 0.0 0 0 252.96 769.98   L 306.28 769.98   A 10.10 10.10 0.0 0 0 316.38 759.88   L 316.38 719.36   Z"/>
<path fill="#333333" d="   M 498.44 797.96   A 0.31 0.30 -89.0 0 1 498.14 798.26   L 470.67 798.26   A 0.39 0.39 0.0 0 1 470.28 797.87   Q 470.30 762.88 470.28 736.25   Q 470.28 734.61 470.08 731.00   C 469.54 721.12 462.63 712.09 452.68 710.09   Q 448.54 709.27 443.50 709.25   Q 437.92 709.24 397.07 709.26   A 0.27 0.27 0.0 0 0 396.80 709.53   L 396.80 797.82   A 0.45 0.45 0.0 0 1 396.35 798.27   L 369.26 798.27   A 0.71 0.71 0.0 0 1 368.55 797.56   Q 368.59 706.60 368.52 703.16   C 368.33 692.31 368.52 685.43 377.99 681.72   Q 380.19 680.86 388.60 680.99   Q 389.41 681.01 445.25 681.01   Q 465.32 681.01 480.80 693.20   C 492.38 702.32 498.27 716.88 498.39 731.78   Q 498.68 766.18 498.44 797.96   Z"/>
<path fill="#333333" d="   M 622.62 708.99   A 0.31 0.30 0.0 0 1 622.31 709.29   Q 557.16 709.23 555.25 709.25   C 552.92 709.27 548.36 709.29 547.70 712.06   Q 546.80 715.79 548.80 718.24   A 1.70 1.68 -15.6 0 0 549.88 718.84   Q 552.85 719.25 553.25 719.25   Q 584.94 719.21 585.89 719.20   C 600.24 719.08 609.37 719.03 619.28 725.27   C 628.99 731.38 635.09 743.48 636.22 754.64   C 638.76 779.74 621.48 797.91 596.49 798.20   Q 583.20 798.36 521.16 798.25   A 0.57 0.57 0.0 0 1 520.59 797.68   L 520.59 770.35   A 0.35 0.34 0.0 0 1 520.94 770.01   Q 589.18 769.98 590.80 770.02   Q 600.51 770.29 603.47 768.46   Q 609.98 764.42 607.89 755.22   Q 606.10 747.32 597.07 747.29   Q 578.29 747.23 552.76 747.23   C 546.42 747.23 540.97 746.08 535.16 742.64   C 521.06 734.29 515.91 717.33 521.22 702.43   C 526.26 688.31 539.68 681.09 554.76 681.05   Q 577.30 680.98 622.28 681.00   A 0.34 0.34 0.0 0 1 622.62 681.34   L 622.62 708.99   Z"/>
<path fill="#333333" d="   M 815.51 732.39   A 0.41 0.41 0.0 0 1 815.92 731.98   Q 844.59 732.03 865.00 731.97   Q 872.30 731.96 875.54 727.90   C 880.46 721.72 879.22 711.97 871.38 708.69   Q 869.04 707.71 860.50 707.72   Q 833.86 707.78 816.77 707.74   C 804.55 707.72 803.22 715.51 803.43 726.29   Q 803.62 735.69 803.46 758.52   C 803.40 767.06 808.38 771.53 816.54 771.26   Q 817.97 771.22 866.03 771.25   A 0.38 0.38 0.0 0 1 866.41 771.63   L 866.41 797.60   A 0.55 0.55 0.0 0 1 865.86 798.15   Q 833.84 798.45 814.32 798.11   Q 800.83 797.87 789.99 789.05   Q 777.14 778.58 776.80 760.99   Q 776.57 749.39 776.70 722.25   C 776.80 699.33 791.21 681.05 815.24 681.02   Q 836.65 680.98 864.75 681.01   C 893.51 681.03 911.30 704.33 903.15 732.17   C 898.48 748.13 883.55 758.77 867.02 758.75   Q 844.93 758.72 815.93 758.76   A 0.42 0.41 0.0 0 1 815.51 758.35   L 815.51 732.39   Z"/>
<path fill="#333333" d="   M 1026.86 708.85   A 0.40 0.39 -90.0 0 1 1026.47 709.25   Q 974.17 709.24 964.75 709.26   C 957.51 709.28 951.95 711.51 951.81 719.75   Q 951.71 725.34 951.77 797.59   A 0.65 0.65 0.0 0 1 951.12 798.24   L 924.11 798.24   A 0.45 0.44 0.0 0 1 923.66 797.80   Q 923.45 756.20 923.72 719.89   C 923.90 696.12 941.37 681.14 964.25 681.05   Q 1001.16 680.91 1026.34 681.03   A 0.53 0.53 0.0 0 1 1026.86 681.56   L 1026.86 708.85   Z"/>

<path fill="#333333" d="   M 449.47 842.80   C 465.88 842.77 473.22 857.15 473.26 871.49   C 473.29 885.83 466.01 900.24 449.60 900.28   C 433.20 900.32 425.85 885.94 425.82 871.59   C 425.79 857.25 433.07 842.84 449.47 842.80   Z   M 433.16 871.54   C 433.15 881.58 437.31 894.11 449.51 894.12   C 461.72 894.13 465.89 881.60 465.90 871.56   C 465.91 861.52 461.75 848.99 449.55 848.98   C 437.34 848.97 433.17 861.50 433.16 871.54   Z"/>
<path fill="#333333" d="   M 548.31 869.50   Q 545.27 880.16 538.94 888.92   A 0.43 0.43 0.0 0 0 539.04 889.52   Q 543.84 892.80 548.41 894.31   A 0.80 0.79 -72.5 0 1 548.92 895.30   L 547.53 899.65   A 0.77 0.77 0.0 0 1 546.55 900.15   Q 540.23 898.02 534.81 894.20   A 0.62 0.61 41.6 0 0 534.05 894.24   C 527.50 900.20 516.93 902.55 508.88 897.92   Q 505.03 895.71 503.27 892.11   Q 498.89 883.15 505.48 874.85   Q 506.76 873.23 511.94 869.28   A 0.70 0.69 62.5 0 0 512.18 868.50   Q 512.06 868.11 510.73 864.81   C 506.51 854.30 509.62 842.64 522.82 842.83   C 527.73 842.90 531.77 846.70 532.43 851.68   C 533.59 860.49 526.67 865.34 520.54 869.87   A 0.62 0.61 54.7 0 0 520.40 870.71   Q 526.06 879.13 533.83 885.44   A 0.48 0.47 -52.6 0 0 534.52 885.34   Q 539.63 877.99 541.87 869.53   A 0.37 0.36 -82.8 0 1 542.22 869.25   L 548.12 869.25   A 0.20 0.20 0.0 0 1 548.31 869.50   Z   M 517.34 865.37   Q 517.43 865.40 517.48 865.37   C 522.17 862.73 528.02 858.16 526.73 852.18   Q 526.04 849.01 523.13 848.04   Q 520.22 847.07 517.77 849.19   C 513.14 853.19 515.07 860.36 517.24 865.29   Q 517.26 865.34 517.34 865.37   Z   M 529.21 889.72   Q 521.32 882.68 515.69 874.41   A 0.62 0.61 53.1 0 0 514.80 874.28   C 509.97 878.16 506.26 883.36 509.70 889.53   C 513.77 896.87 523.44 895.62 529.19 890.76   A 0.69 0.68 -44.4 0 0 529.21 889.72   Z"/>
<path fill="#333333" d="   M 823.34 871.57   C 823.32 857.22 830.62 842.81 847.03 842.79   C 863.43 842.77 870.77 857.16 870.79 871.50   C 870.81 885.85 863.51 900.26 847.10 900.28   C 830.70 900.30 823.36 885.91 823.34 871.57   Z   M 830.67 871.53   C 830.66 881.57 834.82 894.11 847.03 894.12   C 859.24 894.13 863.41 881.60 863.42 871.55   C 863.43 861.50 859.27 848.96 847.06 848.96   C 834.85 848.95 830.68 861.48 830.67 871.53   Z"/>
<path fill="#333333" d="   M 185.94 843.73   Q 187.67 843.73 189.37 843.84   A 0.85 0.85 0.0 0 1 190.13 844.42   L 208.51 899.08   A 0.16 0.16 0.0 0 1 208.36 899.29   L 201.50 899.29   A 0.40 0.40 0.0 0 1 201.12 899.01   L 196.16 882.88   A 0.56 0.56 0.0 0 0 195.51 882.49   Q 195.47 882.50 185.89 882.49   Q 176.31 882.48 176.27 882.47   A 0.56 0.56 0.0 0 0 175.62 882.85   L 170.61 898.97   A 0.40 0.40 0.0 0 1 170.23 899.25   L 163.37 899.23   A 0.16 0.16 0.0 0 1 163.22 899.02   L 181.75 844.41   A 0.85 0.85 0.0 0 1 182.51 843.83   Q 184.21 843.73 185.94 843.73   Z   M 185.80 876.75   Q 192.98 876.75 193.76 876.69   A 0.28 0.28 0.0 0 0 194.01 876.33   L 186.05 849.96   A 0.12 0.11 9.1 0 0 186.02 849.93   Q 185.81 849.82 185.79 849.82   Q 185.77 849.82 185.56 849.93   A 0.12 0.11 -9.1 0 0 185.53 849.96   L 177.59 876.34   A 0.28 0.28 0.0 0 0 177.84 876.70   Q 178.62 876.75 185.80 876.75   Z"/>
<path fill="#333333" d="   M 256.26 894.18   C 265.13 894.16 268.99 887.29 269.09 878.97   Q 269.30 860.87 269.12 844.13   A 0.42 0.42 0.0 0 1 269.54 843.71   L 275.61 843.71   A 0.44 0.43 0.0 0 1 276.05 844.14   Q 276.05 858.97 276.11 875.24   C 276.16 888.77 271.99 900.25 256.28 900.29   C 240.56 900.32 236.34 888.86 236.33 875.33   Q 236.32 859.06 236.25 844.23   A 0.44 0.43 -0.3 0 1 236.69 843.80   L 242.76 843.77   A 0.42 0.42 0.0 0 1 243.18 844.19   Q 243.07 860.93 243.37 879.03   C 243.50 887.35 247.39 894.20 256.26 894.18   Z"/>
<path fill="#333333" d="   M 312.28 844.26   A 0.57 0.57 0.0 0 1 312.85 843.70   L 328.03 843.72   A 24.51 24.41 -89.9 0 1 352.40 868.28   L 352.38 874.84   A 24.51 24.41 -89.9 0 1 327.93 899.30   L 312.75 899.28   A 0.57 0.57 0.0 0 1 312.18 898.70   L 312.28 844.26   Z   M 319.25 850.07   L 319.25 892.95   A 0.56 0.56 0.0 0 0 319.81 893.51   L 327.15 893.51   A 18.94 17.84 90.0 0 0 344.99 874.57   L 344.99 868.45   A 18.94 17.84 90.0 0 0 327.15 849.51   L 319.81 849.51   A 0.56 0.56 0.0 0 0 319.25 850.07   Z"/>
<rect fill="#333333" x="385.49" y="843.72" width="7.02" height="55.50" rx="0.48"/>
<path fill="#333333" d="   M 593.53 891.79   Q 593.84 891.79 593.92 891.53   Q 600.80 867.79 607.87 843.96   A 0.31 0.31 0.0 0 1 608.17 843.73   L 615.09 843.73   A 0.17 0.17 0.0 0 1 615.25 843.95   L 597.87 898.59   A 0.93 0.93 0.0 0 1 597.19 899.22   Q 597.02 899.26 593.53 899.26   Q 590.05 899.26 589.87 899.23   A 0.93 0.93 0.0 0 1 589.19 898.60   L 571.71 843.99   A 0.17 0.17 0.0 0 1 571.87 843.77   L 578.79 843.76   A 0.31 0.31 0.0 0 1 579.09 843.99   Q 586.21 867.80 593.13 891.53   Q 593.21 891.79 593.53 891.79   Z"/>
<rect fill="#333333" x="644.01" y="843.71" width="6.98" height="55.52" rx="0.37"/>
<path fill="#333333" d="   M 687.55 844.19   A 0.46 0.46 0.0 0 1 688.01 843.73   L 703.19 843.75   A 24.36 24.32 -89.9 0 1 727.47 868.15   L 727.45 874.97   A 24.36 24.32 -89.9 0 1 703.09 899.29   L 687.91 899.27   A 0.46 0.46 0.0 0 1 687.45 898.81   L 687.55 844.19   Z   M 694.50 850.00   L 694.50 893.02   A 0.54 0.54 0.0 0 0 695.04 893.56   L 701.97 893.56   A 18.71 18.19 90.0 0 0 720.16 874.85   L 720.16 868.17   A 18.71 18.19 -90.0 0 0 701.97 849.46   L 695.04 849.46   A 0.54 0.54 0.0 0 0 694.50 850.00   Z"/>
<path fill="#333333" d="   M 788.76 867.67   L 788.76 872.82   A 0.44 0.44 0.0 0 1 788.32 873.26   L 768.21 873.26   A 0.44 0.44 0.0 0 0 767.77 873.70   L 767.77 892.81   A 0.44 0.44 0.0 0 0 768.21 893.25   L 793.07 893.25   A 0.44 0.44 0.0 0 1 793.51 893.69   L 793.51 898.82   A 0.44 0.44 0.0 0 1 793.07 899.26   L 761.17 899.26   A 0.44 0.44 0.0 0 1 760.73 898.82   L 760.73 844.19   A 0.44 0.44 0.0 0 1 761.17 843.75   L 792.33 843.75   A 0.44 0.44 0.0 0 1 792.77 844.19   L 792.77 849.31   A 0.44 0.44 0.0 0 1 792.33 849.75   L 768.20 849.75   A 0.44 0.44 0.0 0 0 767.76 850.19   L 767.76 866.79   A 0.44 0.44 0.0 0 0 768.20 867.23   L 788.32 867.23   A 0.44 0.44 0.0 0 1 788.76 867.67   Z"/>








                        </g>
                    </svg>