<svg xmlns="http://www.w3.org/2000/svg" 
                      viewBox="0 0 1000.32 990.84" 
                      width="1000.32" 
                      height="990.84"
                      preserveAspectRatio="none"
                      data-content-extracted="true"
                      data-overflow="horizontal:4,vertical:4"
                      data-original-bounds="-90,-90,906.32,896.84">
                        <g transform="translate(92, 92)">
                          
    <path vector-effect="non-scaling-stroke" d="   M 757.72 504.18   C 757.64 508.46 757.50 516.62 760.84 518.97   A 2.46 2.43 44.8 0 0 763.66 518.98   Q 765.30 517.82 766.00 515.39   Q 768.48 506.75 763.78 498.50   A 0.30 0.29 -1.8 0 1 764.17 498.09   Q 769.97 500.87 771.84 507.04   C 773.17 511.47 780.08 510.74 778.95 504.95   Q 776.87 494.42 765.93 491.91   A 0.45 0.45 0.0 0 1 765.64 491.25   C 789.21 448.76 794.57 395.82 770.26 352.53   Q 758.83 332.18 740.44 318.34   Q 738.46 316.84 732.55 312.90   A 1.48 1.45 -76.6 0 1 731.90 311.82   Q 731.36 306.43 730.43 299.53   Q 723.79 250.23 696.86 208.88   A 0.56 0.56 0.0 0 1 697.20 208.02   Q 715.18 203.99 730.97 197.30   C 745.52 191.13 758.89 181.15 766.63 167.40   C 776.69 149.54 779.32 128.37 773.23 108.72   A 0.81 0.81 0.0 0 1 773.93 107.67   Q 784.95 106.68 793.55 113.48   Q 800.45 118.92 806.44 126.06   A 0.21 0.21 0.0 0 0 806.80 125.84   C 792.80 94.77 761.66 75.91 727.52 78.50   Q 704.55 80.24 685.85 93.83   C 665.96 108.27 656.18 130.12 645.29 152.22   A 0.60 0.59 31.2 0 1 644.40 152.43   Q 616.69 132.26 584.33 120.46   A 0.43 0.42 -63.7 0 1 584.12 119.83   Q 590.04 111.03 595.27 101.78   Q 618.75 60.21 619.00 59.78   C 627.26 45.28 639.73 15.41 618.39 5.45   Q 615.33 4.02 610.87 3.96   Q 604.59 3.89 603.16 4.12   C 583.72 7.28 566.99 21.63 558.78 39.20   C 552.35 52.95 551.36 66.91 554.14 82.18   Q 557.44 100.28 559.00 112.84   A 0.70 0.69 -87.6 0 1 558.17 113.61   Q 515.92 104.84 472.72 113.64   A 0.43 0.42 -6.3 0 1 472.21 113.24   Q 472.01 106.86 473.04 100.50   Q 474.80 89.59 476.60 78.67   Q 478.38 67.84 477.99 62.00   Q 477.64 56.61 475.95 50.59   Q 469.46 27.45 450.19 13.86   Q 441.37 7.63 432.15 5.08   Q 428.13 3.96 421.40 3.89   Q 415.03 3.83 410.86 5.82   C 389.45 16.02 404.06 48.45 412.39 62.38   Q 421.77 78.07 431.36 95.65   Q 438.60 108.94 445.82 119.87   A 0.45 0.45 0.0 0 1 445.59 120.54   C 424.46 127.68 403.19 138.32 385.77 152.27   A 0.82 0.81 -32.6 0 1 384.53 152.00   Q 375.73 134.27 372.16 127.59   C 358.45 101.95 336.51 82.64 306.93 78.99   C 271.84 74.66 237.44 92.73 223.25 125.60   A 0.23 0.23 0.0 0 0 223.63 125.84   C 232.56 115.85 242.69 105.20 257.46 106.05   A 0.37 0.36 -79.7 0 1 257.79 106.53   Q 249.90 130.24 258.23 153.74   C 269.97 186.91 302.28 199.05 333.80 206.17   A 0.47 0.46 22.7 0 1 334.09 206.87   Q 303.59 253.97 299.10 309.97   A 1.08 1.06 -14.1 0 1 298.59 310.80   C 263.31 332.80 243.56 372.26 243.80 413.53   C 243.96 440.53 251.35 466.76 264.31 490.27   A 0.56 0.56 0.0 0 1 263.97 491.07   Q 253.89 493.88 251.14 503.76   Q 249.95 508.05 253.61 508.86   C 256.13 509.42 257.81 507.01 258.73 504.48   Q 260.59 499.32 265.78 497.19   A 0.31 0.30 -86.6 0 1 266.16 497.62   Q 261.36 506.64 264.62 516.09   Q 265.38 518.29 266.89 519.21   A 2.30 2.07 -55.1 0 0 269.73 518.55   C 272.37 515.15 272.33 508.46 272.21 504.23   A 0.23 0.23 0.0 0 1 272.62 504.09   Q 274.49 506.62 277.66 509.31   C 279.69 511.04 281.48 513.83 282.81 515.18   Q 283.83 516.22 284.44 516.20   A 2.56 2.29 -85.4 0 0 286.62 514.12   C 287.61 508.71 283.42 501.45 280.24 497.15   A 0.41 0.41 0.0 0 1 280.63 496.51   L 288.07 497.69   A 2.95 2.84 -26.1 0 1 288.85 497.94   C 292.84 500.00 297.17 502.73 299.34 501.87   A 2.93 2.88 75.6 0 0 301.12 498.80   Q 300.73 495.69 298.73 493.00   Q 290.75 482.27 276.98 483.09   A 1.75 1.64 -54.1 0 0 276.47 483.19   L 273.92 484.11   A 0.60 0.59 -14.9 0 1 273.13 483.66   C 265.82 441.45 269.14 398.72 301.61 367.33   A 0.23 0.23 0.0 0 1 302.00 367.45   C 308.81 400.87 321.46 430.80 341.94 458.06   Q 371.79 497.78 416.17 520.52   A 0.91 0.90 -80.7 0 1 416.64 521.18   Q 419.70 541.48 426.92 561.32   C 428.88 566.68 428.98 573.10 425.10 577.76   Q 418.52 585.68 408.96 586.45   C 396.10 587.48 385.22 588.37 374.03 593.83   C 365.91 597.78 360.04 606.37 355.86 614.37   A 0.49 0.48 14.0 0 0 356.29 615.08   Q 418.41 615.06 432.03 615.11   Q 444.43 615.17 447.39 614.42   C 455.78 612.30 463.23 603.77 463.30 594.97   Q 463.52 567.01 467.12 540.23   A 0.42 0.42 0.0 0 1 467.62 539.87   C 474.54 541.33 481.63 542.67 489.16 543.38   Q 526.10 546.83 562.32 539.80   A 0.42 0.42 0.0 0 1 562.82 540.16   Q 566.25 565.90 566.56 590.58   Q 566.64 596.84 567.56 599.83   C 570.46 609.17 578.40 615.13 588.24 615.12   Q 621.48 615.08 673.86 615.08   A 0.31 0.31 0.0 0 0 674.13 614.62   Q 671.24 609.37 668.31 605.21   C 663.81 598.83 659.01 594.81 651.64 591.92   C 643.42 588.70 634.36 587.46 625.27 586.86   C 617.06 586.32 611.13 584.50 605.68 578.43   C 601.83 574.15 601.11 570.45 602.20 564.96   C 603.29 559.53 606.24 553.42 607.69 548.42   Q 611.42 535.52 613.24 521.58   A 1.69 1.68 -10.4 0 1 614.13 520.30   Q 646.28 503.67 671.67 476.92   Q 715.66 430.57 727.93 367.60   A 0.39 0.39 0.0 0 1 728.59 367.40   Q 751.87 391.38 757.38 424.88   Q 761.92 452.54 756.72 483.81   A 0.47 0.46 -77.1 0 1 756.14 484.18   C 745.67 481.35 733.51 486.28 729.32 496.52   Q 728.00 499.73 730.09 501.61   A 1.40 1.35 -23.3 0 0 731.05 501.97   Q 733.86 501.92 735.42 500.85   Q 741.86 496.42 749.66 496.78   A 0.22 0.22 0.0 0 1 749.82 497.13   C 746.79 500.98 741.64 509.37 743.80 514.48   A 2.02 2.01 -29.6 0 0 746.86 515.32   C 748.42 514.15 749.52 511.66 751.08 510.21   Q 754.60 506.94 757.29 504.01   A 0.25 0.25 0.0 0 1 757.72 504.18"/>
    <path vector-effect="non-scaling-stroke" d="   M 95.61 796.42   C 100.87 796.42 105.29 793.67 107.87 789.16   Q 119.92 768.12 157.42 702.35   A 0.20 0.20 0.0 0 1 157.79 702.45   L 157.79 793.72   A 0.53 0.53 0.0 0 0 158.32 794.25   L 185.78 794.25   A 0.37 0.36 -90.0 0 0 186.14 793.88   Q 186.10 657.58 186.13 656.48   Q 186.29 648.37 184.95 645.25   C 180.41 634.66 165.64 633.39 159.70 643.68   Q 140.80 676.45 95.84 754.55   Q 95.75 754.72 95.60 754.72   Q 95.46 754.72 95.36 754.55   Q 50.38 676.47 31.47 643.70   C 25.52 633.41 10.75 634.69 6.22 645.28   Q 4.88 648.40 5.04 656.51   Q 5.07 657.61 5.08 793.91   A 0.37 0.36 90.0 0 0 5.44 794.28   L 32.90 794.27   A 0.53 0.53 0.0 0 0 33.43 793.74   L 33.39 702.47   A 0.20 0.20 0.0 0 1 33.76 702.37   Q 71.29 768.13 83.34 789.16   C 85.93 793.67 90.35 796.42 95.61 796.42"/>
    <path vector-effect="non-scaling-stroke" d="   M 681.66 638.75   A 0.43 0.43 0.0 0 0 681.23 639.18   L 681.23 676.57   A 0.43 0.43 0.0 0 1 680.80 677.00   L 644.96 677.00   A 0.43 0.43 0.0 0 0 644.53 677.43   L 644.53 704.82   A 0.43 0.43 0.0 0 0 644.96 705.25   L 680.81 705.25   A 0.43 0.43 0.0 0 1 681.24 705.68   L 681.24 793.84   A 0.43 0.43 0.0 0 0 681.67 794.27   L 709.33 794.27   A 0.43 0.43 0.0 0 0 709.76 793.84   L 709.76 705.69   A 0.43 0.43 0.0 0 1 710.19 705.26   L 758.58 705.26   A 0.43 0.43 0.0 0 0 759.01 704.83   L 759.01 677.43   A 0.43 0.43 0.0 0 0 758.58 677.00   L 710.19 677.00   A 0.43 0.43 0.0 0 1 709.76 676.57   L 709.76 639.18   A 0.43 0.43 0.0 0 0 709.33 638.75   L 681.66 638.75"/>
    <path vector-effect="non-scaling-stroke" d="   M 342.5353 715.4533   A 38.31 38.31 0.0 0 0 304.2922 677.0765   L 251.0723 676.9836   A 38.31 38.31 0.0 0 0 212.6955 715.2267   L 212.6247 755.8067   A 38.31 38.31 0.0 0 0 250.8678 794.1835   L 304.0877 794.2764   A 38.31 38.31 0.0 0 0 342.4645 756.0333   L 342.5353 715.4533"/>
    <path vector-effect="non-scaling-stroke" d="   M 395.00 705.27   Q 420.64 705.21 443.52 705.28   Q 459.20 705.33 465.68 717.86   C 467.78 721.92 468.18 726.21 468.26 731.00   Q 468.27 731.57 468.28 793.87   A 0.39 0.38 -0.0 0 0 468.67 794.25   L 496.06 794.25   A 0.40 0.40 0.0 0 0 496.46 793.85   Q 496.65 753.45 496.40 728.31   Q 496.10 699.99 473.47 685.39   C 464.92 679.87 453.77 677.01 443.75 677.00   Q 386.61 676.98 381.52 677.02   Q 371.73 677.09 367.98 684.75   Q 366.33 688.13 366.51 696.10   Q 366.61 700.29 366.56 793.75   A 0.51 0.51 0.0 0 0 367.07 794.26   L 394.39 794.26   A 0.40 0.40 0.0 0 0 394.79 793.86   L 394.79 705.48   A 0.21 0.21 0.0 0 1 395.00 705.27"/>
    <path vector-effect="non-scaling-stroke" d="   M 619.92 676.98   Q 593.83 677.03 556.40 676.99   Q 548.83 676.98 544.68 677.72   C 522.64 681.68 511.95 703.11 519.75 723.26   Q 523.59 733.16 533.66 738.95   C 539.37 742.23 544.80 743.19 551.26 743.22   Q 560.99 743.27 595.24 743.28   Q 602.35 743.28 605.01 748.71   C 608.84 756.51 605.13 765.91 595.49 765.94   Q 569.60 766.04 518.98 765.98   A 0.39 0.38 -90.0 0 0 518.60 766.37   L 518.60 793.68   A 0.54 0.54 0.0 0 0 519.14 794.22   Q 581.85 794.32 593.74 794.23   C 619.54 794.04 637.25 775.65 634.11 749.71   C 632.71 738.15 626.06 726.21 615.86 720.40   Q 607.08 715.40 595.73 715.29   Q 582.89 715.17 552.00 715.25   Q 550.60 715.25 547.80 714.81   A 1.57 1.52 71.7 0 1 546.94 714.36   C 545.18 712.59 544.31 707.10 547.70 705.96   Q 549.75 705.27 552.00 705.27   Q 583.11 705.23 620.22 705.27   A 0.39 0.39 0.0 0 0 620.61 704.88   L 620.61 677.67   A 0.69 0.69 0.0 0 0 619.92 676.98"/>
    <path vector-effect="non-scaling-stroke" d="   M 813.90 754.72   Q 840.21 754.86 866.23 754.65   Q 874.24 754.58 880.37 751.64   Q 899.65 742.40 902.69 721.28   C 906.32 696.01 888.38 677.00 863.00 677.01   Q 813.56 677.02 813.01 677.02   C 793.08 677.30 778.83 690.15 775.35 709.37   Q 774.49 714.13 774.67 728.73   Q 774.77 736.66 774.68 746.57   Q 774.58 759.09 775.23 762.90   C 778.32 781.09 793.92 793.60 812.09 794.11   Q 822.57 794.41 863.93 794.15   A 0.49 0.49 0.0 0 0 864.41 793.66   L 864.41 767.63   A 0.38 0.37 -90.0 0 0 864.04 767.25   Q 823.45 767.21 813.73 767.28   C 805.24 767.34 801.45 761.95 801.52 754.24   Q 801.59 745.62 801.46 721.45   Q 801.41 712.44 803.13 709.33   Q 806.19 703.79 814.27 703.78   Q 860.56 703.71 864.75 703.81   C 874.77 704.04 879.37 714.18 874.56 722.47   Q 871.38 727.96 863.00 727.98   Q 849.02 728.02 813.92 727.99   A 0.40 0.40 0.0 0 0 813.52 728.39   L 813.52 754.34   A 0.39 0.38 0.8 0 0 813.90 754.72"/>
    <path vector-effect="non-scaling-stroke" d="   M 1024.87 704.85   L 1024.87 677.55   A 0.55 0.55 0.0 0 0 1024.32 677.00   Q 965.51 677.00 963.75 676.99   C 945.07 676.92 928.64 685.87 923.17 704.35   Q 921.27 710.75 921.57 725.50   Q 921.59 726.90 921.60 793.63   A 0.62 0.62 0.0 0 0 922.22 794.25   L 949.35 794.25   A 0.42 0.41 90.0 0 0 949.76 793.83   Q 949.75 727.22 949.79 715.99   C 949.82 706.12 957.07 705.18 965.72 705.22   Q 978.54 705.27 1024.46 705.26   A 0.41 0.41 0.0 0 0 1024.87 704.85"/>
    <path vector-effect="non-scaling-stroke" d="   M 423.82 867.59   C 423.85 882.11 431.31 896.31 447.59 896.28   C 463.88 896.25 471.28 882.02 471.26 867.50   C 471.23 852.97 463.77 838.78 447.48 838.81   C 431.20 838.84 423.79 853.06 423.82 867.59"/>
    <path vector-effect="non-scaling-stroke" d="   M 540.19 865.26   A 0.35 0.34 -82.2 0 0 539.86 865.52   Q 537.63 873.99 532.52 881.35   A 0.48 0.48 0.0 0 1 531.82 881.45   Q 524.02 875.12 518.28 866.52   A 0.47 0.47 0.0 0 1 518.42 865.86   C 524.95 861.76 531.90 855.56 530.32 847.18   C 528.77 839.04 519.91 836.82 513.46 840.37   C 505.63 844.68 505.82 853.67 508.88 861.18   Q 509.92 863.73 510.23 864.54   A 0.66 0.66 0.0 0 1 509.97 865.33   C 504.58 868.85 499.57 873.98 499.61 880.97   C 499.65 889.88 506.21 895.73 514.77 896.25   Q 524.70 896.84 531.99 890.30   A 0.72 0.71 41.4 0 1 532.88 890.25   Q 538.53 894.19 544.63 896.15   A 0.71 0.71 0.0 0 0 545.53 895.69   L 546.94 891.24   A 0.74 0.73 -72.4 0 0 546.47 890.32   Q 541.91 888.85 537.16 885.59   A 0.57 0.57 0.0 0 1 537.02 884.79   Q 543.25 876.19 546.32 865.49   A 0.18 0.18 0.0 0 0 546.15 865.26   L 540.19 865.26"/>
    <path vector-effect="non-scaling-stroke" d="   M 821.34 867.56   C 821.36 882.09 828.82 896.29 845.10 896.27   C 861.39 896.25 868.81 882.03 868.79 867.50   C 868.77 852.97 861.31 838.77 845.03 838.79   C 828.74 838.81 821.32 853.04 821.34 867.56"/>
    <path vector-effect="non-scaling-stroke" d="   M 183.89 878.49   Q 193.61 878.50 193.68 878.51   A 0.57 0.56 84.2 0 1 194.17 878.91   L 199.13 895.01   A 0.40 0.39 -7.7 0 0 199.51 895.29   L 206.34 895.29   A 0.18 0.17 -9.3 0 0 206.51 895.06   L 188.16 840.50   A 0.95 0.95 0.0 0 0 187.32 839.85   Q 185.64 839.72 183.95 839.72   Q 182.25 839.72 180.57 839.84   A 0.95 0.95 0.0 0 0 179.73 840.49   L 161.23 895.00   A 0.18 0.17 9.5 0 0 161.39 895.23   L 168.22 895.25   A 0.40 0.39 7.9 0 0 168.61 894.97   L 173.61 878.88   A 0.57 0.56 -84.0 0 1 174.10 878.48   Q 174.17 878.47 183.89 878.49"/>
    <path vector-effect="non-scaling-stroke" d="   M 254.28 896.28   C 269.80 896.25 274.15 884.99 274.11 871.50   Q 274.05 852.61 274.04 840.24   A 0.55 0.54 -0.0 0 0 273.49 839.70   L 267.65 839.70   A 0.56 0.55 89.5 0 0 267.10 840.27   Q 267.34 864.22 267.09 875.21   C 266.89 883.37 263.08 890.17 254.26 890.19   C 245.44 890.21 241.60 883.43 241.37 875.27   Q 241.07 864.28 241.20 840.33   A 0.56 0.55 -89.8 0 0 240.64 839.76   L 234.80 839.79   A 0.55 0.54 -0.3 0 0 234.26 840.33   Q 234.30 852.70 234.33 871.59   C 234.36 885.08 238.76 896.32 254.28 896.28"/>
    <path vector-effect="non-scaling-stroke" d="   M 310.28 840.23   L 310.18 894.73   A 0.55 0.55 0.0 0 0 310.73 895.29   L 325.87 895.31   A 24.55 24.47 -89.9 0 0 350.38 870.81   L 350.40 864.31   A 24.55 24.47 -89.9 0 0 325.97 839.71   L 310.83 839.69   A 0.55 0.55 0.0 0 0 310.28 840.23"/>
    <path vector-effect="non-scaling-stroke" d="   M 390.51 840.18   A 0.45 0.45 0.0 0 0 390.06 839.73   L 383.94 839.73   A 0.45 0.45 0.0 0 0 383.49 840.18   L 383.49 894.78   A 0.45 0.45 0.0 0 0 383.94 895.23   L 390.06 895.23   A 0.45 0.45 0.0 0 0 390.51 894.78   L 390.51 840.18"/>
    <path vector-effect="non-scaling-stroke" d="   M 591.53 895.25   Q 595.01 895.25 595.19 895.21   A 0.90 0.90 0.0 0 0 595.87 894.60   L 613.24 839.96   A 0.18 0.18 0.0 0 0 613.07 839.73   L 606.19 839.73   A 0.33 0.33 0.0 0 0 605.87 839.97   Q 598.89 863.42 592.05 887.10   Q 591.86 887.77 591.53 887.77   Q 591.20 887.77 591.00 887.10   Q 584.11 863.44 577.08 840.00   A 0.33 0.33 0.0 0 0 576.76 839.76   L 569.88 839.77   A 0.18 0.18 0.0 0 0 569.71 840.01   L 587.20 894.61   A 0.90 0.90 0.0 0 0 587.88 895.22   Q 588.06 895.26 591.53 895.25"/>
    <path vector-effect="non-scaling-stroke" d="   M 648.99 840.01   A 0.30 0.30 0.0 0 0 648.69 839.71   L 642.31 839.71   A 0.30 0.30 0.0 0 0 642.01 840.01   L 642.01 894.93   A 0.30 0.30 0.0 0 0 642.31 895.23   L 648.69 895.23   A 0.30 0.30 0.0 0 0 648.99 894.93   L 648.99 840.01"/>
    <path vector-effect="non-scaling-stroke" d="   M 685.49 840.17   L 685.49 894.85   A 0.44 0.44 0.0 0 0 685.93 895.29   L 701.10 895.29   A 24.36 24.35 90.0 0 0 725.45 870.93   L 725.45 864.09   A 24.36 24.35 90.0 0 0 701.10 839.73   L 685.93 839.73   A 0.44 0.44 0.0 0 0 685.49 840.17"/>
    <path vector-effect="non-scaling-stroke" d="   M 766.20 863.24   A 0.44 0.44 0.0 0 1 765.76 862.80   L 765.76 846.20   A 0.44 0.44 0.0 0 1 766.20 845.76   L 790.35 845.76   A 0.44 0.44 0.0 0 0 790.79 845.32   L 790.79 840.19   A 0.44 0.44 0.0 0 0 790.35 839.75   L 759.19 839.75   A 0.44 0.44 0.0 0 0 758.75 840.19   L 758.75 894.84   A 0.44 0.44 0.0 0 0 759.19 895.28   L 791.07 895.28   A 0.44 0.44 0.0 0 0 791.51 894.84   L 791.51 889.68   A 0.44 0.44 0.0 0 0 791.07 889.24   L 766.20 889.24   A 0.44 0.44 0.0 0 1 765.76 888.80   L 765.76 869.71   A 0.44 0.44 0.0 0 1 766.20 869.27   L 786.33 869.27   A 0.44 0.44 0.0 0 0 786.77 868.83   L 786.77 863.68   A 0.44 0.44 0.0 0 0 786.33 863.24   L 766.20 863.24"/>
    <path vector-effect="non-scaling-stroke" d="   M 452.6534 186.3403   A 50.59 48.66 -90.2 0 0 404.1703 237.0999   A 50.59 48.66 -90.2 0 0 453.0066 287.5197   A 50.59 48.66 -90.2 0 0 501.4897 236.7601   A 50.59 48.66 -90.2 0 0 452.6534 186.3403"/>
    <path vector-effect="non-scaling-stroke" d="   M 576.3339 186.3849   A 50.57 48.66 -90.8 0 0 528.3847 237.6294   A 50.57 48.66 -90.8 0 0 577.7461 287.5151   A 50.57 48.66 -90.8 0 0 625.6953 236.2706   A 50.57 48.66 -90.8 0 0 576.3339 186.3849"/>
    <path vector-effect="non-scaling-stroke" d="   M 392.41 316.36   C 401.40 333.16 415.93 345.02 432.40 354.28   A 0.39 0.38 -57.5 0 1 432.52 354.85   Q 428.11 361.04 424.91 367.64   C 422.83 371.92 421.07 375.88 423.01 379.99   C 427.65 389.86 437.72 394.22 448.32 395.14   C 451.21 395.39 458.87 394.12 460.88 391.56   C 465.71 385.44 467.44 375.85 469.00 368.38   A 0.58 0.58 0.0 0 1 469.68 367.93   Q 469.81 367.95 476.03 369.19   Q 492.51 372.49 507.79 372.46   A 0.51 0.51 0.0 0 1 508.29 373.08   Q 506.85 379.88 506.35 387.54   Q 505.96 393.61 511.10 397.12   Q 519.30 402.71 528.54 404.19   C 541.53 406.28 556.74 404.36 565.34 393.73   Q 568.66 389.64 566.30 383.78   Q 562.83 375.15 557.36 367.49   A 0.43 0.42 63.2 0 1 557.57 366.84   L 573.67 361.43   A 0.65 0.64 -20.7 0 1 574.48 361.79   C 577.12 368.05 581.44 376.89 586.36 382.00   Q 590.19 385.98 596.01 385.66   C 607.34 385.03 618.27 377.57 622.81 367.08   C 624.92 362.19 623.59 358.91 620.57 354.93   Q 615.02 347.61 607.34 342.40   A 0.60 0.59 42.4 0 1 607.29 341.45   C 616.02 334.32 623.41 326.27 628.83 316.60   A 0.25 0.25 0.0 0 0 628.43 316.31   C 612.69 333.52 590.48 345.17 568.12 351.37   Q 515.16 366.07 461.03 353.20   C 435.14 347.04 411.17 335.19 392.64 316.19   A 0.14 0.14 0.0 0 0 392.41 316.36"/>
    <path vector-effect="non-scaling-stroke" d="   M 473.56 234.50   C 467.49 242.71 455.93 234.24 462.27 226.49   Q 463.48 225.00 463.64 224.77   A 0.42 0.42 0.0 0 0 463.43 224.12   Q 450.98 219.98 442.56 228.02   C 431.69 238.40 437.40 254.30 449.79 259.43   C 464.89 265.68 481.15 249.84 474.15 234.56   A 0.35 0.34 50.5 0 0 473.56 234.50"/>
    <path vector-effect="non-scaling-stroke" d="   M 590.97 234.92   A 0.50 0.50 0.0 0 0 590.14 234.75   C 586.85 238.23 581.30 239.31 578.30 235.06   C 576.02 231.83 577.40 227.12 580.43 224.86   A 0.28 0.27 38.2 0 0 580.37 224.38   Q 569.23 219.85 560.14 227.16   C 552.74 233.10 550.96 244.18 556.57 251.95   C 570.13 270.70 599.05 256.55 590.97 234.92"/>
    <path vector-effect="non-scaling-stroke" d="   M 454.3779 242.1137   A 4.82 4.61 -46.5 0 0 447.7160 242.4367   A 4.82 4.61 -46.5 0 0 447.7421 249.1063   A 4.82 4.61 -46.5 0 0 454.4040 248.7833   A 4.82 4.61 -46.5 0 0 454.3779 242.1137"/>
    <path vector-effect="non-scaling-stroke" d="   M 573.23 245.49   A 4.79 4.79 0.0 0 0 568.44 240.70   A 4.79 4.79 0.0 0 0 563.65 245.49   A 4.79 4.79 0.0 0 0 568.44 250.28   A 4.79 4.79 0.0 0 0 573.23 245.49"/>
    <path vector-effect="non-scaling-stroke" d="   M 314.39 715.37   A 10.10 10.10 0.0 0 0 304.29 705.27   L 250.95 705.27   A 10.10 10.10 0.0 0 0 240.85 715.37   L 240.85 755.87   A 10.10 10.10 0.0 0 0 250.95 765.97   L 304.29 765.97   A 10.10 10.10 0.0 0 0 314.39 755.87   L 314.39 715.37"/>
    <path vector-effect="non-scaling-stroke" d="   M 431.16 867.53   C 431.14 877.57 435.30 890.11 447.50 890.12   C 459.71 890.13 463.89 877.61 463.90 867.57   C 463.91 857.53 459.76 844.99 447.55 844.98   C 435.35 844.97 431.17 857.49 431.16 867.53"/>
    <path vector-effect="non-scaling-stroke" d="   M 515.34 861.36   Q 515.42 861.39 515.47 861.36   C 520.43 858.59 526.31 853.88 524.57 847.66   Q 523.81 844.93 521.13 844.03   Q 518.45 843.14 516.20 844.87   C 511.08 848.79 512.94 856.09 515.24 861.28   Q 515.27 861.34 515.34 861.36"/>
    <path vector-effect="non-scaling-stroke" d="   M 527.28 885.78   Q 519.22 878.58 513.72 870.46   A 0.67 0.67 0.0 0 0 512.74 870.32   C 507.83 874.29 504.15 879.67 507.88 885.85   C 512.16 892.95 521.29 891.44 527.24 886.79   A 0.66 0.66 0.0 0 0 527.28 885.78"/>
    <path vector-effect="non-scaling-stroke" d="   M 828.66 867.54   C 828.66 877.58 832.83 890.12 845.04 890.12   C 857.24 890.12 861.42 877.59 861.42 867.55   C 861.42 857.50 857.25 844.97 845.05 844.97   C 832.84 844.96 828.67 857.50 828.66 867.54"/>
    <path vector-effect="non-scaling-stroke" d="   M 183.80 872.75   Q 190.97 872.74 191.77 872.69   A 0.29 0.29 0.0 0 0 192.02 872.32   L 184.05 845.94   A 0.07 0.07 0.0 0 0 184.02 845.91   Q 183.84 845.82 183.79 845.82   Q 183.73 845.82 183.55 845.91   A 0.07 0.07 0.0 0 0 183.52 845.94   L 175.58 872.33   A 0.29 0.29 0.0 0 0 175.84 872.70   Q 176.64 872.75 183.80 872.75"/>
    <path vector-effect="non-scaling-stroke" d="   M 317.25 846.02   L 317.25 889.00   A 0.55 0.55 0.0 0 0 317.80 889.55   L 324.79 889.55   A 18.71 18.20 90.0 0 0 342.99 870.84   L 342.99 864.18   A 18.71 18.20 -90.0 0 0 324.79 845.47   L 317.80 845.47   A 0.55 0.55 0.0 0 0 317.25 846.02"/>
    <path vector-effect="non-scaling-stroke" d="   M 692.51 845.99   L 692.51 889.03   A 0.53 0.53 0.0 0 0 693.04 889.56   L 699.95 889.56   A 18.63 18.20 90.0 0 0 718.15 870.93   L 718.15 864.09   A 18.63 18.20 -90.0 0 0 699.95 845.46   L 693.04 845.46   A 0.53 0.53 0.0 0 0 692.51 845.99"/>
    
    <path fill="#333333" d="   M 757.72 504.18   A 0.25 0.25 0.0 0 0 757.29 504.01   Q 754.60 506.94 751.08 510.21   C 749.52 511.66 748.42 514.15 746.86 515.32   A 2.02 2.01 -29.6 0 1 743.80 514.48   C 741.64 509.37 746.79 500.98 749.82 497.13   A 0.22 0.22 0.0 0 0 749.66 496.78   Q 741.86 496.42 735.42 500.85   Q 733.86 501.92 731.05 501.97   A 1.40 1.35 -23.3 0 1 730.09 501.61   Q 728.00 499.73 729.32 496.52   C 733.51 486.28 745.67 481.35 756.14 484.18   A 0.47 0.46 -77.1 0 0 756.72 483.81   Q 761.92 452.54 757.38 424.88   Q 751.87 391.38 728.59 367.40   A 0.39 0.39 0.0 0 0 727.93 367.60   Q 715.66 430.57 671.67 476.92   Q 646.28 503.67 614.13 520.30   A 1.69 1.68 -10.4 0 0 613.24 521.58   Q 611.42 535.52 607.69 548.42   C 606.24 553.42 603.29 559.53 602.20 564.96   C 601.11 570.45 601.83 574.15 605.68 578.43   C 611.13 584.50 617.06 586.32 625.27 586.86   C 634.36 587.46 643.42 588.70 651.64 591.92   C 659.01 594.81 663.81 598.83 668.31 605.21   Q 671.24 609.37 674.13 614.62   A 0.31 0.31 0.0 0 1 673.86 615.08   Q 621.48 615.08 588.24 615.12   C 578.40 615.13 570.46 609.17 567.56 599.83   Q 566.64 596.84 566.56 590.58   Q 566.25 565.90 562.82 540.16   A 0.42 0.42 0.0 0 0 562.32 539.80   Q 526.10 546.83 489.16 543.38   C 481.63 542.67 474.54 541.33 467.62 539.87   A 0.42 0.42 0.0 0 0 467.12 540.23   Q 463.52 567.01 463.30 594.97   C 463.23 603.77 455.78 612.30 447.39 614.42   Q 444.43 615.17 432.03 615.11   Q 418.41 615.06 356.29 615.08   A 0.49 0.48 14.0 0 1 355.86 614.37   C 360.04 606.37 365.91 597.78 374.03 593.83   C 385.22 588.37 396.10 587.48 408.96 586.45   Q 418.52 585.68 425.10 577.76   C 428.98 573.10 428.88 566.68 426.92 561.32   Q 419.70 541.48 416.64 521.18   A 0.91 0.90 -80.7 0 0 416.17 520.52   Q 371.79 497.78 341.94 458.06   C 321.46 430.80 308.81 400.87 302.00 367.45   A 0.23 0.23 0.0 0 0 301.61 367.33   C 269.14 398.72 265.82 441.45 273.13 483.66   A 0.60 0.59 -14.9 0 0 273.92 484.11   L 276.47 483.19   A 1.75 1.64 -54.1 0 1 276.98 483.09   Q 290.75 482.27 298.73 493.00   Q 300.73 495.69 301.12 498.80   A 2.93 2.88 75.6 0 1 299.34 501.87   C 297.17 502.73 292.84 500.00 288.85 497.94   A 2.95 2.84 -26.1 0 0 288.07 497.69   L 280.63 496.51   A 0.41 0.41 0.0 0 0 280.24 497.15   C 283.42 501.45 287.61 508.71 286.62 514.12   A 2.56 2.29 -85.4 0 1 284.44 516.20   Q 283.83 516.22 282.81 515.18   C 281.48 513.83 279.69 511.04 277.66 509.31   Q 274.49 506.62 272.62 504.09   A 0.23 0.23 0.0 0 0 272.21 504.23   C 272.33 508.46 272.37 515.15 269.73 518.55   A 2.30 2.07 -55.1 0 1 266.89 519.21   Q 265.38 518.29 264.62 516.09   Q 261.36 506.64 266.16 497.62   A 0.31 0.30 -86.6 0 0 265.78 497.19   Q 260.59 499.32 258.73 504.48   C 257.81 507.01 256.13 509.42 253.61 508.86   Q 249.95 508.05 251.14 503.76   Q 253.89 493.88 263.97 491.07   A 0.56 0.56 0.0 0 0 264.31 490.27   C 251.35 466.76 243.96 440.53 243.80 413.53   C 243.56 372.26 263.31 332.80 298.59 310.80   A 1.08 1.06 -14.1 0 0 299.10 309.97   Q 303.59 253.97 334.09 206.87   A 0.47 0.46 22.7 0 0 333.80 206.17   C 302.28 199.05 269.97 186.91 258.23 153.74   Q 249.90 130.24 257.79 106.53   A 0.37 0.36 -79.7 0 0 257.46 106.05   C 242.69 105.20 232.56 115.85 223.63 125.84   A 0.23 0.23 0.0 0 1 223.25 125.60   C 237.44 92.73 271.84 74.66 306.93 78.99   C 336.51 82.64 358.45 101.95 372.16 127.59   Q 375.73 134.27 384.53 152.00   A 0.82 0.81 -32.6 0 0 385.77 152.27   C 403.19 138.32 424.46 127.68 445.59 120.54   A 0.45 0.45 0.0 0 0 445.82 119.87   Q 438.60 108.94 431.36 95.65   Q 421.77 78.07 412.39 62.38   C 404.06 48.45 389.45 16.02 410.86 5.82   Q 415.03 3.83 421.40 3.89   Q 428.13 3.96 432.15 5.08   Q 441.37 7.63 450.19 13.86   Q 469.46 27.45 475.95 50.59   Q 477.64 56.61 477.99 62.00   Q 478.38 67.84 476.60 78.67   Q 474.80 89.59 473.04 100.50   Q 472.01 106.86 472.21 113.24   A 0.43 0.42 -6.3 0 0 472.72 113.64   Q 515.92 104.84 558.17 113.61   A 0.70 0.69 -87.6 0 0 559.00 112.84   Q 557.44 100.28 554.14 82.18   C 551.36 66.91 552.35 52.95 558.78 39.20   C 566.99 21.63 583.72 7.28 603.16 4.12   Q 604.59 3.89 610.87 3.96   Q 615.33 4.02 618.39 5.45   C 639.73 15.41 627.26 45.28 619.00 59.78   Q 618.75 60.21 595.27 101.78   Q 590.04 111.03 584.12 119.83   A 0.43 0.42 -63.7 0 0 584.33 120.46   Q 616.69 132.26 644.40 152.43   A 0.60 0.59 31.2 0 0 645.29 152.22   C 656.18 130.12 665.96 108.27 685.85 93.83   Q 704.55 80.24 727.52 78.50   C 761.66 75.91 792.80 94.77 806.80 125.84   A 0.21 0.21 0.0 0 1 806.44 126.06   Q 800.45 118.92 793.55 113.48   Q 784.95 106.68 773.93 107.67   A 0.81 0.81 0.0 0 0 773.23 108.72   C 779.32 128.37 776.69 149.54 766.63 167.40   C 758.89 181.15 745.52 191.13 730.97 197.30   Q 715.18 203.99 697.20 208.02   A 0.56 0.56 0.0 0 0 696.86 208.88   Q 723.79 250.23 730.43 299.53   Q 731.36 306.43 731.90 311.82   A 1.48 1.45 -76.6 0 0 732.55 312.90   Q 738.46 316.84 740.44 318.34   Q 758.83 332.18 770.26 352.53   C 794.57 395.82 789.21 448.76 765.64 491.25   A 0.45 0.45 0.0 0 0 765.93 491.91   Q 776.87 494.42 778.95 504.95   C 780.08 510.74 773.17 511.47 771.84 507.04   Q 769.97 500.87 764.17 498.09   A 0.30 0.29 -1.8 0 0 763.78 498.50   Q 768.48 506.75 766.00 515.39   Q 765.30 517.82 763.66 518.98   A 2.46 2.43 44.8 0 1 760.84 518.97   C 757.50 516.62 757.64 508.46 757.72 504.18   Z   M 452.6534 186.3403   A 50.59 48.66 -90.2 0 0 404.1703 237.0999   A 50.59 48.66 -90.2 0 0 453.0066 287.5197   A 50.59 48.66 -90.2 0 0 501.4897 236.7601   A 50.59 48.66 -90.2 0 0 452.6534 186.3403   Z   M 576.3339 186.3849   A 50.57 48.66 -90.8 0 0 528.3847 237.6294   A 50.57 48.66 -90.8 0 0 577.7461 287.5151   A 50.57 48.66 -90.8 0 0 625.6953 236.2706   A 50.57 48.66 -90.8 0 0 576.3339 186.3849   Z   M 392.41 316.36   C 401.40 333.16 415.93 345.02 432.40 354.28   A 0.39 0.38 -57.5 0 1 432.52 354.85   Q 428.11 361.04 424.91 367.64   C 422.83 371.92 421.07 375.88 423.01 379.99   C 427.65 389.86 437.72 394.22 448.32 395.14   C 451.21 395.39 458.87 394.12 460.88 391.56   C 465.71 385.44 467.44 375.85 469.00 368.38   A 0.58 0.58 0.0 0 1 469.68 367.93   Q 469.81 367.95 476.03 369.19   Q 492.51 372.49 507.79 372.46   A 0.51 0.51 0.0 0 1 508.29 373.08   Q 506.85 379.88 506.35 387.54   Q 505.96 393.61 511.10 397.12   Q 519.30 402.71 528.54 404.19   C 541.53 406.28 556.74 404.36 565.34 393.73   Q 568.66 389.64 566.30 383.78   Q 562.83 375.15 557.36 367.49   A 0.43 0.42 63.2 0 1 557.57 366.84   L 573.67 361.43   A 0.65 0.64 -20.7 0 1 574.48 361.79   C 577.12 368.05 581.44 376.89 586.36 382.00   Q 590.19 385.98 596.01 385.66   C 607.34 385.03 618.27 377.57 622.81 367.08   C 624.92 362.19 623.59 358.91 620.57 354.93   Q 615.02 347.61 607.34 342.40   A 0.60 0.59 42.4 0 1 607.29 341.45   C 616.02 334.32 623.41 326.27 628.83 316.60   A 0.25 0.25 0.0 0 0 628.43 316.31   C 612.69 333.52 590.48 345.17 568.12 351.37   Q 515.16 366.07 461.03 353.20   C 435.14 347.04 411.17 335.19 392.64 316.19   A 0.14 0.14 0.0 0 0 392.41 316.36   Z"/>
    
    
    <path fill="#333333" d="   M 473.56 234.50   A 0.35 0.34 50.5 0 1 474.15 234.56   C 481.15 249.84 464.89 265.68 449.79 259.43   C 437.40 254.30 431.69 238.40 442.56 228.02   Q 450.98 219.98 463.43 224.12   A 0.42 0.42 0.0 0 1 463.64 224.77   Q 463.48 225.00 462.27 226.49   C 455.93 234.24 467.49 242.71 473.56 234.50   Z   M 454.3779 242.1137   A 4.82 4.61 -46.5 0 0 447.7160 242.4367   A 4.82 4.61 -46.5 0 0 447.7421 249.1063   A 4.82 4.61 -46.5 0 0 454.4040 248.7833   A 4.82 4.61 -46.5 0 0 454.3779 242.1137   Z"/>
    <path fill="#333333" d="   M 590.97 234.92   C 599.05 256.55 570.13 270.70 556.57 251.95   C 550.96 244.18 552.74 233.10 560.14 227.16   Q 569.23 219.85 580.37 224.38   A 0.28 0.27 38.2 0 1 580.43 224.86   C 577.40 227.12 576.02 231.83 578.30 235.06   C 581.30 239.31 586.85 238.23 590.14 234.75   A 0.50 0.50 0.0 0 1 590.97 234.92   Z   M 573.23 245.49   A 4.79 4.79 0.0 0 0 568.44 240.70   A 4.79 4.79 0.0 0 0 563.65 245.49   A 4.79 4.79 0.0 0 0 568.44 250.28   A 4.79 4.79 0.0 0 0 573.23 245.49   Z"/>
    
    <path fill="#333333" d="   M 95.60 754.72   Q 95.75 754.72 95.84 754.55   Q 140.80 676.45 159.70 643.68   C 165.64 633.39 180.41 634.66 184.95 645.25   Q 186.29 648.37 186.13 656.48   Q 186.10 657.58 186.14 793.88   A 0.37 0.36 90.0 0 1 185.78 794.25   L 158.32 794.25   A 0.53 0.53 0.0 0 1 157.79 793.72   L 157.79 702.45   A 0.20 0.20 0.0 0 0 157.42 702.35   Q 119.92 768.12 107.87 789.16   C 105.29 793.67 100.87 796.42 95.61 796.42   C 90.35 796.42 85.93 793.67 83.34 789.16   Q 71.29 768.13 33.76 702.37   A 0.20 0.20 0.0 0 0 33.39 702.47   L 33.43 793.74   A 0.53 0.53 0.0 0 1 32.90 794.27   L 5.44 794.28   A 0.37 0.36 90.0 0 1 5.08 793.91   Q 5.07 657.61 5.04 656.51   Q 4.88 648.40 6.22 645.28   C 10.75 634.69 25.52 633.41 31.47 643.70   Q 50.38 676.47 95.36 754.55   Q 95.46 754.72 95.60 754.72   Z"/>
    <path fill="#333333" d="   M 681.66 638.75   L 709.33 638.75   A 0.43 0.43 0.0 0 1 709.76 639.18   L 709.76 676.57   A 0.43 0.43 0.0 0 0 710.19 677.00   L 758.58 677.00   A 0.43 0.43 0.0 0 1 759.01 677.43   L 759.01 704.83   A 0.43 0.43 0.0 0 1 758.58 705.26   L 710.19 705.26   A 0.43 0.43 0.0 0 0 709.76 705.69   L 709.76 793.84   A 0.43 0.43 0.0 0 1 709.33 794.27   L 681.67 794.27   A 0.43 0.43 0.0 0 1 681.24 793.84   L 681.24 705.68   A 0.43 0.43 0.0 0 0 680.81 705.25   L 644.96 705.25   A 0.43 0.43 0.0 0 1 644.53 704.82   L 644.53 677.43   A 0.43 0.43 0.0 0 1 644.96 677.00   L 680.80 677.00   A 0.43 0.43 0.0 0 0 681.23 676.57   L 681.23 639.18   A 0.43 0.43 0.0 0 1 681.66 638.75   Z"/>
    <path fill="#333333" d="   M 342.4645 756.0333   A 38.31 38.31 0.0 0 1 304.0877 794.2764   L 250.8678 794.1835   A 38.31 38.31 0.0 0 1 212.6247 755.8067   L 212.6955 715.2267   A 38.31 38.31 0.0 0 1 251.0723 676.9836   L 304.2922 677.0765   A 38.31 38.31 0.0 0 1 342.5353 715.4533   L 342.4645 756.0333   Z   M 314.39 715.37   A 10.10 10.10 0.0 0 0 304.29 705.27   L 250.95 705.27   A 10.10 10.10 0.0 0 0 240.85 715.37   L 240.85 755.87   A 10.10 10.10 0.0 0 0 250.95 765.97   L 304.29 765.97   A 10.10 10.10 0.0 0 0 314.39 755.87   L 314.39 715.37   Z"/>
    <path fill="#333333" d="   M 395.00 705.27   A 0.21 0.21 0.0 0 0 394.79 705.48   L 394.79 793.86   A 0.40 0.40 0.0 0 1 394.39 794.26   L 367.07 794.26   A 0.51 0.51 0.0 0 1 366.56 793.75   Q 366.61 700.29 366.51 696.10   Q 366.33 688.13 367.98 684.75   Q 371.73 677.09 381.52 677.02   Q 386.61 676.98 443.75 677.00   C 453.77 677.01 464.92 679.87 473.47 685.39   Q 496.10 699.99 496.40 728.31   Q 496.65 753.45 496.46 793.85   A 0.40 0.40 0.0 0 1 496.06 794.25   L 468.67 794.25   A 0.39 0.38 -0.0 0 1 468.28 793.87   Q 468.27 731.57 468.26 731.00   C 468.18 726.21 467.78 721.92 465.68 717.86   Q 459.20 705.33 443.52 705.28   Q 420.64 705.21 395.00 705.27   Z"/>
    <path fill="#333333" d="   M 620.61 677.67   L 620.61 704.88   A 0.39 0.39 0.0 0 1 620.22 705.27   Q 583.11 705.23 552.00 705.27   Q 549.75 705.27 547.70 705.96   C 544.31 707.10 545.18 712.59 546.94 714.36   A 1.57 1.52 71.7 0 0 547.80 714.81   Q 550.60 715.25 552.00 715.25   Q 582.89 715.17 595.73 715.29   Q 607.08 715.40 615.86 720.40   C 626.06 726.21 632.71 738.15 634.11 749.71   C 637.25 775.65 619.54 794.04 593.74 794.23   Q 581.85 794.32 519.14 794.22   A 0.54 0.54 0.0 0 1 518.60 793.68   L 518.60 766.37   A 0.39 0.38 -90.0 0 1 518.98 765.98   Q 569.60 766.04 595.49 765.94   C 605.13 765.91 608.84 756.51 605.01 748.71   Q 602.35 743.28 595.24 743.28   Q 560.99 743.27 551.26 743.22   C 544.80 743.19 539.37 742.23 533.66 738.95   Q 523.59 733.16 519.75 723.26   C 511.95 703.11 522.64 681.68 544.68 677.72   Q 548.83 676.98 556.40 676.99   Q 593.83 677.03 619.92 676.98   A 0.69 0.69 0.0 0 1 620.61 677.67   Z"/>
    <path fill="#333333" d="   M 813.90 754.72   A 0.39 0.38 0.8 0 1 813.52 754.34   L 813.52 728.39   A 0.40 0.40 0.0 0 1 813.92 727.99   Q 849.02 728.02 863.00 727.98   Q 871.38 727.96 874.56 722.47   C 879.37 714.18 874.77 704.04 864.75 703.81   Q 860.56 703.71 814.27 703.78   Q 806.19 703.79 803.13 709.33   Q 801.41 712.44 801.46 721.45   Q 801.59 745.62 801.52 754.24   C 801.45 761.95 805.24 767.34 813.73 767.28   Q 823.45 767.21 864.04 767.25   A 0.38 0.37 -90.0 0 1 864.41 767.63   L 864.41 793.66   A 0.49 0.49 0.0 0 1 863.93 794.15   Q 822.57 794.41 812.09 794.11   C 793.92 793.60 778.32 781.09 775.23 762.90   Q 774.58 759.09 774.68 746.57   Q 774.77 736.66 774.67 728.73   Q 774.49 714.13 775.35 709.37   C 778.83 690.15 793.08 677.30 813.01 677.02   Q 813.56 677.02 863.00 677.01   C 888.38 677.00 906.32 696.01 902.69 721.28   Q 899.65 742.40 880.37 751.64   Q 874.24 754.58 866.23 754.65   Q 840.21 754.86 813.90 754.72   Z"/>
    <path fill="#333333" d="   M 1024.87 704.85   A 0.41 0.41 0.0 0 1 1024.46 705.26   Q 978.54 705.27 965.72 705.22   C 957.07 705.18 949.82 706.12 949.79 715.99   Q 949.75 727.22 949.76 793.83   A 0.42 0.41 -90.0 0 1 949.35 794.25   L 922.22 794.25   A 0.62 0.62 0.0 0 1 921.60 793.63   Q 921.59 726.90 921.57 725.50   Q 921.27 710.75 923.17 704.35   C 928.64 685.87 945.07 676.92 963.75 676.99   Q 965.51 677.00 1024.32 677.00   A 0.55 0.55 0.0 0 1 1024.87 677.55   L 1024.87 704.85   Z"/>
    <path fill="#333333" d="   M 447.48 838.81   C 463.77 838.78 471.23 852.97 471.26 867.50   C 471.28 882.02 463.88 896.25 447.59 896.28   C 431.31 896.31 423.85 882.11 423.82 867.59   C 423.79 853.06 431.20 838.84 447.48 838.81   Z   M 431.16 867.53   C 431.14 877.57 435.30 890.11 447.50 890.12   C 459.71 890.13 463.89 877.61 463.90 867.57   C 463.91 857.53 459.76 844.99 447.55 844.98   C 435.35 844.97 431.17 857.49 431.16 867.53   Z"/>
    <path fill="#333333" d="   M 546.32 865.49   Q 543.25 876.19 537.02 884.79   A 0.57 0.57 0.0 0 0 537.16 885.59   Q 541.91 888.85 546.47 890.32   A 0.74 0.73 -72.4 0 1 546.94 891.24   L 545.53 895.69   A 0.71 0.71 0.0 0 1 544.63 896.15   Q 538.53 894.19 532.88 890.25   A 0.72 0.71 41.4 0 0 531.99 890.30   Q 524.70 896.84 514.77 896.25   C 506.21 895.73 499.65 889.88 499.61 880.97   C 499.57 873.98 504.58 868.85 509.97 865.33   A 0.66 0.66 0.0 0 0 510.23 864.54   Q 509.92 863.73 508.88 861.18   C 505.82 853.67 505.63 844.68 513.46 840.37   C 519.91 836.82 528.77 839.04 530.32 847.18   C 531.90 855.56 524.95 861.76 518.42 865.86   A 0.47 0.47 0.0 0 0 518.28 866.52   Q 524.02 875.12 531.82 881.45   A 0.48 0.48 0.0 0 0 532.52 881.35   Q 537.63 873.99 539.86 865.52   A 0.35 0.34 -82.2 0 1 540.19 865.26   L 546.15 865.26   A 0.18 0.18 0.0 0 1 546.32 865.49   Z   M 515.34 861.36   Q 515.42 861.39 515.47 861.36   C 520.43 858.59 526.31 853.88 524.57 847.66   Q 523.81 844.93 521.13 844.03   Q 518.45 843.14 516.20 844.87   C 511.08 848.79 512.94 856.09 515.24 861.28   Q 515.27 861.34 515.34 861.36   Z   M 527.28 885.78   Q 519.22 878.58 513.72 870.46   A 0.67 0.67 0.0 0 0 512.74 870.32   C 507.83 874.29 504.15 879.67 507.88 885.85   C 512.16 892.95 521.29 891.44 527.24 886.79   A 0.66 0.66 0.0 0 0 527.28 885.78   Z"/>
    <path fill="#333333" d="   M 821.34 867.56   C 821.32 853.04 828.74 838.81 845.03 838.79   C 861.31 838.77 868.77 852.97 868.79 867.50   C 868.81 882.03 861.39 896.25 845.10 896.27   C 828.82 896.29 821.36 882.09 821.34 867.56   Z   M 828.66 867.54   C 828.66 877.58 832.83 890.12 845.04 890.12   C 857.24 890.12 861.42 877.59 861.42 867.55   C 861.42 857.50 857.25 844.97 845.05 844.97   C 832.84 844.96 828.67 857.50 828.66 867.54   Z"/>
    <path fill="#333333" d="   M 183.95 839.72   Q 185.64 839.72 187.32 839.85   A 0.95 0.95 0.0 0 1 188.16 840.50   L 206.51 895.06   A 0.18 0.17 -9.3 0 1 206.34 895.29   L 199.51 895.29   A 0.40 0.39 -7.7 0 1 199.13 895.01   L 194.17 878.91   A 0.57 0.56 84.2 0 0 193.68 878.51   Q 193.61 878.50 183.89 878.49   Q 174.17 878.47 174.10 878.48   A 0.57 0.56 -84.0 0 0 173.61 878.88   L 168.61 894.97   A 0.40 0.39 7.9 0 1 168.22 895.25   L 161.39 895.23   A 0.18 0.17 9.5 0 1 161.23 895.00   L 179.73 840.49   A 0.95 0.95 0.0 0 1 180.57 839.84   Q 182.25 839.72 183.95 839.72   Z   M 183.80 872.75   Q 190.97 872.74 191.77 872.69   A 0.29 0.29 0.0 0 0 192.02 872.32   L 184.05 845.94   A 0.07 0.07 0.0 0 0 184.02 845.91   Q 183.84 845.82 183.79 845.82   Q 183.73 845.82 183.55 845.91   A 0.07 0.07 0.0 0 0 183.52 845.94   L 175.58 872.33   A 0.29 0.29 0.0 0 0 175.84 872.70   Q 176.64 872.75 183.80 872.75   Z"/>
    <path fill="#333333" d="   M 254.26 890.19   C 263.08 890.17 266.89 883.37 267.09 875.21   Q 267.34 864.22 267.10 840.27   A 0.56 0.55 89.5 0 1 267.65 839.70   L 273.49 839.70   A 0.55 0.54 0.0 0 1 274.04 840.24   Q 274.05 852.61 274.11 871.50   C 274.15 884.99 269.80 896.25 254.28 896.28   C 238.76 896.32 234.36 885.08 234.33 871.59   Q 234.30 852.70 234.26 840.33   A 0.55 0.54 -0.3 0 1 234.80 839.79   L 240.64 839.76   A 0.56 0.55 -89.8 0 1 241.20 840.33   Q 241.07 864.28 241.37 875.27   C 241.60 883.43 245.44 890.21 254.26 890.19   Z"/>
    <path fill="#333333" d="   M 310.28 840.23   A 0.55 0.55 0.0 0 1 310.83 839.69   L 325.97 839.71   A 24.55 24.47 -89.9 0 1 350.40 864.31   L 350.38 870.81   A 24.55 24.47 -89.9 0 1 325.87 895.31   L 310.73 895.29   A 0.55 0.55 0.0 0 1 310.18 894.73   L 310.28 840.23   Z   M 317.25 846.02   L 317.25 889.00   A 0.55 0.55 0.0 0 0 317.80 889.55   L 324.79 889.55   A 18.71 18.20 90.0 0 0 342.99 870.84   L 342.99 864.18   A 18.71 18.20 -90.0 0 0 324.79 845.47   L 317.80 845.47   A 0.55 0.55 0.0 0 0 317.25 846.02   Z"/>
    <path fill="#333333" d="   M 591.53 887.77   Q 591.86 887.77 592.05 887.10   Q 598.89 863.42 605.87 839.97   A 0.33 0.33 0.0 0 1 606.19 839.73   L 613.07 839.73   A 0.18 0.18 0.0 0 1 613.24 839.96   L 595.87 894.60   A 0.90 0.90 0.0 0 1 595.19 895.21   Q 595.01 895.25 591.53 895.25   Q 588.06 895.26 587.88 895.22   A 0.90 0.90 0.0 0 1 587.20 894.61   L 569.71 840.01   A 0.18 0.18 0.0 0 1 569.88 839.77   L 576.76 839.76   A 0.33 0.33 0.0 0 1 577.08 840.00   Q 584.11 863.44 591.00 887.10   Q 591.20 887.77 591.53 887.77   Z"/>
    <path fill="#333333" d="   M 685.49 840.17   A 0.44 0.44 0.0 0 1 685.93 839.73   L 701.10 839.73   A 24.36 24.35 -90.0 0 1 725.45 864.09   L 725.45 870.93   A 24.36 24.35 -90.0 0 1 701.10 895.29   L 685.93 895.29   A 0.44 0.44 0.0 0 1 685.49 894.85   L 685.49 840.17   Z   M 692.51 845.99   L 692.51 889.03   A 0.53 0.53 0.0 0 0 693.04 889.56   L 699.95 889.56   A 18.63 18.20 90.0 0 0 718.15 870.93   L 718.15 864.09   A 18.63 18.20 -90.0 0 0 699.95 845.46   L 693.04 845.46   A 0.53 0.53 0.0 0 0 692.51 845.99   Z"/>
    <path fill="#333333" d="   M 766.20 863.24   L 786.33 863.24   A 0.44 0.44 0.0 0 1 786.77 863.68   L 786.77 868.83   A 0.44 0.44 0.0 0 1 786.33 869.27   L 766.20 869.27   A 0.44 0.44 0.0 0 0 765.76 869.71   L 765.76 888.80   A 0.44 0.44 0.0 0 0 766.20 889.24   L 791.07 889.24   A 0.44 0.44 0.0 0 1 791.51 889.68   L 791.51 894.84   A 0.44 0.44 0.0 0 1 791.07 895.28   L 759.19 895.28   A 0.44 0.44 0.0 0 1 758.75 894.84   L 758.75 840.19   A 0.44 0.44 0.0 0 1 759.19 839.75   L 790.35 839.75   A 0.44 0.44 0.0 0 1 790.79 840.19   L 790.79 845.32   A 0.44 0.44 0.0 0 1 790.35 845.76   L 766.20 845.76   A 0.44 0.44 0.0 0 0 765.76 846.20   L 765.76 862.80   A 0.44 0.44 0.0 0 0 766.20 863.24   Z"/>
    
    
    
    
    
    
    
    
    
    
    <rect fill="#333333" x="383.49" y="839.73" width="7.02" height="55.50" rx="0.45"/>
    <rect fill="#333333" x="642.01" y="839.71" width="6.98" height="55.52" rx="0.30"/>

                        </g>
                    </svg>