<svg xmlns="http://www.w3.org/2000/svg" 
                      viewBox="0 0 990.12 1004.2099999999999" 
                      width="990.12" 
                      height="1004.2099999999999"
                      preserveAspectRatio="none"
                      data-content-extracted="true"
                      data-overflow="horizontal:4,vertical:4"
                      data-original-bounds="-90.8,-90.8,895.32,909.41">
                        <g transform="translate(92.8, 92.8)">
                          
<g stroke-width="2.00" fill="none" stroke-linecap="butt">
<path vector-effect="non-scaling-stroke" d="   M 808.29 124.90   Q 798.95 104.90 782.30 93.19   Q 755.53 74.38 722.24 79.41   Q 702.97 82.33 686.55 94.84   C 667.43 109.40 658.37 129.92 647.28 152.22   A 0.59 0.59 0.0 0 1 646.41 152.43   Q 618.68 132.26 586.36 120.47   A 0.46 0.46 0.0 0 1 586.14 119.78   Q 591.79 111.49 597.00 102.27   Q 612.53 74.83 621.78 58.31   C 629.96 43.70 641.47 13.90 619.45 5.06   Q 616.70 3.96 611.68 3.96   Q 605.29 3.96 603.80 4.29   C 577.84 9.98 559.54 31.34 555.34 57.20   C 553.94 65.77 554.80 75.59 556.32 83.50   Q 559.38 99.45 560.96 112.76   A 0.76 0.76 0.0 0 1 560.05 113.59   Q 518.02 104.86 474.72 113.63   A 0.47 0.47 0.0 0 1 474.15 113.18   Q 474.00 108.18 474.82 102.26   Q 476.06 93.26 478.33 80.64   C 479.44 74.45 480.18 67.37 480.00 61.99   Q 479.87 57.94 478.20 51.56   C 472.54 29.96 456.02 11.19 434.15 5.10   Q 430.09 3.96 423.40 3.91   Q 416.78 3.86 412.86 5.79   C 392.84 15.63 404.46 44.75 412.33 58.69   C 417.27 67.44 422.69 76.30 427.66 85.36   C 435.50 99.63 441.16 110.36 447.83 119.73   A 0.53 0.53 0.0 0 1 447.57 120.54   C 425.93 127.89 405.68 138.41 387.68 152.28   A 0.75 0.74 -31.8 0 1 386.56 152.02   Q 378.97 136.85 374.70 128.58   C 361.03 102.11 337.97 82.00 307.43 78.80   C 272.32 75.13 239.65 93.32 225.20 125.59   A 0.23 0.22 -11.6 0 0 225.57 125.83   C 235.00 116.08 244.43 104.87 259.49 106.08   A 0.36 0.35 12.0 0 1 259.80 106.55   Q 251.73 130.71 260.51 154.46   C 267.22 172.59 280.23 185.21 297.33 193.43   C 309.51 199.28 323.33 203.42 335.81 206.19   A 0.46 0.45 -67.4 0 1 336.09 206.88   Q 305.58 253.98 301.11 309.97   A 1.15 1.13 76.7 0 1 300.58 310.84   C 264.21 333.37 244.81 374.18 245.84 416.71   C 246.45 442.30 253.80 466.82 266.26 490.38   A 0.47 0.47 0.0 0 1 265.96 491.06   C 259.30 492.86 252.75 498.88 252.97 506.34   A 2.21 2.20 -74.5 0 0 253.98 508.14   C 256.97 510.10 259.30 508.08 260.51 505.08   C 262.05 501.23 263.73 498.91 267.61 497.31   A 0.35 0.35 0.0 0 1 268.05 497.80   C 265.01 503.65 263.68 513.23 268.27 518.72   A 2.10 1.99 58.6 0 0 270.60 519.35   C 274.32 517.84 274.38 507.88 274.15 504.34   A 0.27 0.27 0.0 0 1 274.62 504.15   Q 277.26 507.37 280.58 510.16   A 7.23 6.97 1.9 0 1 281.54 511.15   Q 283.17 513.19 284.91 515.30   Q 285.69 516.26 286.44 516.22   A 2.49 2.30 -88.1 0 0 288.62 514.01   C 289.26 508.20 285.72 502.00 282.40 497.38   A 0.39 0.39 0.0 0 1 282.74 496.76   Q 289.12 497.08 291.41 498.26   C 294.50 499.85 299.29 502.99 301.89 501.57   C 303.65 500.61 303.18 497.12 302.45 495.82   Q 294.94 482.50 279.47 483.05   C 278.52 483.08 276.66 483.74 275.81 484.21   A 0.41 0.41 0.0 0 1 275.20 483.92   C 267.72 441.83 271.12 398.71 303.54 367.40   A 0.33 0.33 0.0 0 1 304.10 367.58   Q 314.08 420.37 347.33 462.44   Q 376.34 499.16 417.99 520.39   A 1.27 1.25 -81.2 0 1 418.66 521.32   Q 421.73 541.57 428.98 561.52   C 430.95 566.93 430.91 573.23 426.99 577.91   Q 420.38 585.80 410.22 586.54   C 393.86 587.73 375.77 589.36 365.31 602.81   Q 361.00 608.35 357.86 614.41   A 0.46 0.45 -76.6 0 0 358.26 615.07   Q 396.44 615.09 435.80 615.08   C 440.90 615.08 446.04 615.42 449.74 614.29   Q 460.13 611.14 464.12 600.82   Q 465.42 597.47 465.49 588.92   Q 465.68 565.72 469.16 540.19   A 0.39 0.38 9.0 0 1 469.62 539.86   C 476.31 541.31 483.27 542.61 490.19 543.29   Q 527.56 546.92 564.17 539.83   A 0.57 0.57 0.0 0 1 564.85 540.31   Q 568.24 565.80 568.56 590.64   Q 568.64 596.70 569.55 599.76   C 571.62 606.72 576.75 611.93 583.35 614.17   Q 586.30 615.17 594.75 615.14   Q 623.90 615.04 675.86 615.08   A 0.31 0.31 0.0 0 0 676.13 614.62   Q 673.27 609.43 670.10 604.91   C 665.90 598.92 661.05 594.86 653.80 592.01   C 645.46 588.72 636.32 587.35 627.26 586.85   C 617.90 586.33 610.44 583.40 605.29 575.19   C 602.30 570.40 604.22 563.35 606.11 558.50   Q 612.86 541.19 615.17 521.73   A 1.90 1.89 79.7 0 1 616.17 520.28   Q 649.44 503.05 675.37 475.12   Q 717.96 429.25 729.93 367.54   A 0.35 0.35 0.0 0 1 730.53 367.36   Q 753.14 390.53 758.98 422.77   C 762.68 443.16 761.88 462.88 758.81 483.75   A 0.52 0.51 11.1 0 1 758.17 484.17   Q 748.18 481.57 739.37 487.11   Q 733.84 490.60 731.44 496.17   C 729.27 501.19 733.17 503.67 737.39 500.81   Q 743.74 496.51 751.64 496.74   A 0.22 0.22 0.0 0 1 751.81 497.09   C 748.94 500.93 743.01 510.37 746.05 514.88   A 1.94 1.93 53.1 0 0 748.90 515.29   C 750.44 513.99 751.61 511.55 753.06 510.21   Q 756.61 506.91 759.29 504.01   A 0.26 0.26 0.0 0 1 759.74 504.20   C 759.63 507.59 759.65 516.58 762.29 518.52   Q 765.20 520.66 766.95 517.54   C 770.20 511.74 768.97 504.37 765.81 498.50   A 0.26 0.26 0.0 0 1 766.14 498.13   C 770.64 500.11 772.36 503.23 774.10 507.53   A 4.33 3.73 -7.9 0 0 777.77 509.89   C 780.75 510.02 781.38 506.75 780.84 504.36   Q 778.94 495.83 770.50 492.56   C 769.79 492.29 768.73 492.26 767.93 492.02   A 0.50 0.50 0.0 0 1 767.63 491.30   Q 777.29 473.81 783.06 452.65   Q 792.86 416.78 783.87 381.57   C 776.72 353.59 759.47 328.05 734.70 313.12   A 2.00 1.97 13.5 0 1 733.74 311.58   Q 729.17 255.56 698.83 208.79   A 0.50 0.50 0.0 0 1 699.14 208.03   Q 717.04 204.04 732.85 197.35   C 750.46 189.90 764.59 178.03 772.23 160.06   Q 783.05 134.59 775.26 108.61   A 0.69 0.68 78.9 0 1 775.85 107.73   Q 785.16 106.78 792.58 111.45   C 798.21 114.99 803.57 120.31 807.68 125.29   A 0.37 0.36 -77.4 0 0 808.29 124.90"/>
<path vector-effect="non-scaling-stroke" d="   M 97.61 796.42   C 103.38 796.42 107.49 793.40 110.36 788.37   Q 142.32 732.27 159.41 702.40   A 0.20 0.20 0.0 0 1 159.79 702.50   L 159.79 793.72   A 0.53 0.52 -0.0 0 0 160.32 794.24   L 187.75 794.24   A 0.36 0.35 -0.0 0 0 188.11 793.89   Q 188.20 777.38 188.07 651.52   Q 188.06 641.24 179.16 637.72   Q 172.01 634.89 166.22 638.78   Q 163.41 640.67 159.93 646.72   Q 135.23 689.59 97.93 754.41   Q 97.76 754.71 97.61 754.71   Q 97.45 754.71 97.28 754.41   Q 59.95 689.61 35.24 646.75   Q 31.75 640.70 28.94 638.81   Q 23.15 634.92 16.00 637.75   Q 7.10 641.28 7.10 651.56   Q 7.02 777.42 7.12 793.93   A 0.36 0.35 -0.0 0 0 7.48 794.28   L 34.91 794.27   A 0.53 0.52 -0.0 0 0 35.44 793.75   L 35.40 702.53   A 0.20 0.20 0.0 0 1 35.78 702.43   Q 52.88 732.29 84.87 788.38   C 87.74 793.40 91.85 796.42 97.61 796.42"/>
<path vector-effect="non-scaling-stroke" d="   M 760.59 705.28   A 0.43 0.43 0.0 0 0 761.02 704.85   L 761.02 677.43   A 0.43 0.43 0.0 0 0 760.59 677.00   L 712.18 677.00   A 0.43 0.43 0.0 0 1 711.75 676.57   L 711.75 639.18   A 0.43 0.43 0.0 0 0 711.32 638.75   L 683.66 638.75   A 0.43 0.43 0.0 0 0 683.23 639.18   L 683.23 676.57   A 0.43 0.43 0.0 0 1 682.80 677.00   L 646.96 677.00   A 0.43 0.43 0.0 0 0 646.53 677.43   L 646.53 704.84   A 0.43 0.43 0.0 0 0 646.96 705.27   L 682.80 705.27   A 0.43 0.43 0.0 0 1 683.23 705.70   L 683.23 793.84   A 0.43 0.43 0.0 0 0 683.66 794.27   L 711.32 794.27   A 0.43 0.43 0.0 0 0 711.75 793.84   L 711.75 705.71   A 0.43 0.43 0.0 0 1 712.18 705.28   L 760.59 705.28"/>
<path vector-effect="non-scaling-stroke" d="   M 344.5353 715.4533   A 38.31 38.31 0.0 0 0 306.2922 677.0765   L 253.0723 676.9836   A 38.31 38.31 0.0 0 0 214.6955 715.2267   L 214.6247 755.8067   A 38.31 38.31 0.0 0 0 252.8678 794.1835   L 306.0877 794.2764   A 38.31 38.31 0.0 0 0 344.4645 756.0333   L 344.5353 715.4533"/>
<path vector-effect="non-scaling-stroke" d="   M 369.40 794.26   L 396.20 794.26   A 0.59 0.59 0.0 0 0 396.79 793.67   L 396.79 705.88   A 0.55 0.55 0.0 0 1 397.34 705.33   Q 430.96 705.11 447.27 705.41   C 460.81 705.65 470.16 715.74 470.22 729.02   Q 470.34 752.21 470.26 793.95   A 0.31 0.31 0.0 0 0 470.57 794.26   L 497.87 794.26   A 0.59 0.59 0.0 0 0 498.46 793.68   Q 498.63 762.93 498.43 728.26   C 498.28 702.78 482.80 684.27 458.49 678.39   Q 451.86 676.78 435.40 676.94   Q 421.38 677.08 387.56 676.97   C 379.04 676.94 374.03 677.64 369.97 684.54   Q 368.45 687.14 368.50 697.73   Q 368.60 715.44 368.54 793.40   A 0.86 0.86 0.0 0 0 369.40 794.26"/>
<path vector-effect="non-scaling-stroke" d="   M 622.62 704.59   L 622.62 677.34   A 0.34 0.33 0.0 0 0 622.28 677.01   Q 560.42 676.97 554.51 677.03   Q 543.86 677.15 536.12 681.36   C 521.13 689.51 515.83 706.37 521.37 722.20   C 525.82 734.94 538.30 743.17 552.00 743.21   Q 576.64 743.30 595.75 743.25   C 601.14 743.23 606.23 744.53 607.67 750.50   Q 610.14 760.74 603.31 764.57   Q 600.19 766.32 588.96 766.03   Q 586.56 765.97 520.93 766.02   A 0.34 0.33 -0.0 0 0 520.59 766.35   L 520.59 793.61   A 0.63 0.63 0.0 0 0 521.22 794.24   Q 573.09 794.30 595.50 794.25   C 610.07 794.22 624.02 788.20 631.27 775.55   C 638.32 763.26 638.10 747.45 631.36 734.82   C 624.24 721.46 612.32 715.40 596.99 715.28   Q 583.85 715.17 554.00 715.26   Q 553.52 715.26 549.99 714.90   A 1.61 1.59 71.9 0 1 548.94 714.36   Q 546.75 711.92 547.71 708.00   A 2.80 2.79 89.9 0 1 549.74 705.95   Q 552.68 705.21 556.08 705.22   Q 597.95 705.28 621.94 705.27   A 0.68 0.68 0.0 0 0 622.62 704.59"/>
<path vector-effect="non-scaling-stroke" d="   M 865.70 767.25   Q 841.34 767.20 815.75 767.28   Q 808.31 767.30 805.09 761.92   Q 803.37 759.04 803.46 750.25   Q 803.64 731.86 803.46 722.35   Q 803.27 712.52 805.08 709.38   Q 808.31 703.76 816.51 703.76   Q 858.80 703.79 862.21 703.71   Q 869.16 703.55 872.07 705.00   C 880.68 709.29 880.43 721.91 872.32 726.58   Q 869.74 728.07 860.44 728.03   Q 848.66 727.98 815.93 728.00   A 0.42 0.41 -0.0 0 0 815.51 728.41   L 815.51 754.07   A 0.65 0.64 90.0 0 0 816.15 754.72   Q 845.48 754.84 868.23 754.66   C 884.74 754.53 898.99 742.97 903.37 727.51   C 909.41 706.23 899.78 685.17 878.07 678.70   Q 871.90 676.86 856.67 676.94   Q 830.49 677.08 816.23 676.99   Q 802.74 676.90 792.97 683.70   C 783.04 690.62 777.05 703.06 776.79 715.01   Q 776.65 721.54 776.68 752.50   C 776.69 763.32 778.17 771.97 785.19 780.30   Q 794.65 791.52 809.54 793.68   Q 813.88 794.31 822.00 794.29   Q 833.15 794.27 865.87 794.21   A 0.54 0.54 0.0 0 0 866.41 793.67   L 866.41 767.96   A 0.71 0.71 0.0 0 0 865.70 767.25"/>
<path vector-effect="non-scaling-stroke" d="   M 1026.87 704.86   L 1026.87 677.73   A 0.72 0.72 0.0 0 0 1026.15 677.01   Q 967.25 676.96 964.25 677.03   C 946.03 677.42 930.50 686.46 925.16 704.35   Q 923.48 709.96 923.52 725.52   Q 923.66 774.91 923.57 793.63   A 0.60 0.60 0.0 0 0 924.17 794.23   L 951.36 794.23   A 0.39 0.39 0.0 0 0 951.75 793.84   Q 951.74 724.81 951.76 716.50   C 951.79 707.79 956.95 705.28 964.75 705.27   Q 973.57 705.26 1026.45 705.29   A 0.43 0.42 90.0 0 0 1026.87 704.86"/>
<path vector-effect="non-scaling-stroke" d="   M 425.82 867.60   C 425.85 882.01 433.25 896.32 449.60 896.28   C 465.95 896.25 473.29 881.90 473.26 867.49   C 473.22 853.07 465.82 838.77 449.47 838.80   C 433.12 838.84 425.79 853.18 425.82 867.60"/>
<path vector-effect="non-scaling-stroke" d="   M 542.24 865.25   A 0.40 0.38 -82.0 0 0 541.87 865.54   Q 539.65 873.87 534.61 881.24   A 0.61 0.61 0.0 0 1 533.72 881.37   Q 525.79 874.85 520.31 866.55   A 0.55 0.54 -33.0 0 1 520.48 865.79   C 525.68 862.54 531.62 857.55 532.44 851.44   C 534.12 839.01 520.08 834.95 512.43 842.63   C 506.82 848.26 508.84 857.70 512.20 864.32   A 0.65 0.65 0.0 0 1 512.03 865.12   Q 506.80 869.34 505.89 870.40   Q 498.80 878.62 503.28 888.10   Q 504.96 891.64 508.50 893.68   C 516.87 898.47 526.99 896.48 534.00 890.31   A 0.72 0.71 -47.8 0 1 534.89 890.26   Q 540.35 894.07 546.56 896.16   A 0.76 0.76 0.0 0 0 547.53 895.67   L 548.93 891.29   A 0.81 0.79 18.0 0 0 548.41 890.29   Q 543.81 888.80 539.16 885.58   A 0.56 0.55 -54.9 0 1 539.03 884.79   Q 545.35 876.00 548.30 865.50   A 0.20 0.20 0.0 0 0 548.11 865.25   L 542.24 865.25"/>
<path vector-effect="non-scaling-stroke" d="   M 823.34 867.57   C 823.36 881.98 830.75 896.30 847.10 896.28   C 863.46 896.26 870.81 881.92 870.79 867.50   C 870.77 853.08 863.38 838.77 847.02 838.79   C 830.67 838.81 823.32 853.15 823.34 867.57"/>
<path vector-effect="non-scaling-stroke" d="   M 185.89 878.49   Q 195.62 878.50 195.70 878.51   A 0.55 0.54 83.7 0 1 196.17 878.89   L 201.12 895.01   A 0.40 0.39 -7.7 0 0 201.50 895.29   L 208.36 895.29   A 0.16 0.16 0.0 0 0 208.51 895.08   L 190.15 840.47   A 0.91 0.90 -7.2 0 0 189.34 839.84   Q 187.66 839.74 185.95 839.73   Q 184.24 839.73 182.56 839.83   A 0.91 0.90 7.4 0 0 181.74 840.46   L 163.22 895.01   A 0.16 0.16 0.0 0 0 163.37 895.22   L 170.23 895.24   A 0.40 0.39 7.9 0 0 170.61 894.96   L 175.61 878.86   A 0.55 0.54 -83.6 0 1 176.08 878.48   Q 176.15 878.47 185.89 878.49"/>
<path vector-effect="non-scaling-stroke" d="   M 256.28 896.29   C 270.34 896.25 276.08 886.44 276.08 873.49   Q 276.09 858.40 276.02 840.13   A 0.43 0.43 0.0 0 0 275.59 839.70   L 269.55 839.70   A 0.44 0.43 90.0 0 0 269.12 840.14   Q 269.23 856.06 269.16 874.48   C 269.12 882.68 265.51 890.16 256.27 890.18   C 247.03 890.21 243.38 882.74 243.30 874.55   Q 243.14 856.12 243.17 840.20   A 0.44 0.43 89.7 0 0 242.74 839.77   L 236.70 839.80   A 0.43 0.43 0.0 0 0 236.27 840.23   Q 236.29 858.50 236.37 873.59   C 236.44 886.54 242.23 896.32 256.28 896.29"/>
<path vector-effect="non-scaling-stroke" d="   M 312.28 840.23   L 312.18 894.74   A 0.55 0.55 0.0 0 0 312.73 895.30   L 327.88 895.32   A 24.40 24.38 0.1 0 0 352.32 870.98   L 352.34 864.12   A 24.40 24.38 0.1 0 0 327.98 839.70   L 312.83 839.68   A 0.55 0.55 0.0 0 0 312.28 840.23"/>
<path vector-effect="non-scaling-stroke" d="   M 392.52 840.18   A 0.46 0.46 0.0 0 0 392.06 839.72   L 385.96 839.72   A 0.46 0.46 0.0 0 0 385.50 840.18   L 385.50 894.76   A 0.46 0.46 0.0 0 0 385.96 895.22   L 392.06 895.22   A 0.46 0.46 0.0 0 0 392.52 894.76   L 392.52 840.18"/>
<path vector-effect="non-scaling-stroke" d="   M 593.53 895.27   Q 596.89 895.27 597.18 895.21   A 0.89 0.89 0.0 0 0 597.87 894.60   L 615.24 839.97   A 0.18 0.18 0.0 0 0 615.07 839.73   L 608.19 839.73   A 0.31 0.31 0.0 0 0 607.89 839.96   Q 600.79 863.70 593.99 887.29   Q 593.86 887.74 593.52 887.74   Q 593.18 887.74 593.05 887.29   Q 586.21 863.71 579.07 839.98   A 0.31 0.31 0.0 0 0 578.77 839.76   L 571.89 839.77   A 0.18 0.18 0.0 0 0 571.72 840.01   L 589.19 894.61   A 0.89 0.89 0.0 0 0 589.87 895.21   Q 590.17 895.27 593.53 895.27"/>
<path vector-effect="non-scaling-stroke" d="   M 650.99 840.04   A 0.33 0.33 0.0 0 0 650.66 839.71   L 644.34 839.71   A 0.33 0.33 0.0 0 0 644.01 840.04   L 644.01 894.90   A 0.33 0.33 0.0 0 0 644.34 895.23   L 650.66 895.23   A 0.33 0.33 0.0 0 0 650.99 894.90   L 650.99 840.04"/>
<path vector-effect="non-scaling-stroke" d="   M 687.50 840.20   L 687.50 894.84   A 0.45 0.45 0.0 0 0 687.95 895.29   L 703.16 895.29   A 24.36 24.30 90.0 0 0 727.46 870.93   L 727.46 864.11   A 24.36 24.30 -90.0 0 0 703.16 839.75   L 687.95 839.75   A 0.45 0.45 0.0 0 0 687.50 840.20"/>
<path vector-effect="non-scaling-stroke" d="   M 768.20 863.23   A 0.44 0.44 0.0 0 1 767.76 862.79   L 767.76 846.19   A 0.44 0.44 0.0 0 1 768.20 845.75   L 792.34 845.75   A 0.44 0.44 0.0 0 0 792.78 845.31   L 792.78 840.19   A 0.44 0.44 0.0 0 0 792.34 839.75   L 761.18 839.75   A 0.44 0.44 0.0 0 0 760.74 840.19   L 760.74 894.83   A 0.44 0.44 0.0 0 0 761.18 895.27   L 793.09 895.27   A 0.44 0.44 0.0 0 0 793.53 894.83   L 793.53 889.67   A 0.44 0.44 0.0 0 0 793.09 889.23   L 768.21 889.23   A 0.44 0.44 0.0 0 1 767.77 888.79   L 767.77 869.71   A 0.44 0.44 0.0 0 1 768.21 869.27   L 788.32 869.27   A 0.44 0.44 0.0 0 0 788.76 868.83   L 788.76 863.67   A 0.44 0.44 0.0 0 0 788.32 863.23   L 768.20 863.23"/>
<path vector-effect="non-scaling-stroke" d="   M 454.6534 186.3403   A 50.59 48.65 -90.2 0 0 406.1803 237.0998   A 50.59 48.65 -90.2 0 0 455.0066 287.5197   A 50.59 48.65 -90.2 0 0 503.4797 236.7602   A 50.59 48.65 -90.2 0 0 454.6534 186.3403"/>
<path vector-effect="non-scaling-stroke" d="   M 578.3339 186.3849   A 50.57 48.66 -90.8 0 0 530.3847 237.6294   A 50.57 48.66 -90.8 0 0 579.7461 287.5151   A 50.57 48.66 -90.8 0 0 627.6953 236.2706   A 50.57 48.66 -90.8 0 0 578.3339 186.3849"/>
<path vector-effect="non-scaling-stroke" d="   M 630.58 316.41   Q 615.33 332.30 595.28 341.82   Q 570.31 353.68 542.21 357.20   C 507.03 361.61 472.22 358.53 440.07 345.98   Q 414.14 335.85 394.56 316.17   A 0.17 0.16 -82.1 0 0 394.30 316.37   C 403.01 332.73 418.33 345.57 434.32 354.15   A 0.52 0.51 31.9 0 1 434.50 354.91   C 430.79 360.05 422.16 373.21 424.63 379.11   C 428.73 388.88 437.41 393.07 447.82 394.93   C 451.55 395.59 460.90 394.69 463.35 391.05   C 467.81 384.47 469.44 375.89 470.98 368.37   A 0.57 0.57 0.0 0 1 471.65 367.92   C 484.59 370.46 496.87 372.47 509.87 372.47   A 0.40 0.40 0.0 0 1 510.27 372.94   C 509.09 379.42 507.64 385.96 508.82 391.75   A 5.88 5.83 16.1 0 0 510.53 394.82   C 524.20 407.76 555.63 409.55 567.57 393.34   C 570.07 389.93 569.55 387.02 568.04 383.20   Q 564.95 375.40 559.30 367.38   A 0.33 0.32 -26.8 0 1 559.47 366.88   L 575.53 361.47   A 0.65 0.65 0.0 0 1 576.32 361.80   C 579.83 368.74 585.80 382.96 592.78 384.97   C 601.01 387.34 610.76 383.08 616.96 377.74   Q 622.92 372.61 625.40 365.41   C 626.77 361.42 624.95 358.06 622.57 354.92   Q 617.02 347.61 609.34 342.39   A 0.61 0.60 -47.0 0 1 609.31 341.42   C 618.02 334.39 625.29 326.33 630.85 316.61   A 0.17 0.17 0.0 0 0 630.58 316.41"/>
<path vector-effect="non-scaling-stroke" d="   M 465.71 224.16   C 457.12 221.40 448.60 222.46 442.70 230.12   C 429.19 247.67 453.36 270.05 470.18 256.93   C 477.14 251.51 479.68 242.82 476.20 234.55   A 0.36 0.35 52.2 0 0 475.59 234.47   C 473.37 237.46 468.77 239.06 465.54 236.81   C 460.93 233.61 462.18 228.02 465.83 224.73   A 0.34 0.34 0.0 0 0 465.71 224.16"/>
<path vector-effect="non-scaling-stroke" d="   M 592.97 234.88   A 0.47 0.47 0.0 0 0 592.19 234.72   Q 588.23 238.84 583.59 237.45   C 577.54 235.65 578.33 228.03 582.47 224.78   A 0.27 0.27 0.0 0 0 582.40 224.31   Q 574.08 221.20 567.20 224.08   C 553.88 229.64 550.73 247.22 562.81 256.45   C 578.37 268.34 599.91 253.66 592.97 234.88"/>
<path vector-effect="non-scaling-stroke" d="   M 456.3219 242.0651   A 4.81 4.61 -47.3 0 0 449.6720 242.4737   A 4.81 4.61 -47.3 0 0 449.7981 249.1349   A 4.81 4.61 -47.3 0 0 456.4480 248.7263   A 4.81 4.61 -47.3 0 0 456.3219 242.0651"/>
<path vector-effect="non-scaling-stroke" d="   M 575.24 245.50   A 4.79 4.79 0.0 0 0 570.45 240.71   A 4.79 4.79 0.0 0 0 565.66 245.50   A 4.79 4.79 0.0 0 0 570.45 250.29   A 4.79 4.79 0.0 0 0 575.24 245.50"/>
<path vector-effect="non-scaling-stroke" d="   M 316.38 715.36   A 10.09 10.09 0.0 0 0 306.29 705.27   L 252.95 705.27   A 10.09 10.09 0.0 0 0 242.86 715.36   L 242.86 755.88   A 10.09 10.09 0.0 0 0 252.95 765.97   L 306.29 765.97   A 10.09 10.09 0.0 0 0 316.38 755.88   L 316.38 715.36"/>
<path vector-effect="non-scaling-stroke" d="   M 433.16 867.53   C 433.15 877.61 437.31 890.10 449.50 890.11   C 461.69 890.13 465.89 877.65 465.90 867.57   C 465.91 857.48 461.75 845.00 449.56 844.98   C 437.37 844.97 433.17 857.44 433.16 867.53"/>
<path vector-effect="non-scaling-stroke" d="   M 517.35 861.36   Q 517.42 861.39 517.47 861.36   C 522.41 858.60 528.32 853.88 526.58 847.67   Q 525.81 844.93 523.13 844.04   Q 520.44 843.14 518.19 844.87   C 513.06 848.79 514.96 856.11 517.25 861.29   Q 517.27 861.34 517.35 861.36"/>
<path vector-effect="non-scaling-stroke" d="   M 529.29 885.84   Q 520.97 878.26 515.70 870.45   A 0.62 0.62 0.0 0 0 514.79 870.31   C 509.95 874.15 506.34 879.40 509.60 885.39   C 513.73 892.96 523.14 891.58 529.25 886.76   A 0.61 0.60 -42.7 0 0 529.29 885.84"/>
<path vector-effect="non-scaling-stroke" d="   M 830.67 867.53   C 830.66 877.62 834.84 890.11 847.03 890.12   C 859.23 890.12 863.42 877.64 863.42 867.55   C 863.43 857.46 859.25 844.97 847.06 844.97   C 834.86 844.96 830.67 857.44 830.67 867.53"/>
<path vector-effect="non-scaling-stroke" d="   M 185.80 872.75   Q 193.11 872.75 193.73 872.70   A 0.32 0.32 0.0 0 0 194.02 872.29   L 186.08 846.07   A 0.40 0.20 80.5 0 0 185.92 845.85   Q 185.85 845.82 185.79 845.82   Q 185.72 845.82 185.65 845.85   A 0.40 0.20 -80.6 0 0 185.49 846.07   L 177.58 872.30   A 0.32 0.32 0.0 0 0 177.87 872.71   Q 178.49 872.76 185.80 872.75"/>
<path vector-effect="non-scaling-stroke" d="   M 319.25 846.02   L 319.25 888.98   A 0.56 0.56 0.0 0 0 319.81 889.54   L 326.79 889.54   A 18.71 18.20 90.0 0 0 344.99 870.83   L 344.99 864.17   A 18.71 18.20 -90.0 0 0 326.79 845.46   L 319.81 845.46   A 0.56 0.56 0.0 0 0 319.25 846.02"/>
<path vector-effect="non-scaling-stroke" d="   M 694.51 846.01   L 694.51 889.03   A 0.54 0.54 0.0 0 0 695.05 889.57   L 702.06 889.57   A 18.84 18.11 90.0 0 0 720.17 870.73   L 720.17 864.31   A 18.84 18.11 -90.0 0 0 702.06 845.47   L 695.05 845.47   A 0.54 0.54 0.0 0 0 694.51 846.01"/>
</g>

<path fill="#333333" d="   M 807.68 125.29   C 803.57 120.31 798.21 114.99 792.58 111.45   Q 785.16 106.78 775.85 107.73   A 0.69 0.68 78.9 0 0 775.26 108.61   Q 783.05 134.59 772.23 160.06   C 764.59 178.03 750.46 189.90 732.85 197.35   Q 717.04 204.04 699.14 208.03   A 0.50 0.50 0.0 0 0 698.83 208.79   Q 729.17 255.56 733.74 311.58   A 2.00 1.97 13.5 0 0 734.70 313.12   C 759.47 328.05 776.72 353.59 783.87 381.57   Q 792.86 416.78 783.06 452.65   Q 777.29 473.81 767.63 491.30   A 0.50 0.50 0.0 0 0 767.93 492.02   C 768.73 492.26 769.79 492.29 770.50 492.56   Q 778.94 495.83 780.84 504.36   C 781.38 506.75 780.75 510.02 777.77 509.89   A 4.33 3.73 -7.9 0 1 774.10 507.53   C 772.36 503.23 770.64 500.11 766.14 498.13   A 0.26 0.26 0.0 0 0 765.81 498.50   C 768.97 504.37 770.20 511.74 766.95 517.54   Q 765.20 520.66 762.29 518.52   C 759.65 516.58 759.63 507.59 759.74 504.20   A 0.26 0.26 0.0 0 0 759.29 504.01   Q 756.61 506.91 753.06 510.21   C 751.61 511.55 750.44 513.99 748.90 515.29   A 1.94 1.93 53.1 0 1 746.05 514.88   C 743.01 510.37 748.94 500.93 751.81 497.09   A 0.22 0.22 0.0 0 0 751.64 496.74   Q 743.74 496.51 737.39 500.81   C 733.17 503.67 729.27 501.19 731.44 496.17   Q 733.84 490.60 739.37 487.11   Q 748.18 481.57 758.17 484.17   A 0.52 0.51 11.1 0 0 758.81 483.75   C 761.88 462.88 762.68 443.16 758.98 422.77   Q 753.14 390.53 730.53 367.36   A 0.35 0.35 0.0 0 0 729.93 367.54   Q 717.96 429.25 675.37 475.12   Q 649.44 503.05 616.17 520.28   A 1.90 1.89 79.7 0 0 615.17 521.73   Q 612.86 541.19 606.11 558.50   C 604.22 563.35 602.30 570.40 605.29 575.19   C 610.44 583.40 617.90 586.33 627.26 586.85   C 636.32 587.35 645.46 588.72 653.80 592.01   C 661.05 594.86 665.90 598.92 670.10 604.91   Q 673.27 609.43 676.13 614.62   A 0.31 0.31 0.0 0 1 675.86 615.08   Q 623.90 615.04 594.75 615.14   Q 586.30 615.17 583.35 614.17   C 576.75 611.93 571.62 606.72 569.55 599.76   Q 568.64 596.70 568.56 590.64   Q 568.24 565.80 564.85 540.31   A 0.57 0.57 0.0 0 0 564.17 539.83   Q 527.56 546.92 490.19 543.29   C 483.27 542.61 476.31 541.31 469.62 539.86   A 0.39 0.38 9.0 0 0 469.16 540.19   Q 465.68 565.72 465.49 588.92   Q 465.42 597.47 464.12 600.82   Q 460.13 611.14 449.74 614.29   C 446.04 615.42 440.90 615.08 435.80 615.08   Q 396.44 615.09 358.26 615.07   A 0.46 0.45 -76.6 0 1 357.86 614.41   Q 361.00 608.35 365.31 602.81   C 375.77 589.36 393.86 587.73 410.22 586.54   Q 420.38 585.80 426.99 577.91   C 430.91 573.23 430.95 566.93 428.98 561.52   Q 421.73 541.57 418.66 521.32   A 1.27 1.25 -81.2 0 0 417.99 520.39   Q 376.34 499.16 347.33 462.44   Q 314.08 420.37 304.10 367.58   A 0.33 0.33 0.0 0 0 303.54 367.40   C 271.12 398.71 267.72 441.83 275.20 483.92   A 0.41 0.41 0.0 0 0 275.81 484.21   C 276.66 483.74 278.52 483.08 279.47 483.05   Q 294.94 482.50 302.45 495.82   C 303.18 497.12 303.65 500.61 301.89 501.57   C 299.29 502.99 294.50 499.85 291.41 498.26   Q 289.12 497.08 282.74 496.76   A 0.39 0.39 0.0 0 0 282.40 497.38   C 285.72 502.00 289.26 508.20 288.62 514.01   A 2.49 2.30 -88.1 0 1 286.44 516.22   Q 285.69 516.26 284.91 515.30   Q 283.17 513.19 281.54 511.15   A 7.23 6.97 1.9 0 0 280.58 510.16   Q 277.26 507.37 274.62 504.15   A 0.27 0.27 0.0 0 0 274.15 504.34   C 274.38 507.88 274.32 517.84 270.60 519.35   A 2.10 1.99 58.6 0 1 268.27 518.72   C 263.68 513.23 265.01 503.65 268.05 497.80   A 0.35 0.35 0.0 0 0 267.61 497.31   C 263.73 498.91 262.05 501.23 260.51 505.08   C 259.30 508.08 256.97 510.10 253.98 508.14   A 2.21 2.20 -74.5 0 1 252.97 506.34   C 252.75 498.88 259.30 492.86 265.96 491.06   A 0.47 0.47 0.0 0 0 266.26 490.38   C 253.80 466.82 246.45 442.30 245.84 416.71   C 244.81 374.18 264.21 333.37 300.58 310.84   A 1.15 1.13 76.7 0 0 301.11 309.97   Q 305.58 253.98 336.09 206.88   A 0.46 0.45 -67.4 0 0 335.81 206.19   C 323.33 203.42 309.51 199.28 297.33 193.43   C 280.23 185.21 267.22 172.59 260.51 154.46   Q 251.73 130.71 259.80 106.55   A 0.36 0.35 12.0 0 0 259.49 106.08   C 244.43 104.87 235.00 116.08 225.57 125.83   A 0.23 0.22 -11.6 0 1 225.20 125.59   C 239.65 93.32 272.32 75.13 307.43 78.80   C 337.97 82.00 361.03 102.11 374.70 128.58   Q 378.97 136.85 386.56 152.02   A 0.75 0.74 -31.8 0 0 387.68 152.28   C 405.68 138.41 425.93 127.89 447.57 120.54   A 0.53 0.53 0.0 0 0 447.83 119.73   C 441.16 110.36 435.50 99.63 427.66 85.36   C 422.69 76.30 417.27 67.44 412.33 58.69   C 404.46 44.75 392.84 15.63 412.86 5.79   Q 416.78 3.86 423.40 3.91   Q 430.09 3.96 434.15 5.10   C 456.02 11.19 472.54 29.96 478.20 51.56   Q 479.87 57.94 480.00 61.99   C 480.18 67.37 479.44 74.45 478.33 80.64   Q 476.06 93.26 474.82 102.26   Q 474.00 108.18 474.15 113.18   A 0.47 0.47 0.0 0 0 474.72 113.63   Q 518.02 104.86 560.05 113.59   A 0.76 0.76 0.0 0 0 560.96 112.76   Q 559.38 99.45 556.32 83.50   C 554.80 75.59 553.94 65.77 555.34 57.20   C 559.54 31.34 577.84 9.98 603.80 4.29   Q 605.29 3.96 611.68 3.96   Q 616.70 3.96 619.45 5.06   C 641.47 13.90 629.96 43.70 621.78 58.31   Q 612.53 74.83 597.00 102.27   Q 591.79 111.49 586.14 119.78   A 0.46 0.46 0.0 0 0 586.36 120.47   Q 618.68 132.26 646.41 152.43   A 0.59 0.59 0.0 0 0 647.28 152.22   C 658.37 129.92 667.43 109.40 686.55 94.84   Q 702.97 82.33 722.24 79.41   Q 755.53 74.38 782.30 93.19   Q 798.95 104.90 808.29 124.90   A 0.37 0.36 -77.4 0 1 807.68 125.29   Z   M 454.6534 186.3403   A 50.59 48.65 -90.2 0 0 406.1803 237.0998   A 50.59 48.65 -90.2 0 0 455.0066 287.5197   A 50.59 48.65 -90.2 0 0 503.4797 236.7602   A 50.59 48.65 -90.2 0 0 454.6534 186.3403   Z   M 578.3339 186.3849   A 50.57 48.66 -90.8 0 0 530.3847 237.6294   A 50.57 48.66 -90.8 0 0 579.7461 287.5151   A 50.57 48.66 -90.8 0 0 627.6953 236.2706   A 50.57 48.66 -90.8 0 0 578.3339 186.3849   Z   M 630.58 316.41   Q 615.33 332.30 595.28 341.82   Q 570.31 353.68 542.21 357.20   C 507.03 361.61 472.22 358.53 440.07 345.98   Q 414.14 335.85 394.56 316.17   A 0.17 0.16 -82.1 0 0 394.30 316.37   C 403.01 332.73 418.33 345.57 434.32 354.15   A 0.52 0.51 31.9 0 1 434.50 354.91   C 430.79 360.05 422.16 373.21 424.63 379.11   C 428.73 388.88 437.41 393.07 447.82 394.93   C 451.55 395.59 460.90 394.69 463.35 391.05   C 467.81 384.47 469.44 375.89 470.98 368.37   A 0.57 0.57 0.0 0 1 471.65 367.92   C 484.59 370.46 496.87 372.47 509.87 372.47   A 0.40 0.40 0.0 0 1 510.27 372.94   C 509.09 379.42 507.64 385.96 508.82 391.75   A 5.88 5.83 16.1 0 0 510.53 394.82   C 524.20 407.76 555.63 409.55 567.57 393.34   C 570.07 389.93 569.55 387.02 568.04 383.20   Q 564.95 375.40 559.30 367.38   A 0.33 0.32 -26.8 0 1 559.47 366.88   L 575.53 361.47   A 0.65 0.65 0.0 0 1 576.32 361.80   C 579.83 368.74 585.80 382.96 592.78 384.97   C 601.01 387.34 610.76 383.08 616.96 377.74   Q 622.92 372.61 625.40 365.41   C 626.77 361.42 624.95 358.06 622.57 354.92   Q 617.02 347.61 609.34 342.39   A 0.61 0.60 -47.0 0 1 609.31 341.42   C 618.02 334.39 625.29 326.33 630.85 316.61   A 0.17 0.17 0.0 0 0 630.58 316.41   Z"/>


<path fill="#333333" d="   M 465.71 224.16   A 0.34 0.34 0.0 0 1 465.83 224.73   C 462.18 228.02 460.93 233.61 465.54 236.81   C 468.77 239.06 473.37 237.46 475.59 234.47   A 0.36 0.35 52.2 0 1 476.20 234.55   C 479.68 242.82 477.14 251.51 470.18 256.93   C 453.36 270.05 429.19 247.67 442.70 230.12   C 448.60 222.46 457.12 221.40 465.71 224.16   Z   M 456.3219 242.0651   A 4.81 4.61 -47.3 0 0 449.6720 242.4737   A 4.81 4.61 -47.3 0 0 449.7981 249.1349   A 4.81 4.61 -47.3 0 0 456.4480 248.7263   A 4.81 4.61 -47.3 0 0 456.3219 242.0651   Z"/>
<path fill="#333333" d="   M 592.97 234.88   C 599.91 253.66 578.37 268.34 562.81 256.45   C 550.73 247.22 553.88 229.64 567.20 224.08   Q 574.08 221.20 582.40 224.31   A 0.27 0.27 0.0 0 1 582.47 224.78   C 578.33 228.03 577.54 235.65 583.59 237.45   Q 588.23 238.84 592.19 234.72   A 0.47 0.47 0.0 0 1 592.97 234.88   Z   M 575.24 245.50   A 4.79 4.79 0.0 0 0 570.45 240.71   A 4.79 4.79 0.0 0 0 565.66 245.50   A 4.79 4.79 0.0 0 0 570.45 250.29   A 4.79 4.79 0.0 0 0 575.24 245.50   Z"/>



<path fill="#333333" d="   M 97.61 754.71   Q 97.76 754.71 97.93 754.41   Q 135.23 689.59 159.93 646.72   Q 163.41 640.67 166.22 638.78   Q 172.01 634.89 179.16 637.72   Q 188.06 641.24 188.07 651.52   Q 188.20 777.38 188.11 793.89   A 0.36 0.35 0.0 0 1 187.75 794.24   L 160.32 794.24   A 0.53 0.52 0.0 0 1 159.79 793.72   L 159.79 702.50   A 0.20 0.20 0.0 0 0 159.41 702.40   Q 142.32 732.27 110.36 788.37   C 107.49 793.40 103.38 796.42 97.61 796.42   C 91.85 796.42 87.74 793.40 84.87 788.38   Q 52.88 732.29 35.78 702.43   A 0.20 0.20 0.0 0 0 35.40 702.53   L 35.44 793.75   A 0.53 0.52 -0.0 0 1 34.91 794.27   L 7.48 794.28   A 0.36 0.35 -0.0 0 1 7.12 793.93   Q 7.02 777.42 7.10 651.56   Q 7.10 641.28 16.00 637.75   Q 23.15 634.92 28.94 638.81   Q 31.75 640.70 35.24 646.75   Q 59.95 689.61 97.28 754.41   Q 97.45 754.71 97.61 754.71   Z"/>
<path fill="#333333" d="   M 760.59 705.28   L 712.18 705.28   A 0.43 0.43 0.0 0 0 711.75 705.71   L 711.75 793.84   A 0.43 0.43 0.0 0 1 711.32 794.27   L 683.66 794.27   A 0.43 0.43 0.0 0 1 683.23 793.84   L 683.23 705.70   A 0.43 0.43 0.0 0 0 682.80 705.27   L 646.96 705.27   A 0.43 0.43 0.0 0 1 646.53 704.84   L 646.53 677.43   A 0.43 0.43 0.0 0 1 646.96 677.00   L 682.80 677.00   A 0.43 0.43 0.0 0 0 683.23 676.57   L 683.23 639.18   A 0.43 0.43 0.0 0 1 683.66 638.75   L 711.32 638.75   A 0.43 0.43 0.0 0 1 711.75 639.18   L 711.75 676.57   A 0.43 0.43 0.0 0 0 712.18 677.00   L 760.59 677.00   A 0.43 0.43 0.0 0 1 761.02 677.43   L 761.02 704.85   A 0.43 0.43 0.0 0 1 760.59 705.28   Z"/>
<path fill="#333333" d="   M 344.4645 756.0333   A 38.31 38.31 0.0 0 1 306.0877 794.2764   L 252.8678 794.1835   A 38.31 38.31 0.0 0 1 214.6247 755.8067   L 214.6955 715.2267   A 38.31 38.31 0.0 0 1 253.0723 676.9836   L 306.2922 677.0765   A 38.31 38.31 0.0 0 1 344.5353 715.4533   L 344.4645 756.0333   Z   M 316.38 715.36   A 10.09 10.09 0.0 0 0 306.29 705.27   L 252.95 705.27   A 10.09 10.09 0.0 0 0 242.86 715.36   L 242.86 755.88   A 10.09 10.09 0.0 0 0 252.95 765.97   L 306.29 765.97   A 10.09 10.09 0.0 0 0 316.38 755.88   L 316.38 715.36   Z"/>
<path fill="#333333" d="   M 369.40 794.26   A 0.86 0.86 0.0 0 1 368.54 793.40   Q 368.60 715.44 368.50 697.73   Q 368.45 687.14 369.97 684.54   C 374.03 677.64 379.04 676.94 387.56 676.97   Q 421.38 677.08 435.40 676.94   Q 451.86 676.78 458.49 678.39   C 482.80 684.27 498.28 702.78 498.43 728.26   Q 498.63 762.93 498.46 793.68   A 0.59 0.59 0.0 0 1 497.87 794.26   L 470.57 794.26   A 0.31 0.31 0.0 0 1 470.26 793.95   Q 470.34 752.21 470.22 729.02   C 470.16 715.74 460.81 705.65 447.27 705.41   Q 430.96 705.11 397.34 705.33   A 0.55 0.55 0.0 0 0 396.79 705.88   L 396.79 793.67   A 0.59 0.59 0.0 0 1 396.20 794.26   L 369.40 794.26   Z"/>
<path fill="#333333" d="   M 621.94 705.27   Q 597.95 705.28 556.08 705.22   Q 552.68 705.21 549.74 705.95   A 2.80 2.79 89.9 0 0 547.71 708.00   Q 546.75 711.92 548.94 714.36   A 1.61 1.59 71.9 0 0 549.99 714.90   Q 553.52 715.26 554.00 715.26   Q 583.85 715.17 596.99 715.28   C 612.32 715.40 624.24 721.46 631.36 734.82   C 638.10 747.45 638.32 763.26 631.27 775.55   C 624.02 788.20 610.07 794.22 595.50 794.25   Q 573.09 794.30 521.22 794.24   A 0.63 0.63 0.0 0 1 520.59 793.61   L 520.59 766.35   A 0.34 0.33 0.0 0 1 520.93 766.02   Q 586.56 765.97 588.96 766.03   Q 600.19 766.32 603.31 764.57   Q 610.14 760.74 607.67 750.50   C 606.23 744.53 601.14 743.23 595.75 743.25   Q 576.64 743.30 552.00 743.21   C 538.30 743.17 525.82 734.94 521.37 722.20   C 515.83 706.37 521.13 689.51 536.12 681.36   Q 543.86 677.15 554.51 677.03   Q 560.42 676.97 622.28 677.01   A 0.34 0.33 0.0 0 1 622.62 677.34   L 622.62 704.59   A 0.68 0.68 0.0 0 1 621.94 705.27   Z"/>
<path fill="#333333" d="   M 866.41 767.96   L 866.41 793.67   A 0.54 0.54 0.0 0 1 865.87 794.21   Q 833.15 794.27 822.00 794.29   Q 813.88 794.31 809.54 793.68   Q 794.65 791.52 785.19 780.30   C 778.17 771.97 776.69 763.32 776.68 752.50   Q 776.65 721.54 776.79 715.01   C 777.05 703.06 783.04 690.62 792.97 683.70   Q 802.74 676.90 816.23 676.99   Q 830.49 677.08 856.67 676.94   Q 871.90 676.86 878.07 678.70   C 899.78 685.17 909.41 706.23 903.37 727.51   C 898.99 742.97 884.74 754.53 868.23 754.66   Q 845.48 754.84 816.15 754.72   A 0.65 0.64 -90.0 0 1 815.51 754.07   L 815.51 728.41   A 0.42 0.41 0.0 0 1 815.93 728.00   Q 848.66 727.98 860.44 728.03   Q 869.74 728.07 872.32 726.58   C 880.43 721.91 880.68 709.29 872.07 705.00   Q 869.16 703.55 862.21 703.71   Q 858.80 703.79 816.51 703.76   Q 808.31 703.76 805.08 709.38   Q 803.27 712.52 803.46 722.35   Q 803.64 731.86 803.46 750.25   Q 803.37 759.04 805.09 761.92   Q 808.31 767.30 815.75 767.28   Q 841.34 767.20 865.70 767.25   A 0.71 0.71 0.0 0 1 866.41 767.96   Z"/>
<path fill="#333333" d="   M 1026.87 704.86   A 0.43 0.42 90.0 0 1 1026.45 705.29   Q 973.57 705.26 964.75 705.27   C 956.95 705.28 951.79 707.79 951.76 716.50   Q 951.74 724.81 951.75 793.84   A 0.39 0.39 0.0 0 1 951.36 794.23   L 924.17 794.23   A 0.60 0.60 0.0 0 1 923.57 793.63   Q 923.66 774.91 923.52 725.52   Q 923.48 709.96 925.16 704.35   C 930.50 686.46 946.03 677.42 964.25 677.03   Q 967.25 676.96 1026.15 677.01   A 0.72 0.72 0.0 0 1 1026.87 677.73   L 1026.87 704.86   Z"/>

<path fill="#333333" d="   M 449.47 838.80   C 465.82 838.77 473.22 853.07 473.26 867.49   C 473.29 881.90 465.95 896.25 449.60 896.28   C 433.25 896.32 425.85 882.01 425.82 867.60   C 425.79 853.18 433.12 838.84 449.47 838.80   Z   M 433.16 867.53   C 433.15 877.61 437.31 890.10 449.50 890.11   C 461.69 890.13 465.89 877.65 465.90 867.57   C 465.91 857.48 461.75 845.00 449.56 844.98   C 437.37 844.97 433.17 857.44 433.16 867.53   Z"/>
<path fill="#333333" d="   M 548.30 865.50   Q 545.35 876.00 539.03 884.79   A 0.56 0.55 -54.9 0 0 539.16 885.58   Q 543.81 888.80 548.41 890.29   A 0.81 0.79 18.0 0 1 548.93 891.29   L 547.53 895.67   A 0.76 0.76 0.0 0 1 546.56 896.16   Q 540.35 894.07 534.89 890.26   A 0.72 0.71 -47.8 0 0 534.00 890.31   C 526.99 896.48 516.87 898.47 508.50 893.68   Q 504.96 891.64 503.28 888.10   Q 498.80 878.62 505.89 870.40   Q 506.80 869.34 512.03 865.12   A 0.65 0.65 0.0 0 0 512.20 864.32   C 508.84 857.70 506.82 848.26 512.43 842.63   C 520.08 834.95 534.12 839.01 532.44 851.44   C 531.62 857.55 525.68 862.54 520.48 865.79   A 0.55 0.54 -33.0 0 0 520.31 866.55   Q 525.79 874.85 533.72 881.37   A 0.61 0.61 0.0 0 0 534.61 881.24   Q 539.65 873.87 541.87 865.54   A 0.40 0.38 -82.0 0 1 542.24 865.25   L 548.11 865.25   A 0.20 0.20 0.0 0 1 548.30 865.50   Z   M 517.35 861.36   Q 517.42 861.39 517.47 861.36   C 522.41 858.60 528.32 853.88 526.58 847.67   Q 525.81 844.93 523.13 844.04   Q 520.44 843.14 518.19 844.87   C 513.06 848.79 514.96 856.11 517.25 861.29   Q 517.27 861.34 517.35 861.36   Z   M 529.29 885.84   Q 520.97 878.26 515.70 870.45   A 0.62 0.62 0.0 0 0 514.79 870.31   C 509.95 874.15 506.34 879.40 509.60 885.39   C 513.73 892.96 523.14 891.58 529.25 886.76   A 0.61 0.60 -42.7 0 0 529.29 885.84   Z"/>
<path fill="#333333" d="   M 823.34 867.57   C 823.32 853.15 830.67 838.81 847.02 838.79   C 863.38 838.77 870.77 853.08 870.79 867.50   C 870.81 881.92 863.46 896.26 847.10 896.28   C 830.75 896.30 823.36 881.98 823.34 867.57   Z   M 830.67 867.53   C 830.66 877.62 834.84 890.11 847.03 890.12   C 859.23 890.12 863.42 877.64 863.42 867.55   C 863.43 857.46 859.25 844.97 847.06 844.97   C 834.86 844.96 830.67 857.44 830.67 867.53   Z"/>
<path fill="#333333" d="   M 185.95 839.73   Q 187.66 839.74 189.34 839.84   A 0.91 0.90 -7.2 0 1 190.15 840.47   L 208.51 895.08   A 0.16 0.16 0.0 0 1 208.36 895.29   L 201.50 895.29   A 0.40 0.39 -7.7 0 1 201.12 895.01   L 196.17 878.89   A 0.55 0.54 83.7 0 0 195.70 878.51   Q 195.62 878.50 185.89 878.49   Q 176.15 878.47 176.08 878.48   A 0.55 0.54 -83.6 0 0 175.61 878.86   L 170.61 894.96   A 0.40 0.39 7.9 0 1 170.23 895.24   L 163.37 895.22   A 0.16 0.16 0.0 0 1 163.22 895.01   L 181.74 840.46   A 0.91 0.90 7.4 0 1 182.56 839.83   Q 184.24 839.73 185.95 839.73   Z   M 185.80 872.75   Q 193.11 872.75 193.73 872.70   A 0.32 0.32 0.0 0 0 194.02 872.29   L 186.08 846.07   A 0.40 0.20 80.5 0 0 185.92 845.85   Q 185.85 845.82 185.79 845.82   Q 185.72 845.82 185.65 845.85   A 0.40 0.20 -80.6 0 0 185.49 846.07   L 177.58 872.30   A 0.32 0.32 0.0 0 0 177.87 872.71   Q 178.49 872.76 185.80 872.75   Z"/>
<path fill="#333333" d="   M 256.27 890.18   C 265.51 890.16 269.12 882.68 269.16 874.48   Q 269.23 856.06 269.12 840.14   A 0.44 0.43 -90.0 0 1 269.55 839.70   L 275.59 839.70   A 0.43 0.43 0.0 0 1 276.02 840.13   Q 276.09 858.40 276.08 873.49   C 276.08 886.44 270.34 896.25 256.28 896.29   C 242.23 896.32 236.44 886.54 236.37 873.59   Q 236.29 858.50 236.27 840.23   A 0.43 0.43 0.0 0 1 236.70 839.80   L 242.74 839.77   A 0.44 0.43 89.7 0 1 243.17 840.20   Q 243.14 856.12 243.30 874.55   C 243.38 882.74 247.03 890.21 256.27 890.18   Z"/>
<path fill="#333333" d="   M 312.28 840.23   A 0.55 0.55 0.0 0 1 312.83 839.68   L 327.98 839.70   A 24.40 24.38 0.1 0 1 352.34 864.12   L 352.32 870.98   A 24.40 24.38 0.1 0 1 327.88 895.32   L 312.73 895.30   A 0.55 0.55 0.0 0 1 312.18 894.74   L 312.28 840.23   Z   M 319.25 846.02   L 319.25 888.98   A 0.56 0.56 0.0 0 0 319.81 889.54   L 326.79 889.54   A 18.71 18.20 90.0 0 0 344.99 870.83   L 344.99 864.17   A 18.71 18.20 -90.0 0 0 326.79 845.46   L 319.81 845.46   A 0.56 0.56 0.0 0 0 319.25 846.02   Z"/>
<rect fill="#333333" x="385.50" y="839.72" width="7.02" height="55.50" rx="0.46"/>
<path fill="#333333" d="   M 593.52 887.74   Q 593.86 887.74 593.99 887.29   Q 600.79 863.70 607.89 839.96   A 0.31 0.31 0.0 0 1 608.19 839.73   L 615.07 839.73   A 0.18 0.18 0.0 0 1 615.24 839.97   L 597.87 894.60   A 0.89 0.89 0.0 0 1 597.18 895.21   Q 596.89 895.27 593.53 895.27   Q 590.17 895.27 589.87 895.21   A 0.89 0.89 0.0 0 1 589.19 894.61   L 571.72 840.01   A 0.18 0.18 0.0 0 1 571.89 839.77   L 578.77 839.76   A 0.31 0.31 0.0 0 1 579.07 839.98   Q 586.21 863.71 593.05 887.29   Q 593.18 887.74 593.52 887.74   Z"/>
<rect fill="#333333" x="644.01" y="839.71" width="6.98" height="55.52" rx="0.33"/>
<path fill="#333333" d="   M 687.50 840.20   A 0.45 0.45 0.0 0 1 687.95 839.75   L 703.16 839.75   A 24.36 24.30 -90.0 0 1 727.46 864.11   L 727.46 870.93   A 24.36 24.30 90.0 0 1 703.16 895.29   L 687.95 895.29   A 0.45 0.45 0.0 0 1 687.50 894.84   L 687.50 840.20   Z   M 694.51 846.01   L 694.51 889.03   A 0.54 0.54 0.0 0 0 695.05 889.57   L 702.06 889.57   A 18.84 18.11 90.0 0 0 720.17 870.73   L 720.17 864.31   A 18.84 18.11 -90.0 0 0 702.06 845.47   L 695.05 845.47   A 0.54 0.54 0.0 0 0 694.51 846.01   Z"/>
<path fill="#333333" d="   M 768.20 863.23   L 788.32 863.23   A 0.44 0.44 0.0 0 1 788.76 863.67   L 788.76 868.83   A 0.44 0.44 0.0 0 1 788.32 869.27   L 768.21 869.27   A 0.44 0.44 0.0 0 0 767.77 869.71   L 767.77 888.79   A 0.44 0.44 0.0 0 0 768.21 889.23   L 793.09 889.23   A 0.44 0.44 0.0 0 1 793.53 889.67   L 793.53 894.83   A 0.44 0.44 0.0 0 1 793.09 895.27   L 761.18 895.27   A 0.44 0.44 0.0 0 1 760.74 894.83   L 760.74 840.19   A 0.44 0.44 0.0 0 1 761.18 839.75   L 792.34 839.75   A 0.44 0.44 0.0 0 1 792.78 840.19   L 792.78 845.31   A 0.44 0.44 0.0 0 1 792.34 845.75   L 768.20 845.75   A 0.44 0.44 0.0 0 0 767.76 846.19   L 767.76 862.79   A 0.44 0.44 0.0 0 0 768.20 863.23   Z"/>








                        </g>
                    </svg>