<svg data-content-extracted="true" xmlns="http://www.w3.org/2000/svg" 
                      viewBox="-92.8 -92.8 1117.67 1117.29" 
                      width="1117.67" 
                      height="1117.29"
                      preserveAspectRatio="none"
                      data-content-extracted="true"
                      data-overflow="horizontal:4,vertical:4"
                      data-original-bounds="-90.8,-90.8,901.7,901.7">
                        <g transform="translate(92.8, 92.8)">
                          
<g stroke-width="1117.67" fill="none" stroke-linecap="butt">
<path vector-effect="non-scaling-stroke" d="   M 804.68 127.77   Q 802.45 122.55 799.15 117.30   C 773.74 76.81 717.95 68.28 680.90 98.11   C 662.88 112.62 653.78 132.93 643.30 154.21   A 0.60 0.60 0.0 0 1 642.41 154.43   Q 614.76 134.31 582.36 122.46   A 0.43 0.43 0.0 0 1 582.15 121.82   Q 588.16 112.72 592.00 106.02   Q 597.67 96.14 617.79 60.30   C 625.18 47.15 636.60 18.83 618.51 8.49   Q 612.69 5.17 603.00 6.04   Q 591.21 7.10 580.23 14.35   Q 559.65 27.92 553.04 51.34   C 549.85 62.62 550.10 74.34 552.33 85.67   Q 555.25 100.54 556.95 114.73   A 0.78 0.77 2.4 0 1 556.02 115.58   Q 513.90 106.85 470.74 115.63   A 0.43 0.43 0.0 0 1 470.23 115.23   Q 470.00 108.86 471.10 102.06   Q 472.81 91.45 474.57 80.87   C 476.24 70.88 476.73 63.02 474.39 54.17   Q 466.51 24.36 439.23 10.54   Q 427.29 4.49 414.59 6.24   C 404.82 7.58 398.66 14.61 397.91 24.57   C 397.16 34.49 400.76 45.67 405.01 54.24   C 410.66 65.63 418.41 77.50 424.27 88.47   Q 429.52 98.29 439.13 114.63   Q 441.04 117.88 443.81 121.77   A 0.52 0.52 0.0 0 1 443.55 122.56   Q 410.60 133.68 383.52 154.31   A 0.61 0.61 0.0 0 1 382.60 154.10   C 373.21 135.31 366.47 119.87 353.79 106.40   Q 328.12 79.11 290.60 80.43   C 261.05 81.47 235.11 99.01 222.27 125.28   Q 221.54 126.76 221.25 127.59   A 0.24 0.24 0.0 0 0 221.65 127.83   C 230.56 117.78 240.76 107.20 255.46 108.06   A 0.36 0.36 0.0 0 1 255.79 108.53   Q 247.14 134.64 257.88 159.88   C 270.76 190.13 302.29 201.68 331.88 208.17   A 0.41 0.40 -67.5 0 1 332.13 208.79   Q 301.59 255.93 297.10 311.97   A 1.05 1.03 -14.1 0 1 296.61 312.77   C 266.94 331.33 248.45 361.64 243.18 396.20   C 238.22 428.64 246.37 463.34 262.36 492.36   A 0.48 0.47 68.2 0 1 262.07 493.05   C 255.53 494.68 248.44 501.18 248.98 508.30   A 3.09 2.80 0.9 0 0 251.76 510.90   C 255.97 511.28 256.42 506.25 257.93 503.96   Q 260.19 500.51 263.65 499.33   A 0.33 0.33 0.0 0 1 264.05 499.79   Q 259.73 508.25 262.22 516.97   Q 262.99 519.66 264.68 521.07   A 2.28 2.02 -50.7 0 0 267.73 520.58   C 270.34 517.28 270.18 511.54 270.26 506.55   A 0.22 0.22 0.0 0 1 270.63 506.39   L 278.02 513.68   A 1.98 1.35 15.8 0 1 278.23 513.93   Q 279.42 515.60 280.98 517.43   A 1.99 1.78 43.9 0 0 283.91 517.54   C 287.17 513.27 281.08 503.19 278.41 499.38   A 0.37 0.37 0.0 0 1 278.73 498.80   Q 284.99 499.07 287.09 500.12   Q 293.11 503.15 294.32 503.67   C 298.74 505.57 300.15 500.96 298.44 497.85   Q 291.41 485.05 276.49 485.01   Q 274.05 485.00 271.82 486.15   A 0.44 0.44 0.0 0 1 271.18 485.83   C 263.72 443.91 267.14 400.76 299.43 369.52   A 0.43 0.42 62.7 0 1 300.14 369.75   C 312.59 435.37 354.41 492.13 414.03 522.42   A 1.20 1.20 0.0 0 1 414.68 523.32   Q 417.32 542.07 425.40 564.86   C 427.08 569.63 426.52 575.32 423.08 579.77   C 416.27 588.60 406.86 588.54 396.63 589.38   Q 383.70 590.44 373.07 595.31   C 364.39 599.29 357.96 608.07 353.89 616.46   A 0.44 0.44 0.0 0 0 354.28 617.09   Q 428.10 617.07 438.26 617.10   Q 453.73 617.16 459.65 603.95   C 460.51 602.04 461.37 598.63 461.37 597.00   Q 461.44 569.31 465.16 542.07   A 0.27 0.26 10.1 0 1 465.48 541.85   C 472.21 543.26 479.08 544.59 485.94 545.27   Q 523.43 548.94 560.15 541.84   A 0.56 0.56 0.0 0 1 560.81 542.31   Q 564.09 565.89 564.38 587.78   Q 564.53 599.32 565.96 603.16   Q 569.03 611.41 577.38 615.37   C 580.54 616.86 583.52 617.09 587.25 617.09   Q 651.51 617.09 671.91 617.08   A 0.28 0.28 0.0 0 0 672.15 616.67   C 666.80 607.00 661.14 598.52 650.59 594.28   C 643.55 591.46 636.84 590.13 628.24 589.27   C 623.81 588.83 618.77 588.87 614.63 587.55   Q 606.65 585.01 601.79 578.00   C 597.92 572.44 600.33 564.88 602.59 559.14   C 607.10 547.73 609.50 535.60 611.34 523.34   A 1.11 1.10 80.6 0 1 611.93 522.51   C 629.93 513.08 646.77 501.18 662.05 486.55   Q 712.42 438.29 725.96 369.54   A 0.33 0.32 -61.8 0 1 726.51 369.37   Q 748.46 391.77 754.61 422.89   C 758.71 443.61 758.05 465.12 754.77 485.95   A 0.46 0.45 -75.6 0 1 754.17 486.31   C 744.65 482.95 733.76 488.01 728.60 495.86   Q 726.94 498.37 726.87 500.91   A 3.16 2.74 -81.2 0 0 728.77 503.93   C 730.92 504.63 735.39 501.75 738.51 500.14   Q 741.09 498.81 747.24 498.81   A 0.40 0.40 0.0 0 1 747.56 499.45   C 745.26 502.54 738.68 512.95 742.14 516.85   Q 743.81 518.74 745.26 516.90   Q 749.78 511.14 755.15 506.29   A 0.27 0.27 0.0 0 1 755.60 506.47   C 755.78 509.87 755.30 522.43 760.96 521.27   C 762.76 520.91 763.85 518.06 764.27 516.45   Q 766.23 509.09 761.96 500.75   A 0.36 0.36 0.0 0 1 762.43 500.26   C 766.77 502.25 768.37 505.24 770.24 509.85   A 1.85 1.80 9.8 0 0 770.77 510.58   Q 772.56 512.11 774.18 511.91   A 3.11 2.91 0.5 0 0 776.84 509.47   Q 777.22 507.18 776.70 505.52   Q 773.72 495.95 763.99 493.97   A 0.48 0.48 0.0 0 1 763.67 493.27   Q 773.47 475.38 779.20 454.24   Q 788.92 418.36 779.70 382.88   Q 768.52 339.81 730.36 314.58   A 0.90 0.89 12.6 0 1 729.97 313.97   Q 729.94 313.76 728.68 303.51   Q 722.43 253.04 694.82 210.92   A 0.51 0.51 0.0 0 1 695.12 210.14   C 722.51 203.40 753.06 193.63 766.51 165.79   C 775.00 148.23 776.96 129.41 771.26 111.02   A 1.10 1.10 0.0 0 1 772.25 109.59   Q 784.27 108.96 793.12 116.67   Q 798.85 121.67 804.36 127.98   A 0.20 0.19 -77.7 0 0 804.68 127.77"/>
<path vector-effect="non-scaling-stroke" d="   M 93.61 798.43   C 99.43 798.43 103.55 795.29 106.28 790.51   Q 141.18 729.31 155.41 704.39   A 0.20 0.20 0.0 0 1 155.79 704.49   L 155.79 795.66   A 0.59 0.59 0.0 0 0 156.38 796.25   L 183.75 796.25   A 0.39 0.39 0.0 0 0 184.14 795.86   Q 184.13 759.76 184.10 653.51   C 184.10 644.95 177.89 638.45 169.40 638.62   Q 164.66 638.71 161.09 641.60   Q 159.11 643.20 155.91 648.75   Q 122.79 706.27 93.84 756.56   Q 93.77 756.68 93.60 756.68   Q 93.44 756.68 93.37 756.56   Q 64.40 706.28 31.26 648.77   Q 28.05 643.23 26.07 641.63   Q 22.50 638.74 17.76 638.65   C 9.27 638.48 3.06 644.99 3.07 653.55   Q 3.08 759.80 3.08 795.90   A 0.39 0.39 0.0 0 0 3.47 796.28   L 30.84 796.27   A 0.59 0.59 0.0 0 0 31.43 795.68   L 31.40 704.51   A 0.20 0.20 0.0 0 1 31.78 704.41   Q 46.02 729.33 80.95 790.52   C 83.67 795.29 87.79 798.43 93.61 798.43"/>
<path vector-effect="non-scaling-stroke" d="   M 642.53 706.81   A 0.44 0.44 0.0 0 0 642.97 707.25   L 678.80 707.25   A 0.44 0.44 0.0 0 1 679.24 707.69   L 679.24 795.83   A 0.44 0.44 0.0 0 0 679.68 796.27   L 707.31 796.27   A 0.44 0.44 0.0 0 0 707.75 795.83   L 707.75 707.71   A 0.44 0.44 0.0 0 1 708.19 707.27   L 756.58 707.27   A 0.44 0.44 0.0 0 0 757.02 706.83   L 757.02 679.44   A 0.44 0.44 0.0 0 0 756.58 679.00   L 708.20 679.00   A 0.44 0.44 0.0 0 1 707.76 678.56   L 707.76 641.19   A 0.44 0.44 0.0 0 0 707.32 640.75   L 679.68 640.75   A 0.44 0.44 0.0 0 0 679.24 641.19   L 679.24 678.56   A 0.44 0.44 0.0 0 1 678.80 679.00   L 642.97 679.00   A 0.44 0.44 0.0 0 0 642.53 679.44   L 642.53 706.81"/>
<path vector-effect="non-scaling-stroke" d="   M 340.5353 717.4533   A 38.31 38.31 0.0 0 0 302.2922 679.0765   L 249.0723 678.9836   A 38.31 38.31 0.0 0 0 210.6955 717.2267   L 210.6247 757.8067   A 38.31 38.31 0.0 0 0 248.8678 796.1835   L 302.0877 796.2764   A 38.31 38.31 0.0 0 0 340.4645 758.0333   L 340.5353 717.4533"/>
<path vector-effect="non-scaling-stroke" d="   M 466.58 796.26   L 494.06 796.26   A 0.40 0.40 0.0 0 0 494.46 795.86   Q 494.66 760.33 494.40 730.01   C 494.18 705.11 479.16 686.56 455.16 680.54   Q 448.25 678.81 433.71 678.95   Q 419.23 679.09 384.60 678.97   C 375.47 678.93 370.27 679.27 365.90 686.62   Q 364.31 689.29 364.52 701.15   Q 364.58 704.14 364.54 795.74   A 0.54 0.53 -90.0 0 0 365.07 796.28   L 392.22 796.28   A 0.58 0.58 0.0 0 0 392.80 795.70   L 392.80 707.87   A 0.58 0.57 90.0 0 1 393.37 707.29   Q 435.03 707.18 443.16 707.39   Q 457.29 707.75 463.74 719.98   C 465.72 723.72 466.26 728.50 466.27 732.75   Q 466.31 760.97 466.27 795.95   A 0.31 0.31 0.0 0 0 466.58 796.26"/>
<path vector-effect="non-scaling-stroke" d="   M 617.90 679.01   Q 617.60 679.02 557.79 678.97   Q 543.80 678.96 538.52 680.65   C 522.44 685.83 513.28 700.15 515.56 716.78   C 517.86 733.59 531.00 744.99 548.01 745.19   Q 556.08 745.28 592.74 745.28   Q 596.77 745.28 599.35 746.68   C 604.17 749.30 605.09 756.08 603.81 760.88   C 602.37 766.33 597.15 768.00 592.01 768.00   Q 559.02 767.99 517.26 768.00   A 0.68 0.67 -90.0 0 0 516.59 768.68   L 516.59 795.76   A 0.49 0.49 0.0 0 0 517.08 796.25   Q 551.92 796.35 592.74 796.20   C 606.91 796.15 621.06 789.27 627.71 776.82   C 635.54 762.13 633.55 744.01 623.44 730.80   C 615.84 720.88 603.84 716.98 591.75 717.24   Q 591.63 717.24 549.01 717.22   Q 548.57 717.22 545.70 716.80   A 1.46 1.44 -12.9 0 1 544.70 716.18   Q 543.20 714.04 543.46 711.16   C 543.79 707.34 547.92 707.27 550.75 707.27   Q 588.50 707.25 618.21 707.28   A 0.40 0.40 0.0 0 0 618.61 706.88   L 618.60 679.68   A 0.67 0.66 88.4 0 0 617.90 679.01"/>
<path vector-effect="non-scaling-stroke" d="   M 861.69 769.23   Q 844.35 769.19 811.25 769.28   Q 804.79 769.29 801.39 764.33   C 799.74 761.91 799.45 758.60 799.50 755.75   Q 799.59 750.95 799.47 723.70   Q 799.43 714.19 800.99 711.46   Q 804.27 705.77 812.73 705.76   Q 856.13 705.69 862.97 705.87   C 871.48 706.09 876.33 713.84 873.82 721.63   C 871.66 728.33 866.54 730.00 860.00 730.00   Q 832.31 730.01 811.92 729.99   A 0.41 0.41 0.0 0 0 811.51 730.40   L 811.51 756.35   A 0.43 0.43 0.0 0 0 811.94 756.78   Q 839.51 756.68 851.79 756.79   C 868.11 756.94 877.85 756.77 889.01 746.51   C 897.64 738.58 901.70 726.58 901.17 715.24   C 900.14 693.44 883.01 679.17 861.75 679.04   Q 848.72 678.95 810.99 679.03   C 796.07 679.05 783.01 686.91 776.81 700.46   Q 772.86 709.10 772.77 717.26   Q 772.63 729.99 772.69 757.76   C 772.74 777.50 785.49 791.99 804.65 795.62   Q 808.54 796.36 824.41 796.32   Q 840.66 796.27 861.99 796.22   A 0.43 0.42 -90.0 0 0 862.41 795.79   L 862.41 769.95   A 0.72 0.72 0.0 0 0 861.69 769.23"/>
<path vector-effect="non-scaling-stroke" d="   M 1022.87 706.87   L 1022.87 679.64   A 0.64 0.64 0.0 0 0 1022.23 679.00   Q 968.89 679.02 967.16 678.99   C 956.19 678.78 946.53 679.78 938.44 684.50   Q 925.25 692.18 921.14 706.36   Q 919.46 712.15 919.51 728.69   Q 919.67 777.49 919.57 795.72   A 0.54 0.54 0.0 0 0 920.11 796.26   L 947.11 796.26   A 0.63 0.63 0.0 0 0 947.74 795.63   Q 947.80 726.35 947.71 719.45   C 947.53 706.65 956.29 707.21 967.01 707.23   Q 1020.33 707.32 1022.49 707.26   A 0.39 0.39 0.0 0 0 1022.87 706.87"/>
<path vector-effect="non-scaling-stroke" d="   M 421.82 869.60   C 421.85 883.91 429.19 898.33 445.61 898.29   C 462.02 898.25 469.29 883.80 469.26 869.48   C 469.23 855.17 461.88 840.75 445.47 840.79   C 429.05 840.83 421.78 855.28 421.82 869.60"/>
<path vector-effect="non-scaling-stroke" d="   M 538.22 867.25   A 0.39 0.38 -82.0 0 0 537.85 867.53   Q 535.68 875.82 530.64 883.17   A 0.66 0.66 0.0 0 1 529.68 883.31   Q 522.10 877.15 516.40 868.71   A 0.61 0.60 -35.6 0 1 516.54 867.88   C 522.99 863.10 530.27 857.77 528.23 848.75   Q 527.01 843.35 522.17 841.59   C 513.92 838.59 505.31 844.06 504.99 853.04   Q 504.74 859.87 508.26 866.26   A 0.79 0.78 58.7 0 1 508.01 867.30   C 501.27 871.74 496.33 877.56 497.93 886.10   C 499.69 895.52 508.77 899.25 517.65 898.09   Q 524.60 897.18 529.97 892.30   A 0.73 0.72 41.5 0 1 530.88 892.25   Q 536.29 896.05 542.52 898.15   A 0.83 0.82 -72.2 0 0 543.56 897.61   L 544.91 893.36   A 0.83 0.83 0.0 0 0 544.39 892.32   Q 539.83 890.77 535.04 887.51   A 0.41 0.41 0.0 0 1 534.94 886.93   Q 541.30 878.13 544.30 867.52   A 0.21 0.21 0.0 0 0 544.10 867.25   L 538.22 867.25"/>
<path vector-effect="non-scaling-stroke" d="   M 819.34 869.56   C 819.36 883.88 826.68 898.31 843.10 898.28   C 859.52 898.26 866.81 883.82 866.79 869.50   C 866.77 855.18 859.45 840.76 843.03 840.78   C 826.61 840.80 819.32 855.25 819.34 869.56"/>
<path vector-effect="non-scaling-stroke" d="   M 181.89 880.49   Q 191.39 880.50 191.50 880.52   A 0.95 0.94 85.3 0 1 192.26 881.17   L 197.13 897.04   A 0.36 0.36 0.0 0 0 197.47 897.29   L 204.37 897.29   A 0.17 0.16 -8.9 0 0 204.53 897.08   L 186.13 842.42   A 0.87 0.87 0.0 0 0 185.36 841.83   Q 183.67 841.74 181.95 841.73   Q 180.22 841.73 178.53 841.82   A 0.87 0.87 0.0 0 0 177.76 842.41   L 159.20 897.02   A 0.17 0.16 9.0 0 0 159.36 897.23   L 166.26 897.25   A 0.36 0.36 0.0 0 0 166.60 897.00   L 171.52 881.14   A 0.95 0.94 -85.2 0 1 172.28 880.49   Q 172.39 880.48 181.89 880.49"/>
<path vector-effect="non-scaling-stroke" d="   M 252.28 898.28   C 265.87 898.25 271.97 888.95 272.05 876.23   Q 272.12 864.77 272.01 842.11   A 0.41 0.41 0.0 0 0 271.60 841.70   L 265.57 841.70   A 0.43 0.43 0.0 0 0 265.14 842.14   Q 265.21 872.41 265.22 873.00   C 265.34 881.98 263.54 892.15 252.26 892.18   C 240.99 892.21 239.14 882.04 239.22 873.06   Q 239.22 872.47 239.16 842.20   A 0.43 0.43 0.0 0 0 238.73 841.76   L 232.70 841.79   A 0.41 0.41 0.0 0 0 232.29 842.20   Q 232.28 864.86 232.40 876.32   C 232.54 889.04 238.68 898.31 252.28 898.28"/>
<path vector-effect="non-scaling-stroke" d="   M 308.28 842.23   L 308.18 896.73   A 0.57 0.57 0.0 0 0 308.75 897.31   L 323.90 897.33   A 24.75 24.46 -89.9 0 0 348.40 872.63   L 348.42 866.49   A 24.75 24.46 -89.9 0 0 324.00 841.69   L 308.85 841.67   A 0.57 0.57 0.0 0 0 308.28 842.23"/>
<path vector-effect="non-scaling-stroke" d="   M 388.52 842.17   A 0.43 0.43 0.0 0 0 388.09 841.74   L 381.93 841.74   A 0.43 0.43 0.0 0 0 381.50 842.17   L 381.50 896.81   A 0.43 0.43 0.0 0 0 381.93 897.24   L 388.09 897.24   A 0.43 0.43 0.0 0 0 388.52 896.81   L 388.52 842.17"/>
<path vector-effect="non-scaling-stroke" d="   M 589.53 897.27   Q 592.95 897.26 593.19 897.22   A 0.88 0.88 0.0 0 0 593.87 896.62   L 611.24 841.95   A 0.17 0.17 0.0 0 0 611.08 841.73   L 604.20 841.73   A 0.32 0.32 0.0 0 0 603.89 841.96   Q 597.19 864.21 590.85 886.40   Q 589.85 889.88 589.52 889.88   Q 589.19 889.88 588.19 886.40   Q 581.81 864.22 575.07 841.99   A 0.32 0.32 0.0 0 0 574.75 841.76   L 567.87 841.77   A 0.17 0.17 0.0 0 0 567.72 841.99   L 585.19 896.63   A 0.88 0.88 0.0 0 0 585.87 897.22   Q 586.11 897.27 589.53 897.27"/>
<path vector-effect="non-scaling-stroke" d="   M 647.00 842.08   A 0.35 0.35 0.0 0 0 646.65 841.73   L 640.35 841.73   A 0.35 0.35 0.0 0 0 640.00 842.08   L 640.00 896.92   A 0.35 0.35 0.0 0 0 640.35 897.27   L 646.65 897.27   A 0.35 0.35 0.0 0 0 647.00 896.92   L 647.00 842.08"/>
<path vector-effect="non-scaling-stroke" d="   M 683.49 842.19   L 683.49 896.85   A 0.44 0.44 0.0 0 0 683.93 897.29   L 699.15 897.29   A 24.38 24.32 90.0 0 0 723.47 872.91   L 723.47 866.13   A 24.38 24.32 -90.0 0 0 699.15 841.75   L 683.93 841.75   A 0.44 0.44 0.0 0 0 683.49 842.19"/>
<path vector-effect="non-scaling-stroke" d="   M 764.25 865.24   A 0.49 0.49 0.0 0 1 763.76 864.75   L 763.76 848.25   A 0.49 0.49 0.0 0 1 764.25 847.76   L 788.31 847.76   A 0.49 0.49 0.0 0 0 788.80 847.27   L 788.80 842.24   A 0.49 0.49 0.0 0 0 788.31 841.75   L 757.24 841.75   A 0.49 0.49 0.0 0 0 756.75 842.24   L 756.75 896.78   A 0.49 0.49 0.0 0 0 757.24 897.27   L 789.03 897.27   A 0.49 0.49 0.0 0 0 789.52 896.78   L 789.52 891.73   A 0.49 0.49 0.0 0 0 789.03 891.24   L 764.25 891.24   A 0.49 0.49 0.0 0 1 763.76 890.75   L 763.76 871.74   A 0.49 0.49 0.0 0 1 764.25 871.25   L 784.29 871.25   A 0.49 0.49 0.0 0 0 784.78 870.76   L 784.78 865.73   A 0.49 0.49 0.0 0 0 784.29 865.24   L 764.25 865.24"/>
<path vector-effect="non-scaling-stroke" d="   M 450.6534 188.3503   A 50.58 48.65 -90.2 0 0 402.1803 239.0998   A 50.58 48.65 -90.2 0 0 451.0066 289.5097   A 50.58 48.65 -90.2 0 0 499.4797 238.7602   A 50.58 48.65 -90.2 0 0 450.6534 188.3503"/>
<path vector-effect="non-scaling-stroke" d="   M 574.3339 188.3849   A 50.57 48.66 -90.8 0 0 526.3847 239.6294   A 50.57 48.66 -90.8 0 0 575.7461 289.5151   A 50.57 48.66 -90.8 0 0 623.6953 238.2706   A 50.57 48.66 -90.8 0 0 574.3339 188.3849"/>
<path vector-effect="non-scaling-stroke" d="   M 626.54 318.41   Q 616.16 329.43 602.35 337.84   Q 586.06 347.77 566.34 353.31   Q 521.72 365.83 474.55 358.37   C 443.02 353.38 413.28 341.13 390.62 318.21   A 0.19 0.18 -81.7 0 0 390.33 318.43   C 398.90 334.66 414.29 347.51 430.22 356.10   A 0.62 0.62 0.0 0 1 430.44 357.01   C 426.80 362.11 418.39 375.42 420.31 380.27   Q 424.38 390.60 434.83 394.48   C 442.43 397.30 448.79 398.27 456.44 395.22   C 462.92 392.63 465.81 376.26 467.03 370.25   A 0.57 0.56 11.9 0 1 467.71 369.81   Q 486.79 374.39 505.90 374.48   A 0.39 0.39 0.0 0 1 506.28 374.94   C 505.29 380.28 502.53 392.75 506.25 396.51   C 519.66 410.06 553.32 411.74 564.36 394.11   C 567.98 388.34 558.93 374.57 555.33 369.41   A 0.36 0.36 0.0 0 1 555.52 368.86   L 571.57 363.46   A 0.80 0.79 -20.4 0 1 572.56 363.91   Q 576.03 372.22 581.18 380.03   C 585.03 385.87 589.46 388.63 596.26 387.48   Q 611.19 384.95 619.09 372.42   C 621.58 368.47 623.00 363.85 620.65 360.08   Q 614.82 350.74 605.32 344.41   A 0.61 0.60 43.0 0 1 605.28 343.43   C 613.82 336.76 621.23 328.32 626.83 318.62   A 0.18 0.18 0.0 0 0 626.54 318.41"/>
<path vector-effect="non-scaling-stroke" d="   M 471.59 236.49   C 464.74 245.37 452.76 235.05 461.80 226.78   A 0.32 0.31 -55.8 0 0 461.70 226.25   C 451.43 222.48 441.43 225.86 436.55 235.57   C 431.92 244.78 436.86 255.71 445.89 260.55   C 461.34 268.83 479.47 252.81 472.18 236.56   A 0.35 0.35 0.0 0 0 471.59 236.49"/>
<path vector-effect="non-scaling-stroke" d="   M 578.04 226.16   Q 569.08 222.94 561.70 226.75   C 551.66 231.94 548.10 244.42 554.44 253.84   C 562.74 266.18 580.58 265.56 588.01 252.79   Q 592.06 245.84 588.99 236.85   A 0.45 0.45 0.0 0 0 588.23 236.69   C 581.82 243.72 571.20 237.58 576.62 228.76   C 577.15 227.90 578.00 227.43 578.31 226.91   A 0.52 0.52 0.0 0 0 578.04 226.16"/>
<path vector-effect="non-scaling-stroke" d="   M 452.4563 244.1899   A 4.82 4.60 -45.2 0 0 445.7960 244.3687   A 4.82 4.60 -45.2 0 0 445.6637 251.0301   A 4.82 4.60 -45.2 0 0 452.3240 250.8513   A 4.82 4.60 -45.2 0 0 452.4563 244.1899"/>
<path vector-effect="non-scaling-stroke" d="   M 571.24 247.49   A 4.79 4.79 0.0 0 0 566.45 242.70   A 4.79 4.79 0.0 0 0 561.66 247.49   A 4.79 4.79 0.0 0 0 566.45 252.28   A 4.79 4.79 0.0 0 0 571.24 247.49"/>
<path vector-effect="non-scaling-stroke" d="   M 312.39 717.38   A 10.11 10.11 0.0 0 0 302.28 707.27   L 248.96 707.27   A 10.11 10.11 0.0 0 0 238.85 717.38   L 238.85 757.86   A 10.11 10.11 0.0 0 0 248.96 767.97   L 302.28 767.97   A 10.11 10.11 0.0 0 0 312.39 757.86   L 312.39 717.38"/>
<path vector-effect="non-scaling-stroke" d="   M 429.16 869.54   C 429.15 879.51 433.26 892.10 445.51 892.11   C 457.75 892.12 461.89 879.54 461.90 869.57   C 461.91 859.60 457.80 847.00 445.55 846.99   C 433.30 846.98 429.17 859.56 429.16 869.54"/>
<path vector-effect="non-scaling-stroke" d="   M 513.34 863.36   Q 513.36 863.36 513.45 863.32   Q 519.04 860.47 521.87 855.79   C 523.73 852.70 523.32 847.45 519.14 846.05   C 514.95 844.64 511.46 848.59 511.09 852.18   Q 510.53 857.62 513.28 863.26   Q 513.33 863.35 513.34 863.36"/>
<path vector-effect="non-scaling-stroke" d="   M 525.27 887.83   Q 517.27 880.56 511.65 872.44   A 0.59 0.58 -36.0 0 0 510.80 872.31   C 504.90 876.97 501.47 883.88 507.41 889.79   C 512.19 894.55 520.54 893.00 525.27 888.72   A 0.60 0.60 0.0 0 0 525.27 887.83"/>
<path vector-effect="non-scaling-stroke" d="   M 826.66 869.53   C 826.66 879.51 830.77 892.10 843.02 892.11   C 855.27 892.12 859.41 879.53 859.41 869.56   C 859.42 859.58 855.30 846.99 843.06 846.98   C 830.81 846.97 826.67 859.56 826.66 869.53"/>
<path vector-effect="non-scaling-stroke" d="   M 181.80 874.75   Q 188.98 874.75 189.76 874.70   A 0.29 0.29 0.0 0 0 190.02 874.33   L 182.03 847.91   L 182.02 847.90   Q 181.85 847.81 181.79 847.81   Q 181.73 847.81 181.56 847.90   L 181.55 847.91   L 173.58 874.34   A 0.29 0.29 0.0 0 0 173.85 874.71   Q 174.62 874.76 181.80 874.75"/>
<path vector-effect="non-scaling-stroke" d="   M 315.26 848.03   L 315.26 890.99   A 0.55 0.55 0.0 0 0 315.81 891.54   L 322.80 891.54   A 18.65 18.16 90.0 0 0 340.96 872.89   L 340.96 866.13   A 18.65 18.16 -90.0 0 0 322.80 847.48   L 315.81 847.48   A 0.55 0.55 0.0 0 0 315.26 848.03"/>
<path vector-effect="non-scaling-stroke" d="   M 690.55 848.01   L 690.47 891.01   A 0.54 0.54 0.0 0 0 691.01 891.55   L 697.92 891.56   A 18.70 18.19 -89.9 0 0 716.14 872.89   L 716.16 866.21   A 18.70 18.19 -89.9 0 0 698.00 847.48   L 691.09 847.47   A 0.54 0.54 0.0 0 0 690.55 848.01"/>
</g>

<path fill="#333333" d="   M 804.68 127.77   A 0.20 0.19 -77.7 0 1 804.36 127.98   Q 798.85 121.67 793.12 116.67   Q 784.27 108.96 772.25 109.59   A 1.10 1.10 0.0 0 0 771.26 111.02   C 776.96 129.41 775.00 148.23 766.51 165.79   C 753.06 193.63 722.51 203.40 695.12 210.14   A 0.51 0.51 0.0 0 0 694.82 210.92   Q 722.43 253.04 728.68 303.51   Q 729.94 313.76 729.97 313.97   A 0.90 0.89 12.6 0 0 730.36 314.58   Q 768.52 339.81 779.70 382.88   Q 788.92 418.36 779.20 454.24   Q 773.47 475.38 763.67 493.27   A 0.48 0.48 0.0 0 0 763.99 493.97   Q 773.72 495.95 776.70 505.52   Q 777.22 507.18 776.84 509.47   A 3.11 2.91 0.5 0 1 774.18 511.91   Q 772.56 512.11 770.77 510.58   A 1.85 1.80 9.8 0 1 770.24 509.85   C 768.37 505.24 766.77 502.25 762.43 500.26   A 0.36 0.36 0.0 0 0 761.96 500.75   Q 766.23 509.09 764.27 516.45   C 763.85 518.06 762.76 520.91 760.96 521.27   C 755.30 522.43 755.78 509.87 755.60 506.47   A 0.27 0.27 0.0 0 0 755.15 506.29   Q 749.78 511.14 745.26 516.90   Q 743.81 518.74 742.14 516.85   C 738.68 512.95 745.26 502.54 747.56 499.45   A 0.40 0.40 0.0 0 0 747.24 498.81   Q 741.09 498.81 738.51 500.14   C 735.39 501.75 730.92 504.63 728.77 503.93   A 3.16 2.74 -81.2 0 1 726.87 500.91   Q 726.94 498.37 728.60 495.86   C 733.76 488.01 744.65 482.95 754.17 486.31   A 0.46 0.45 -75.6 0 0 754.77 485.95   C 758.05 465.12 758.71 443.61 754.61 422.89   Q 748.46 391.77 726.51 369.37   A 0.33 0.32 -61.8 0 0 725.96 369.54   Q 712.42 438.29 662.05 486.55   C 646.77 501.18 629.93 513.08 611.93 522.51   A 1.11 1.10 80.6 0 0 611.34 523.34   C 609.50 535.60 607.10 547.73 602.59 559.14   C 600.33 564.88 597.92 572.44 601.79 578.00   Q 606.65 585.01 614.63 587.55   C 618.77 588.87 623.81 588.83 628.24 589.27   C 636.84 590.13 643.55 591.46 650.59 594.28   C 661.14 598.52 666.80 607.00 672.15 616.67   A 0.28 0.28 0.0 0 1 671.91 617.08   Q 651.51 617.09 587.25 617.09   C 583.52 617.09 580.54 616.86 577.38 615.37   Q 569.03 611.41 565.96 603.16   Q 564.53 599.32 564.38 587.78   Q 564.09 565.89 560.81 542.31   A 0.56 0.56 0.0 0 0 560.15 541.84   Q 523.43 548.94 485.94 545.27   C 479.08 544.59 472.21 543.26 465.48 541.85   A 0.27 0.26 10.1 0 0 465.16 542.07   Q 461.44 569.31 461.37 597.00   C 461.37 598.63 460.51 602.04 459.65 603.95   Q 453.73 617.16 438.26 617.10   Q 428.10 617.07 354.28 617.09   A 0.44 0.44 0.0 0 1 353.89 616.46   C 357.96 608.07 364.39 599.29 373.07 595.31   Q 383.70 590.44 396.63 589.38   C 406.86 588.54 416.27 588.60 423.08 579.77   C 426.52 575.32 427.08 569.63 425.40 564.86   Q 417.32 542.07 414.68 523.32   A 1.20 1.20 0.0 0 0 414.03 522.42   C 354.41 492.13 312.59 435.37 300.14 369.75   A 0.43 0.42 62.7 0 0 299.43 369.52   C 267.14 400.76 263.72 443.91 271.18 485.83   A 0.44 0.44 0.0 0 0 271.82 486.15   Q 274.05 485.00 276.49 485.01   Q 291.41 485.05 298.44 497.85   C 300.15 500.96 298.74 505.57 294.32 503.67   Q 293.11 503.15 287.09 500.12   Q 284.99 499.07 278.73 498.80   A 0.37 0.37 0.0 0 0 278.41 499.38   C 281.08 503.19 287.17 513.27 283.91 517.54   A 1.99 1.78 43.9 0 1 280.98 517.43   Q 279.42 515.60 278.23 513.93   A 1.98 1.35 15.8 0 0 278.02 513.68   L 270.63 506.39   A 0.22 0.22 0.0 0 0 270.26 506.55   C 270.18 511.54 270.34 517.28 267.73 520.58   A 2.28 2.02 -50.7 0 1 264.68 521.07   Q 262.99 519.66 262.22 516.97   Q 259.73 508.25 264.05 499.79   A 0.33 0.33 0.0 0 0 263.65 499.33   Q 260.19 500.51 257.93 503.96   C 256.42 506.25 255.97 511.28 251.76 510.90   A 3.09 2.80 0.9 0 1 248.98 508.30   C 248.44 501.18 255.53 494.68 262.07 493.05   A 0.48 0.47 68.2 0 0 262.36 492.36   C 246.37 463.34 238.22 428.64 243.18 396.20   C 248.45 361.64 266.94 331.33 296.61 312.77   A 1.05 1.03 -14.1 0 0 297.10 311.97   Q 301.59 255.93 332.13 208.79   A 0.41 0.40 -67.5 0 0 331.88 208.17   C 302.29 201.68 270.76 190.13 257.88 159.88   Q 247.14 134.64 255.79 108.53   A 0.36 0.36 0.0 0 0 255.46 108.06   C 240.76 107.20 230.56 117.78 221.65 127.83   A 0.24 0.24 0.0 0 1 221.25 127.59   Q 221.54 126.76 222.27 125.28   C 235.11 99.01 261.05 81.47 290.60 80.43   Q 328.12 79.11 353.79 106.40   C 366.47 119.87 373.21 135.31 382.60 154.10   A 0.61 0.61 0.0 0 0 383.52 154.31   Q 410.60 133.68 443.55 122.56   A 0.52 0.52 0.0 0 0 443.81 121.77   Q 441.04 117.88 439.13 114.63   Q 429.52 98.29 424.27 88.47   C 418.41 77.50 410.66 65.63 405.01 54.24   C 400.76 45.67 397.16 34.49 397.91 24.57   C 398.66 14.61 404.82 7.58 414.59 6.24   Q 427.29 4.49 439.23 10.54   Q 466.51 24.36 474.39 54.17   C 476.73 63.02 476.24 70.88 474.57 80.87   Q 472.81 91.45 471.10 102.06   Q 470.00 108.86 470.23 115.23   A 0.43 0.43 0.0 0 0 470.74 115.63   Q 513.90 106.85 556.02 115.58   A 0.78 0.77 2.4 0 0 556.95 114.73   Q 555.25 100.54 552.33 85.67   C 550.10 74.34 549.85 62.62 553.04 51.34   Q 559.65 27.92 580.23 14.35   Q 591.21 7.10 603.00 6.04   Q 612.69 5.17 618.51 8.49   C 636.60 18.83 625.18 47.15 617.79 60.30   Q 597.67 96.14 592.00 106.02   Q 588.16 112.72 582.15 121.82   A 0.43 0.43 0.0 0 0 582.36 122.46   Q 614.76 134.31 642.41 154.43   A 0.60 0.60 0.0 0 0 643.30 154.21   C 653.78 132.93 662.88 112.62 680.90 98.11   C 717.95 68.28 773.74 76.81 799.15 117.30   Q 802.45 122.55 804.68 127.77   Z   M 450.6534 188.3503   A 50.58 48.65 -90.2 0 0 402.1803 239.0998   A 50.58 48.65 -90.2 0 0 451.0066 289.5097   A 50.58 48.65 -90.2 0 0 499.4797 238.7602   A 50.58 48.65 -90.2 0 0 450.6534 188.3503   Z   M 574.3339 188.3849   A 50.57 48.66 -90.8 0 0 526.3847 239.6294   A 50.57 48.66 -90.8 0 0 575.7461 289.5151   A 50.57 48.66 -90.8 0 0 623.6953 238.2706   A 50.57 48.66 -90.8 0 0 574.3339 188.3849   Z   M 626.54 318.41   Q 616.16 329.43 602.35 337.84   Q 586.06 347.77 566.34 353.31   Q 521.72 365.83 474.55 358.37   C 443.02 353.38 413.28 341.13 390.62 318.21   A 0.19 0.18 -81.7 0 0 390.33 318.43   C 398.90 334.66 414.29 347.51 430.22 356.10   A 0.62 0.62 0.0 0 1 430.44 357.01   C 426.80 362.11 418.39 375.42 420.31 380.27   Q 424.38 390.60 434.83 394.48   C 442.43 397.30 448.79 398.27 456.44 395.22   C 462.92 392.63 465.81 376.26 467.03 370.25   A 0.57 0.56 11.9 0 1 467.71 369.81   Q 486.79 374.39 505.90 374.48   A 0.39 0.39 0.0 0 1 506.28 374.94   C 505.29 380.28 502.53 392.75 506.25 396.51   C 519.66 410.06 553.32 411.74 564.36 394.11   C 567.98 388.34 558.93 374.57 555.33 369.41   A 0.36 0.36 0.0 0 1 555.52 368.86   L 571.57 363.46   A 0.80 0.79 -20.4 0 1 572.56 363.91   Q 576.03 372.22 581.18 380.03   C 585.03 385.87 589.46 388.63 596.26 387.48   Q 611.19 384.95 619.09 372.42   C 621.58 368.47 623.00 363.85 620.65 360.08   Q 614.82 350.74 605.32 344.41   A 0.61 0.60 43.0 0 1 605.28 343.43   C 613.82 336.76 621.23 328.32 626.83 318.62   A 0.18 0.18 0.0 0 0 626.54 318.41   Z"/>


<path fill="#333333" d="   M 471.59 236.49   A 0.35 0.35 0.0 0 1 472.18 236.56   C 479.47 252.81 461.34 268.83 445.89 260.55   C 436.86 255.71 431.92 244.78 436.55 235.57   C 441.43 225.86 451.43 222.48 461.70 226.25   A 0.32 0.31 -55.8 0 1 461.80 226.78   C 452.76 235.05 464.74 245.37 471.59 236.49   Z   M 452.4563 244.1899   A 4.82 4.60 -45.2 0 0 445.7960 244.3687   A 4.82 4.60 -45.2 0 0 445.6637 251.0301   A 4.82 4.60 -45.2 0 0 452.3240 250.8513   A 4.82 4.60 -45.2 0 0 452.4563 244.1899   Z"/>
<path fill="#333333" d="   M 578.31 226.91   C 578.00 227.43 577.15 227.90 576.62 228.76   C 571.20 237.58 581.82 243.72 588.23 236.69   A 0.45 0.45 0.0 0 1 588.99 236.85   Q 592.06 245.84 588.01 252.79   C 580.58 265.56 562.74 266.18 554.44 253.84   C 548.10 244.42 551.66 231.94 561.70 226.75   Q 569.08 222.94 578.04 226.16   A 0.52 0.52 0.0 0 1 578.31 226.91   Z   M 571.24 247.49   A 4.79 4.79 0.0 0 0 566.45 242.70   A 4.79 4.79 0.0 0 0 561.66 247.49   A 4.79 4.79 0.0 0 0 566.45 252.28   A 4.79 4.79 0.0 0 0 571.24 247.49   Z"/>



<path fill="#333333" d="   M 93.60 756.68   Q 93.77 756.68 93.84 756.56   Q 122.79 706.27 155.91 648.75   Q 159.11 643.20 161.09 641.60   Q 164.66 638.71 169.40 638.62   C 177.89 638.45 184.10 644.95 184.10 653.51   Q 184.13 759.76 184.14 795.86   A 0.39 0.39 0.0 0 1 183.75 796.25   L 156.38 796.25   A 0.59 0.59 0.0 0 1 155.79 795.66   L 155.79 704.49   A 0.20 0.20 0.0 0 0 155.41 704.39   Q 141.18 729.31 106.28 790.51   C 103.55 795.29 99.43 798.43 93.61 798.43   C 87.79 798.43 83.67 795.29 80.95 790.52   Q 46.02 729.33 31.78 704.41   A 0.20 0.20 0.0 0 0 31.40 704.51   L 31.43 795.68   A 0.59 0.59 0.0 0 1 30.84 796.27   L 3.47 796.28   A 0.39 0.39 0.0 0 1 3.08 795.90   Q 3.08 759.80 3.07 653.55   C 3.06 644.99 9.27 638.48 17.76 638.65   Q 22.50 638.74 26.07 641.63   Q 28.05 643.23 31.26 648.77   Q 64.40 706.28 93.37 756.56   Q 93.44 756.68 93.60 756.68   Z"/>
<path fill="#333333" d="   M 642.53 706.81   L 642.53 679.44   A 0.44 0.44 0.0 0 1 642.97 679.00   L 678.80 679.00   A 0.44 0.44 0.0 0 0 679.24 678.56   L 679.24 641.19   A 0.44 0.44 0.0 0 1 679.68 640.75   L 707.32 640.75   A 0.44 0.44 0.0 0 1 707.76 641.19   L 707.76 678.56   A 0.44 0.44 0.0 0 0 708.20 679.00   L 756.58 679.00   A 0.44 0.44 0.0 0 1 757.02 679.44   L 757.02 706.83   A 0.44 0.44 0.0 0 1 756.58 707.27   L 708.19 707.27   A 0.44 0.44 0.0 0 0 707.75 707.71   L 707.75 795.83   A 0.44 0.44 0.0 0 1 707.31 796.27   L 679.68 796.27   A 0.44 0.44 0.0 0 1 679.24 795.83   L 679.24 707.69   A 0.44 0.44 0.0 0 0 678.80 707.25   L 642.97 707.25   A 0.44 0.44 0.0 0 1 642.53 706.81   Z"/>
<path fill="#333333" d="   M 340.4645 758.0333   A 38.31 38.31 0.0 0 1 302.0877 796.2764   L 248.8678 796.1835   A 38.31 38.31 0.0 0 1 210.6247 757.8067   L 210.6955 717.2267   A 38.31 38.31 0.0 0 1 249.0723 678.9836   L 302.2922 679.0765   A 38.31 38.31 0.0 0 1 340.5353 717.4533   L 340.4645 758.0333   Z   M 312.39 717.38   A 10.11 10.11 0.0 0 0 302.28 707.27   L 248.96 707.27   A 10.11 10.11 0.0 0 0 238.85 717.38   L 238.85 757.86   A 10.11 10.11 0.0 0 0 248.96 767.97   L 302.28 767.97   A 10.11 10.11 0.0 0 0 312.39 757.86   L 312.39 717.38   Z"/>
<path fill="#333333" d="   M 466.58 796.26   A 0.31 0.31 0.0 0 1 466.27 795.95   Q 466.31 760.97 466.27 732.75   C 466.26 728.50 465.72 723.72 463.74 719.98   Q 457.29 707.75 443.16 707.39   Q 435.03 707.18 393.37 707.29   A 0.58 0.57 -90.0 0 0 392.80 707.87   L 392.80 795.70   A 0.58 0.58 0.0 0 1 392.22 796.28   L 365.07 796.28   A 0.54 0.53 90.0 0 1 364.54 795.74   Q 364.58 704.14 364.52 701.15   Q 364.31 689.29 365.90 686.62   C 370.27 679.27 375.47 678.93 384.60 678.97   Q 419.23 679.09 433.71 678.95   Q 448.25 678.81 455.16 680.54   C 479.16 686.56 494.18 705.11 494.40 730.01   Q 494.66 760.33 494.46 795.86   A 0.40 0.40 0.0 0 1 494.06 796.26   L 466.58 796.26   Z"/>
<path fill="#333333" d="   M 618.60 679.68   L 618.61 706.88   A 0.40 0.40 0.0 0 1 618.21 707.28   Q 588.50 707.25 550.75 707.27   C 547.92 707.27 543.79 707.34 543.46 711.16   Q 543.20 714.04 544.70 716.18   A 1.46 1.44 -12.9 0 0 545.70 716.80   Q 548.57 717.22 549.01 717.22   Q 591.63 717.24 591.75 717.24   C 603.84 716.98 615.84 720.88 623.44 730.80   C 633.55 744.01 635.54 762.13 627.71 776.82   C 621.06 789.27 606.91 796.15 592.74 796.20   Q 551.92 796.35 517.08 796.25   A 0.49 0.49 0.0 0 1 516.59 795.76   L 516.59 768.68   A 0.68 0.67 -90.0 0 1 517.26 768.00   Q 559.02 767.99 592.01 768.00   C 597.15 768.00 602.37 766.33 603.81 760.88   C 605.09 756.08 604.17 749.30 599.35 746.68   Q 596.77 745.28 592.74 745.28   Q 556.08 745.28 548.01 745.19   C 531.00 744.99 517.86 733.59 515.56 716.78   C 513.28 700.15 522.44 685.83 538.52 680.65   Q 543.80 678.96 557.79 678.97   Q 617.60 679.02 617.90 679.01   A 0.67 0.66 88.4 0 1 618.60 679.68   Z"/>
<path fill="#333333" d="   M 862.41 769.95   L 862.41 795.79   A 0.43 0.42 -90.0 0 1 861.99 796.22   Q 840.66 796.27 824.41 796.32   Q 808.54 796.36 804.65 795.62   C 785.49 791.99 772.74 777.50 772.69 757.76   Q 772.63 729.99 772.77 717.26   Q 772.86 709.10 776.81 700.46   C 783.01 686.91 796.07 679.05 810.99 679.03   Q 848.72 678.95 861.75 679.04   C 883.01 679.17 900.14 693.44 901.17 715.24   C 901.70 726.58 897.64 738.58 889.01 746.51   C 877.85 756.77 868.11 756.94 851.79 756.79   Q 839.51 756.68 811.94 756.78   A 0.43 0.43 0.0 0 1 811.51 756.35   L 811.51 730.40   A 0.41 0.41 0.0 0 1 811.92 729.99   Q 832.31 730.01 860.00 730.00   C 866.54 730.00 871.66 728.33 873.82 721.63   C 876.33 713.84 871.48 706.09 862.97 705.87   Q 856.13 705.69 812.73 705.76   Q 804.27 705.77 800.99 711.46   Q 799.43 714.19 799.47 723.70   Q 799.59 750.95 799.50 755.75   C 799.45 758.60 799.74 761.91 801.39 764.33   Q 804.79 769.29 811.25 769.28   Q 844.35 769.19 861.69 769.23   A 0.72 0.72 0.0 0 1 862.41 769.95   Z"/>
<path fill="#333333" d="   M 1022.87 706.87   A 0.39 0.39 0.0 0 1 1022.49 707.26   Q 1020.33 707.32 967.01 707.23   C 956.29 707.21 947.53 706.65 947.71 719.45   Q 947.80 726.35 947.74 795.63   A 0.63 0.63 0.0 0 1 947.11 796.26   L 920.11 796.26   A 0.54 0.54 0.0 0 1 919.57 795.72   Q 919.67 777.49 919.51 728.69   Q 919.46 712.15 921.14 706.36   Q 925.25 692.18 938.44 684.50   C 946.53 679.78 956.19 678.78 967.16 678.99   Q 968.89 679.02 1022.23 679.00   A 0.64 0.64 0.0 0 1 1022.87 679.64   L 1022.87 706.87   Z"/>

<path fill="#333333" d="   M 445.47 840.79   C 461.88 840.75 469.23 855.17 469.26 869.48   C 469.29 883.80 462.02 898.25 445.61 898.29   C 429.19 898.33 421.85 883.91 421.82 869.60   C 421.78 855.28 429.05 840.83 445.47 840.79   Z   M 429.16 869.54   C 429.15 879.51 433.26 892.10 445.51 892.11   C 457.75 892.12 461.89 879.54 461.90 869.57   C 461.91 859.60 457.80 847.00 445.55 846.99   C 433.30 846.98 429.17 859.56 429.16 869.54   Z"/>
<path fill="#333333" d="   M 544.30 867.52   Q 541.30 878.13 534.94 886.93   A 0.41 0.41 0.0 0 0 535.04 887.51   Q 539.83 890.77 544.39 892.32   A 0.83 0.83 0.0 0 1 544.91 893.36   L 543.56 897.61   A 0.83 0.82 -72.2 0 1 542.52 898.15   Q 536.29 896.05 530.88 892.25   A 0.73 0.72 41.5 0 0 529.97 892.30   Q 524.60 897.18 517.65 898.09   C 508.77 899.25 499.69 895.52 497.93 886.10   C 496.33 877.56 501.27 871.74 508.01 867.30   A 0.79 0.78 58.7 0 0 508.26 866.26   Q 504.74 859.87 504.99 853.04   C 505.31 844.06 513.92 838.59 522.17 841.59   Q 527.01 843.35 528.23 848.75   C 530.27 857.77 522.99 863.10 516.54 867.88   A 0.61 0.60 -35.6 0 0 516.40 868.71   Q 522.10 877.15 529.68 883.31   A 0.66 0.66 0.0 0 0 530.64 883.17   Q 535.68 875.82 537.85 867.53   A 0.39 0.38 -82.0 0 1 538.22 867.25   L 544.10 867.25   A 0.21 0.21 0.0 0 1 544.30 867.52   Z   M 513.34 863.36   Q 513.36 863.36 513.45 863.32   Q 519.04 860.47 521.87 855.79   C 523.73 852.70 523.32 847.45 519.14 846.05   C 514.95 844.64 511.46 848.59 511.09 852.18   Q 510.53 857.62 513.28 863.26   Q 513.33 863.35 513.34 863.36   Z   M 525.27 887.83   Q 517.27 880.56 511.65 872.44   A 0.59 0.58 -36.0 0 0 510.80 872.31   C 504.90 876.97 501.47 883.88 507.41 889.79   C 512.19 894.55 520.54 893.00 525.27 888.72   A 0.60 0.60 0.0 0 0 525.27 887.83   Z"/>
<path fill="#333333" d="   M 819.34 869.56   C 819.32 855.25 826.61 840.80 843.03 840.78   C 859.45 840.76 866.77 855.18 866.79 869.50   C 866.81 883.82 859.52 898.26 843.10 898.28   C 826.68 898.31 819.36 883.88 819.34 869.56   Z   M 826.66 869.53   C 826.66 879.51 830.77 892.10 843.02 892.11   C 855.27 892.12 859.41 879.53 859.41 869.56   C 859.42 859.58 855.30 846.99 843.06 846.98   C 830.81 846.97 826.67 859.56 826.66 869.53   Z"/>
<path fill="#333333" d="   M 181.95 841.73   Q 183.67 841.74 185.36 841.83   A 0.87 0.87 0.0 0 1 186.13 842.42   L 204.53 897.08   A 0.17 0.16 -8.9 0 1 204.37 897.29   L 197.47 897.29   A 0.36 0.36 0.0 0 1 197.13 897.04   L 192.26 881.17   A 0.95 0.94 85.3 0 0 191.50 880.52   Q 191.39 880.50 181.89 880.49   Q 172.39 880.48 172.28 880.49   A 0.95 0.94 -85.2 0 0 171.52 881.14   L 166.60 897.00   A 0.36 0.36 0.0 0 1 166.26 897.25   L 159.36 897.23   A 0.17 0.16 9.0 0 1 159.20 897.02   L 177.76 842.41   A 0.87 0.87 0.0 0 1 178.53 841.82   Q 180.22 841.73 181.95 841.73   Z   M 181.80 874.75   Q 188.98 874.75 189.76 874.70   A 0.29 0.29 0.0 0 0 190.02 874.33   L 182.03 847.91   L 182.02 847.90   Q 181.85 847.81 181.79 847.81   Q 181.73 847.81 181.56 847.90   L 181.55 847.91   L 173.58 874.34   A 0.29 0.29 0.0 0 0 173.85 874.71   Q 174.62 874.76 181.80 874.75   Z"/>
<path fill="#333333" d="   M 252.26 892.18   C 263.54 892.15 265.34 881.98 265.22 873.00   Q 265.21 872.41 265.14 842.14   A 0.43 0.43 0.0 0 1 265.57 841.70   L 271.60 841.70   A 0.41 0.41 0.0 0 1 272.01 842.11   Q 272.12 864.77 272.05 876.23   C 271.97 888.95 265.87 898.25 252.28 898.28   C 238.68 898.31 232.54 889.04 232.40 876.32   Q 232.28 864.86 232.29 842.20   A 0.41 0.41 0.0 0 1 232.70 841.79   L 238.73 841.76   A 0.43 0.43 0.0 0 1 239.16 842.20   Q 239.22 872.47 239.22 873.06   C 239.14 882.04 240.99 892.21 252.26 892.18   Z"/>
<path fill="#333333" d="   M 308.28 842.23   A 0.57 0.57 0.0 0 1 308.85 841.67   L 324.00 841.69   A 24.75 24.46 -89.9 0 1 348.42 866.49   L 348.40 872.63   A 24.75 24.46 -89.9 0 1 323.90 897.33   L 308.75 897.31   A 0.57 0.57 0.0 0 1 308.18 896.73   L 308.28 842.23   Z   M 315.26 848.03   L 315.26 890.99   A 0.55 0.55 0.0 0 0 315.81 891.54   L 322.80 891.54   A 18.65 18.16 90.0 0 0 340.96 872.89   L 340.96 866.13   A 18.65 18.16 -90.0 0 0 322.80 847.48   L 315.81 847.48   A 0.55 0.55 0.0 0 0 315.26 848.03   Z"/>
<rect fill="#333333" x="381.50" y="841.74" width="1117.67" height="1117.29" rx="0.43"/>
<path fill="#333333" d="   M 589.52 889.88   Q 589.85 889.88 590.85 886.40   Q 597.19 864.21 603.89 841.96   A 0.32 0.32 0.0 0 1 604.20 841.73   L 611.08 841.73   A 0.17 0.17 0.0 0 1 611.24 841.95   L 593.87 896.62   A 0.88 0.88 0.0 0 1 593.19 897.22   Q 592.95 897.26 589.53 897.27   Q 586.11 897.27 585.87 897.22   A 0.88 0.88 0.0 0 1 585.19 896.63   L 567.72 841.99   A 0.17 0.17 0.0 0 1 567.87 841.77   L 574.75 841.76   A 0.32 0.32 0.0 0 1 575.07 841.99   Q 581.81 864.22 588.19 886.40   Q 589.19 889.88 589.52 889.88   Z"/>
<rect fill="#333333" x="640.00" y="841.73" width="1117.67" height="1117.29" rx="0.35"/>
<path fill="#333333" d="   M 683.49 842.19   A 0.44 0.44 0.0 0 1 683.93 841.75   L 699.15 841.75   A 24.38 24.32 -90.0 0 1 723.47 866.13   L 723.47 872.91   A 24.38 24.32 90.0 0 1 699.15 897.29   L 683.93 897.29   A 0.44 0.44 0.0 0 1 683.49 896.85   L 683.49 842.19   Z   M 690.55 848.01   L 690.47 891.01   A 0.54 0.54 0.0 0 0 691.01 891.55   L 697.92 891.56   A 18.70 18.19 -89.9 0 0 716.14 872.89   L 716.16 866.21   A 18.70 18.19 -89.9 0 0 698.00 847.48   L 691.09 847.47   A 0.54 0.54 0.0 0 0 690.55 848.01   Z"/>
<path fill="#333333" d="   M 764.25 865.24   L 784.29 865.24   A 0.49 0.49 0.0 0 1 784.78 865.73   L 784.78 870.76   A 0.49 0.49 0.0 0 1 784.29 871.25   L 764.25 871.25   A 0.49 0.49 0.0 0 0 763.76 871.74   L 763.76 890.75   A 0.49 0.49 0.0 0 0 764.25 891.24   L 789.03 891.24   A 0.49 0.49 0.0 0 1 789.52 891.73   L 789.52 896.78   A 0.49 0.49 0.0 0 1 789.03 897.27   L 757.24 897.27   A 0.49 0.49 0.0 0 1 756.75 896.78   L 756.75 842.24   A 0.49 0.49 0.0 0 1 757.24 841.75   L 788.31 841.75   A 0.49 0.49 0.0 0 1 788.80 842.24   L 788.80 847.27   A 0.49 0.49 0.0 0 1 788.31 847.76   L 764.25 847.76   A 0.49 0.49 0.0 0 0 763.76 848.25   L 763.76 864.75   A 0.49 0.49 0.0 0 0 764.25 865.24   Z"/>








                        </g>
                    </svg>