<svg xmlns="http://www.w3.org/2000/svg" 
                      viewBox="0 0 1036.69 1024.3600000000001" 
                      width="1036.69" 
                      height="1024.3600000000001"
                      preserveAspectRatio="none"
                      data-content-extracted="true"
                      data-overflow="horizontal:4,vertical:4"
                      data-original-bounds="-180,-180,852.69,840.36">
                        <g transform="translate(182, 182)">
                          
    
    
    
    
    
    
    
    
    
    
    
    
    
    
    
    
    
    
    
    
    
    
    
    
    
    
    
    
    
    <path fill="#00319c" d="   M 852.69 25.81   A 25.21 25.21 0.0 0 1 827.48 51.02   A 25.21 25.21 0.0 0 1 802.27 25.81   A 25.21 25.21 0.0 0 1 827.48 0.60   A 25.21 25.21 0.0 0 1 852.69 25.81   Z   M 848.12 25.80   A 20.64 20.64 0.0 0 0 827.48 5.16   A 20.64 20.64 0.0 0 0 806.84 25.80   A 20.64 20.64 0.0 0 0 827.48 46.44   A 20.64 20.64 0.0 0 0 848.12 25.80   Z"/>
    
    <path fill="#00319c" d="   M 398.17 7.49   L 412.21 7.50   L 791.01 7.51   A 0.33 0.33 0.0 0 1 791.34 7.84   L 791.34 290.37   A 0.38 0.38 0.0 0 1 790.96 290.75   L 1.20 290.75   A 0.40 0.39 -90.0 0 1 0.81 290.35   L 0.81 7.88   A 0.35 0.35 0.0 0 1 1.16 7.53   L 398.17 7.49   Z   M 7.1500 147.0600   A 389.03 130.74 -180.0 0 0 396.1800 277.8000   A 389.03 130.74 -180.0 0 0 785.2100 147.0600   A 389.03 130.74 -180.0 0 0 396.1800 16.3200   A 389.03 130.74 -180.0 0 0 7.1500 147.0600   Z"/>
    
    
    
    <path fill="#00319c" d="   M 819.18 12.38   Q 823.36 12.08 830.51 12.38   Q 838.17 12.71 838.40 19.58   C 838.55 23.91 836.45 26.27 832.36 27.32   A 0.55 0.55 0.0 0 0 832.21 28.32   Q 834.21 29.51 835.41 31.60   Q 837.80 35.75 840.36 40.02   A 0.17 0.16 75.0 0 1 840.22 40.27   L 836.44 40.27   A 0.45 0.45 0.0 0 1 836.05 40.04   C 833.23 34.84 831.62 31.39 828.45 28.32   A 1.07 1.02 -22.1 0 0 827.72 28.03   L 822.28 28.03   A 0.57 0.56 0.0 0 0 821.71 28.59   L 821.71 39.74   A 0.53 0.53 0.0 0 1 821.18 40.27   L 819.06 40.27   A 0.51 0.50 0.0 0 1 818.55 39.77   L 818.55 13.05   A 0.68 0.67 -2.3 0 1 819.18 12.38   Z   M 821.68 15.66   L 821.68 24.38   A 0.21 0.21 0.0 0 0 821.89 24.59   L 829.75 24.59   A 5.07 3.94 -0.0 0 0 834.82 20.65   L 834.82 19.39   A 5.07 3.94 0.0 0 0 829.75 15.45   L 821.89 15.45   A 0.21 0.21 0.0 0 0 821.68 15.66   Z"/>
    
    <path fill="#ffce00" d="   M 7.1500 147.0600   A 389.03 130.74 -180.0 0 1 396.1800 16.3200   A 389.03 130.74 -180.0 0 1 785.2100 147.0600   A 389.03 130.74 -180.0 0 1 396.1800 277.8000   A 389.03 130.74 -180.0 0 1 7.1500 147.0600   Z   M 280.55 134.37   L 280.55 98.29   A 1.89 1.86 -29.2 0 1 280.84 97.29   L 282.77 94.25   A 0.17 0.17 0.0 0 0 282.63 93.99   L 214.29 93.99   A 0.55 0.55 0.0 0 0 213.90 94.93   C 216.60 97.56 216.00 103.82 216.00 108.25   Q 215.98 147.56 216.00 184.00   C 216.00 188.57 216.72 193.89 213.66 197.29   A 0.43 0.43 0.0 0 0 213.98 198.00   L 282.29 198.00   A 0.52 0.51 67.4 0 0 282.65 197.12   Q 280.53 195.05 280.55 191.44   Q 280.61 183.80 280.47 157.31   A 0.24 0.24 0.0 0 1 280.91 157.19   Q 291.94 175.61 302.54 192.79   C 303.77 194.78 303.46 195.40 302.46 197.20   A 0.54 0.53 14.5 0 0 302.93 197.99   L 383.17 197.99   A 0.34 0.34 0.0 0 0 383.39 197.39   L 376.87 191.93   A 2.68 2.50 -88.1 0 1 376.31 191.29   L 342.67 137.14   A 0.77 0.76 -43.5 0 1 342.70 136.29   Q 355.42 118.56 366.49 102.75   Q 370.54 96.97 374.08 94.46   A 0.27 0.26 -62.6 0 0 373.93 93.98   L 304.24 93.98   A 0.43 0.42 61.7 0 0 304.01 94.76   Q 307.50 97.11 304.81 100.86   Q 291.00 120.17 280.91 134.48   A 0.20 0.20 0.0 0 1 280.55 134.37   Z   M 113.99 145.99   Q 113.98 183.70 113.96 187.36   C 113.93 191.40 114.29 194.50 111.62 197.27   A 0.42 0.42 0.0 0 0 111.92 197.98   Q 136.55 197.98 146.82 197.98   Q 157.08 197.98 181.71 197.99   A 0.42 0.42 0.0 0 0 182.01 197.28   C 179.34 194.51 179.70 191.41 179.68 187.37   Q 179.66 183.71 179.67 146.00   Q 179.67 108.29 179.69 104.63   C 179.72 100.59 179.36 97.49 182.03 94.72   A 0.42 0.42 0.0 0 0 181.73 94.01   Q 157.10 94.01 146.84 94.01   Q 136.57 94.01 111.94 93.99   A 0.42 0.42 0.0 0 0 111.64 94.70   C 114.31 97.47 113.95 100.57 113.98 104.62   Q 114.00 108.27 113.99 145.99   Z   M 519.28 127.22   L 519.28 94.33   A 0.34 0.34 0.0 0 0 518.94 93.99   L 399.84 93.99   A 0.54 0.53 65.6 0 0 399.49 94.93   Q 401.65 96.83 401.67 99.58   Q 401.86 127.84 401.72 187.75   C 401.71 191.75 402.01 194.38 399.55 197.15   A 0.51 0.51 0.0 0 0 399.93 198.00   L 518.83 198.00   A 0.45 0.44 -0.0 0 0 519.28 197.56   L 519.28 162.65   A 0.37 0.37 0.0 0 0 518.64 162.39   C 515.38 165.80 511.61 166.97 506.38 166.82   Q 504.86 166.77 464.04 166.79   A 0.38 0.38 0.0 0 1 463.66 166.41   L 463.66 158.63   A 0.36 0.36 0.0 0 1 464.02 158.27   Q 487.59 158.25 499.41 158.25   C 502.31 158.25 504.11 158.73 506.33 160.19   A 0.48 0.48 0.0 0 0 507.07 159.79   L 507.07 130.11   A 0.55 0.55 0.0 0 0 506.21 129.65   Q 503.45 131.46 500.76 131.45   Q 499.81 131.45 464.50 131.56   A 0.83 0.82 90.0 0 1 463.68 130.73   L 463.68 123.78   A 0.77 0.76 89.6 0 1 464.43 123.01   Q 489.36 122.86 507.37 123.05   C 512.72 123.10 515.01 124.14 518.86 127.42   A 0.26 0.26 0.0 0 0 519.28 127.22   Z   M 632.00 197.99   L 707.39 197.99   A 0.26 0.25 -24.6 0 0 707.56 197.54   C 704.44 194.80 702.79 192.04 701.10 187.81   Q 685.10 147.73 666.84 102.18   Q 665.02 97.64 668.16 94.41   A 0.26 0.25 21.5 0 0 667.97 93.98   L 568.86 93.98   A 0.36 0.36 0.0 0 0 568.64 94.62   Q 572.25 97.52 570.53 102.07   Q 557.73 135.75 536.89 190.13   Q 535.40 194.00 532.42 197.33   A 0.39 0.39 0.0 0 0 532.71 197.98   L 593.17 197.98   A 0.30 0.30 0.0 0 0 593.40 197.49   Q 590.60 194.06 592.31 190.00   Q 596.21 180.69 597.34 177.88   A 0.63 0.62 11.2 0 1 597.92 177.50   L 626.93 177.50   A 0.91 0.90 -11.1 0 1 627.77 178.06   L 633.10 190.90   A 3.58 3.55 -55.7 0 1 633.37 192.36   Q 633.29 195.21 631.68 197.33   A 0.41 0.41 0.0 0 0 632.00 197.99   Z"/>
    
    
    
    
    
    
    
    <path fill="#00319c" d="   M 280.55 134.37   A 0.20 0.20 0.0 0 0 280.91 134.48   Q 291.00 120.17 304.81 100.86   Q 307.50 97.11 304.01 94.76   A 0.43 0.42 61.7 0 1 304.24 93.98   L 373.93 93.98   A 0.27 0.26 -62.6 0 1 374.08 94.46   Q 370.54 96.97 366.49 102.75   Q 355.42 118.56 342.70 136.29   A 0.77 0.76 -43.5 0 0 342.67 137.14   L 376.31 191.29   A 2.68 2.50 -88.1 0 0 376.87 191.93   L 383.39 197.39   A 0.34 0.34 0.0 0 1 383.17 197.99   L 302.93 197.99   A 0.54 0.53 14.5 0 1 302.46 197.20   C 303.46 195.40 303.77 194.78 302.54 192.79   Q 291.94 175.61 280.91 157.19   A 0.24 0.24 0.0 0 0 280.47 157.31   Q 280.61 183.80 280.55 191.44   Q 280.53 195.05 282.65 197.12   A 0.52 0.51 67.4 0 1 282.29 198.00   L 213.98 198.00   A 0.43 0.43 0.0 0 1 213.66 197.29   C 216.72 193.89 216.00 188.57 216.00 184.00   Q 215.98 147.56 216.00 108.25   C 216.00 103.82 216.60 97.56 213.90 94.93   A 0.55 0.55 0.0 0 1 214.29 93.99   L 282.63 93.99   A 0.17 0.17 0.0 0 1 282.77 94.25   L 280.84 97.29   A 1.89 1.86 -29.2 0 0 280.55 98.29   L 280.55 134.37   Z"/>
    <path fill="#00319c" d="   M 146.84 94.01   Q 157.10 94.01 181.73 94.01   A 0.42 0.42 0.0 0 1 182.03 94.72   C 179.36 97.49 179.72 100.59 179.69 104.63   Q 179.67 108.29 179.67 146.00   Q 179.66 183.71 179.68 187.37   C 179.70 191.41 179.34 194.51 182.01 197.28   A 0.42 0.42 0.0 0 1 181.71 197.99   Q 157.08 197.98 146.82 197.98   Q 136.55 197.98 111.92 197.98   A 0.42 0.42 0.0 0 1 111.62 197.27   C 114.29 194.50 113.93 191.40 113.96 187.36   Q 113.98 183.70 113.99 145.99   Q 114.00 108.27 113.98 104.62   C 113.95 100.57 114.31 97.47 111.64 94.70   A 0.42 0.42 0.0 0 1 111.94 93.99   Q 136.57 94.01 146.84 94.01   Z"/>
    <path fill="#00319c" d="   M 519.28 127.22   A 0.26 0.26 0.0 0 1 518.86 127.42   C 515.01 124.14 512.72 123.10 507.37 123.05   Q 489.36 122.86 464.43 123.01   A 0.77 0.76 89.6 0 0 463.68 123.78   L 463.68 130.73   A 0.83 0.82 -90.0 0 0 464.50 131.56   Q 499.81 131.45 500.76 131.45   Q 503.45 131.46 506.21 129.65   A 0.55 0.55 0.0 0 1 507.07 130.11   L 507.07 159.79   A 0.48 0.48 0.0 0 1 506.33 160.19   C 504.11 158.73 502.31 158.25 499.41 158.25   Q 487.59 158.25 464.02 158.27   A 0.36 0.36 0.0 0 0 463.66 158.63   L 463.66 166.41   A 0.38 0.38 0.0 0 0 464.04 166.79   Q 504.86 166.77 506.38 166.82   C 511.61 166.97 515.38 165.80 518.64 162.39   A 0.37 0.37 0.0 0 1 519.28 162.65   L 519.28 197.56   A 0.45 0.44 -0.0 0 1 518.83 198.00   L 399.93 198.00   A 0.51 0.51 0.0 0 1 399.55 197.15   C 402.01 194.38 401.71 191.75 401.72 187.75   Q 401.86 127.84 401.67 99.58   Q 401.65 96.83 399.49 94.93   A 0.54 0.53 65.6 0 1 399.84 93.99   L 518.94 93.99   A 0.34 0.34 0.0 0 1 519.28 94.33   L 519.28 127.22   Z"/>
    <path fill="#00319c" d="   M 631.68 197.33   Q 633.29 195.21 633.37 192.36   A 3.58 3.55 -55.7 0 0 633.10 190.90   L 627.77 178.06   A 0.91 0.90 -11.1 0 0 626.93 177.50   L 597.92 177.50   A 0.63 0.62 11.2 0 0 597.34 177.88   Q 596.21 180.69 592.31 190.00   Q 590.60 194.06 593.40 197.49   A 0.30 0.30 0.0 0 1 593.17 197.98   L 532.71 197.98   A 0.39 0.39 0.0 0 1 532.42 197.33   Q 535.40 194.00 536.89 190.13   Q 557.73 135.75 570.53 102.07   Q 572.25 97.52 568.64 94.62   A 0.36 0.36 0.0 0 1 568.86 93.98   L 667.97 93.98   A 0.26 0.25 21.5 0 1 668.16 94.41   Q 665.02 97.64 666.84 102.18   Q 685.10 147.73 701.10 187.81   C 702.79 192.04 704.44 194.80 707.56 197.54   A 0.26 0.25 -24.6 0 1 707.39 197.99   L 632.00 197.99   A 0.41 0.41 0.0 0 1 631.68 197.33   Z   M 603.44 158.21   A 0.35 0.35 0.0 0 0 603.76 158.68   L 619.92 158.77   A 0.35 0.35 0.0 0 0 620.25 158.29   L 612.28 137.30   A 0.35 0.35 0.0 0 0 611.63 137.29   L 603.44 158.21   Z"/>
    
    <path fill="#ffce00" d="   M 603.44 158.21   L 611.63 137.29   A 0.35 0.35 0.0 0 1 612.28 137.30   L 620.25 158.29   A 0.35 0.35 0.0 0 1 619.92 158.77   L 603.76 158.68   A 0.35 0.35 0.0 0 1 603.44 158.21   Z"/>
    
    
    
    
    
    
    
    
    
    
    
    
    
    
    
    
    
    
    
    
    
    
    
    
    
    
    
    
    
    
    
    
    
    
    
    
    

                        </g>
                    </svg>