<?xml version="1.0" encoding="UTF-8" standalone="no"?>
<!DOCTYPE svg PUBLIC "-//W3C//DTD SVG 1.1//EN" "http://www.w3.org/Graphics/SVG/1.1/DTD/svg11.dtd">

<!-- VECTORIZED_CMYK_FILE: This file has been vectorized and converted to CMYK color space -->
<!-- TRANSPARENCY_PRESERVED: Background fills removed to maintain transparency -->
<!-- CMYK Color Conversions:
#ffffff → RGB(255,255,255) (preserved for transparency)
#000000 → CMYK(0%,0%,0%,100%)
#8fae00 → CMYK(46%,2%,98%,2%)
#5f8511 → CMYK(64%,21%,99%,56%)
#b6d589 → CMYK(32%,1%,55%,0%)
#92bb13 → CMYK(46%,2%,98%,2%)
#355508 → CMYK(57%,10%,100%,29%)
-->
<svg data-vectorized-cmyk="true" xmlns="http://www.w3.org/2000/svg" version="1.1" viewBox="-93.4 0 630.03 545.22" style="background: transparent;">
<g fill="none">
<pathnon-scaling-
/>
<pathnon-scaling-
/>
<pathnon-scaling-
/>
<pathnon-scaling-
/>
<pathnon-scaling-
/>
<pathnon-scaling-
/>
<pathnon-scaling-
/>
<pathnon-scaling-
/>
<pathnon-scaling-
/>
<pathnon-scaling-
/>
<pathnon-scaling-
/>
<path#ffffff" d="
  M 540.00 0.00
  L 540.00 606.00
  L 0.00 606.00
  L 0.00 313.60
  Q 2.76 366.25 27.44 410.79
  C 55.86 462.06 102.71 500.28 158.84 517.36
  C 250.38 545.22 349.24 511.41 405.22 433.99
  C 446.56 376.81 458.22 304.11 437.36 236.25
  Q 441.44 235.73 445.74 235.16
  Q 459.44 233.32 470.69 226.22
  C 489.75 214.18 505.88 194.51 516.27 174.58
  Q 523.66 160.41 528.67 141.07
  Q 535.14 116.03 537.19 90.93
  A 0.33 0.32 68.9 0 0 536.63 90.68
  Q 529.23 98.48 522.26 104.49
  C 509.57 115.42 493.55 125.79 477.22 127.95
  A 0.45 0.44 -9.1 0 1 476.73 127.60
  Q 472.52 106.61 464.14 87.81
  Q 456.41 70.45 442.55 52.17
  Q 422.55 25.79 398.13 3.60
  A 0.33 0.33 0.0 0 0 397.58 3.91
  Q 402.32 29.88 399.57 55.74
  Q 397.80 72.32 390.60 87.10
  C 382.98 102.76 373.89 114.21 367.53 128.24
  Q 359.42 146.13 357.78 167.37
  Q 356.34 186.13 361.87 199.37
  C 369.02 216.48 383.37 228.24 400.35 235.18
  A 0.33 0.33 0.0 0 0 400.80 234.82
  L 399.78 228.70
  C 433.71 309.55 408.76 402.59 338.95 455.45
  C 295.60 488.27 240.50 501.18 187.25 490.73
  C 78.94 469.48 10.45 360.77 39.09 253.81
  C 52.66 203.13 87.08 159.67 132.84 135.08
  Q 193.35 102.58 262.68 115.88
  Q 263.28 115.99 268.21 117.24
  C 273.27 118.52 278.02 120.22 282.11 119.68
  C 296.68 117.77 301.60 100.35 290.81 90.83
  C 287.29 87.73 278.67 85.87 274.70 85.00
  Q 204.26 69.64 139.90 95.57
  C 106.58 108.99 76.32 130.88 53.40 157.90
  Q 4.24 215.86 0.00 293.08
  L 0.00 0.00
  L 540.00 0.00
  Z
  M 157.01 243.29
  C 156.96 260.78 164.28 274.76 179.19 283.52
  Q 188.20 288.82 198.81 289.71
  Q 224.87 291.92 242.38 272.74
  A 0.33 0.32 44.3 0 0 242.37 272.30
  L 231.22 261.16
  A 0.52 0.52 0.0 0 0 230.50 261.14
  C 224.22 266.96 218.62 271.24 210.26 272.94
  C 191.19 276.82 173.93 263.10 173.99 243.34
  C 174.05 223.57 191.39 209.96 210.43 213.95
  C 218.79 215.70 224.36 220.01 230.61 225.87
  A 0.52 0.52 0.0 0 0 231.33 225.86
  L 242.54 214.78
  A 0.33 0.32 -44.0 0 0 242.56 214.34
  Q 225.16 195.06 199.09 197.11
  Q 188.47 197.94 179.43 203.18
  C 164.47 211.86 157.06 225.79 157.01 243.29
  Z
  M 315.5116 196.7722
  A 46.68 46.19 -93.4 0 0 272.1713 246.1094
  A 46.68 46.19 -93.4 0 0 321.0484 289.9678
  A 46.68 46.19 -93.4 0 0 364.3887 240.6306
  A 46.68 46.19 -93.4 0 0 315.5116 196.7722
  Z
  M 125.98 287.76
  A 0.55 0.55 0.0 0 0 126.53 287.21
  L 126.53 271.30
  A 0.55 0.55 0.0 0 0 125.98 270.75
  L 95.52 270.75
  A 0.55 0.55 0.0 0 1 94.97 270.20
  L 94.97 248.31
  A 0.55 0.55 0.0 0 1 95.52 247.76
  L 125.97 247.76
  A 0.55 0.55 0.0 0 0 126.52 247.21
  L 126.52 232.06
  A 0.55 0.55 0.0 0 0 125.97 231.51
  L 95.52 231.51
  A 0.55 0.55 0.0 0 1 94.97 230.96
  L 94.97 216.31
  A 0.55 0.55 0.0 0 1 95.52 215.76
  L 125.97 215.76
  A 0.55 0.55 0.0 0 0 126.52 215.21
  L 126.52 199.56
  A 0.55 0.55 0.0 0 0 125.97 199.01
  L 78.59 199.01
  A 0.55 0.55 0.0 0 0 78.04 199.56
  L 78.04 287.21
  A 0.55 0.55 0.0 0 0 78.59 287.76
  L 125.98 287.76
  Z
  M 193.34 472.26
  L 213.37 474.25
  L 231.43 474.04
  L 238.74 473.61
  C 326.46 464.61 392.33 391.68 392.89 303.54
  A 0.53 0.53 0.0 0 0 392.36 303.01
  L 50.69 303.01
  A 0.70 0.70 0.0 0 0 49.99 303.72
  C 50.71 357.86 75.03 407.03 117.62 439.57
  Q 150.27 464.53 193.34 472.26
  Z"
/ fill="#000000">
<path fill="#8fae00" d="
  M 437.36 236.25
  L 432.28 236.33
  A 2.28 2.27 78.3 0 1 430.13 234.91
  C 421.99 214.85 421.94 194.66 426.98 172.48
  Q 431.27 153.62 433.00 143.26
  Q 436.08 124.78 434.25 105.25
  Q 430.36 63.85 411.87 26.93
  Q 407.50 18.22 402.07 10.25
  A 0.26 0.26 0.0 0 0 401.61 10.50
  Q 422.52 57.60 419.92 109.39
  C 419.18 124.29 415.83 136.83 411.03 151.04
  Q 406.45 164.62 403.50 173.91
  C 398.13 190.84 396.27 210.56 399.78 228.70
  L 400.80 234.82
  A 0.33 0.33 0.0 0 1 400.35 235.18
  C 383.37 228.24 369.02 216.48 361.87 199.37
  Q 356.34 186.13 357.78 167.37
  Q 359.42 146.13 367.53 128.24
  C 373.89 114.21 382.98 102.76 390.60 87.10
  Q 397.80 72.32 399.57 55.74
  Q 402.32 29.88 397.58 3.91
  A 0.33 0.33 0.0 0 1 398.13 3.60
  Q 422.55 25.79 442.55 52.17
  Q 456.41 70.45 464.14 87.81
  Q 472.52 106.61 476.73 127.60
  A 0.45 0.44 -9.1 0 0 477.22 127.95
  C 493.55 125.79 509.57 115.42 522.26 104.49
  Q 529.23 98.48 536.63 90.68
  A 0.33 0.32 68.9 0 1 537.19 90.93
  Q 535.14 116.03 528.67 141.07
  Q 523.66 160.41 516.27 174.58
  C 505.88 194.51 489.75 214.18 470.69 226.22
  Q 459.44 233.32 445.74 235.16
  Q 441.44 235.73 437.36 236.25
  Z"
/>
<path fill="#5f8511" d="
  M 437.36 236.25
  C 458.22 304.11 446.56 376.81 405.22 433.99
  C 349.24 511.41 250.38 545.22 158.84 517.36
  C 102.71 500.28 55.86 462.06 27.44 410.79
  Q 2.76 366.25 0.00 313.60
  L 0.00 293.08
  Q 4.24 215.86 53.40 157.90
  C 76.32 130.88 106.58 108.99 139.90 95.57
  Q 204.26 69.64 274.70 85.00
  C 278.67 85.87 287.29 87.73 290.81 90.83
  C 301.60 100.35 296.68 117.77 282.11 119.68
  C 278.02 120.22 273.27 118.52 268.21 117.24
  Q 263.28 115.99 262.68 115.88
  Q 193.35 102.58 132.84 135.08
  C 87.08 159.67 52.66 203.13 39.09 253.81
  C 10.45 360.77 78.94 469.48 187.25 490.73
  C 240.50 501.18 295.60 488.27 338.95 455.45
  C 408.76 402.59 433.71 309.55 399.78 228.70
  C 396.27 210.56 398.13 190.84 403.50 173.91
  Q 406.45 164.62 411.03 151.04
  C 415.83 136.83 419.18 124.29 419.92 109.39
  Q 422.52 57.60 401.61 10.50
  A 0.26 0.26 0.0 0 1 402.07 10.25
  Q 407.50 18.22 411.87 26.93
  Q 430.36 63.85 434.25 105.25
  Q 436.08 124.78 433.00 143.26
  Q 431.27 153.62 426.98 172.48
  C 421.94 194.66 421.99 214.85 430.13 234.91
  A 2.28 2.27 78.3 0 0 432.28 236.33
  L 437.36 236.25
  Z"
/>
<path fill="#b6d589" d="
  M 173.99 243.34
  C 173.93 263.10 191.19 276.82 210.26 272.94
  C 218.62 271.24 224.22 266.96 230.50 261.14
  A 0.52 0.52 0.0 0 1 231.22 261.16
  L 242.37 272.30
  A 0.33 0.32 44.3 0 1 242.38 272.74
  Q 224.87 291.92 198.81 289.71
  Q 188.20 288.82 179.19 283.52
  C 164.28 274.76 156.96 260.78 157.01 243.29
  C 157.06 225.79 164.47 211.86 179.43 203.18
  Q 188.47 197.94 199.09 197.11
  Q 225.16 195.06 242.56 214.34
  A 0.33 0.32 -44.0 0 1 242.54 214.78
  L 231.33 225.86
  A 0.52 0.52 0.0 0 1 230.61 225.87
  C 224.36 220.01 218.79 215.70 210.43 213.95
  C 191.39 209.96 174.05 223.57 173.99 243.34
  Z"
/>
<path fill="#b6d589" d="
  M 315.5116 196.7722
  A 46.68 46.19 -93.4 0 1 364.3887 240.6306
  A 46.68 46.19 -93.4 0 1 321.0484 289.9678
  A 46.68 46.19 -93.4 0 1 272.1713 246.1094
  A 46.68 46.19 -93.4 0 1 315.5116 196.7722
  Z
  M 317.2353 213.4265
  A 30.00 29.06 -91.9 0 0 289.1860 244.3735
  A 30.00 29.06 -91.9 0 0 319.2247 273.3935
  A 30.00 29.06 -91.9 0 0 347.2740 242.4465
  A 30.00 29.06 -91.9 0 0 317.2353 213.4265
  Z"
/>
<path fill="#b6d589" d="
  M 125.98 287.76
  L 78.59 287.76
  A 0.55 0.55 0.0 0 1 78.04 287.21
  L 78.04 199.56
  A 0.55 0.55 0.0 0 1 78.59 199.01
  L 125.97 199.01
  A 0.55 0.55 0.0 0 1 126.52 199.56
  L 126.52 215.21
  A 0.55 0.55 0.0 0 1 125.97 215.76
  L 95.52 215.76
  A 0.55 0.55 0.0 0 0 94.97 216.31
  L 94.97 230.96
  A 0.55 0.55 0.0 0 0 95.52 231.51
  L 125.97 231.51
  A 0.55 0.55 0.0 0 1 126.52 232.06
  L 126.52 247.21
  A 0.55 0.55 0.0 0 1 125.97 247.76
  L 95.52 247.76
  A 0.55 0.55 0.0 0 0 94.97 248.31
  L 94.97 270.20
  A 0.55 0.55 0.0 0 0 95.52 270.75
  L 125.98 270.75
  A 0.55 0.55 0.0 0 1 126.53 271.30
  L 126.53 287.21
  A 0.55 0.55 0.0 0 1 125.98 287.76
  Z"
/>
<ellipse fill="#ffffff" cx="0.00" cy="0.00" transform="translate(318.23,243.41) rotate(-91.9)" rx="30.00" ry="29.06"/>
<path fill="#92bb13" d="
  M 238.74 473.61
  Q 249.00 468.15 253.65 462.13
  Q 264.83 447.65 268.59 426.92
  Q 270.45 416.67 269.30 402.53
  Q 268.24 389.53 265.64 378.32
  A 0.39 0.39 0.0 0 0 264.91 378.24
  C 259.53 389.53 251.08 402.19 239.74 408.11
  A 0.69 0.68 61.5 0 1 238.82 407.83
  C 231.15 394.13 221.40 383.24 208.45 373.97
  Q 193.94 363.59 178.37 356.27
  A 0.29 0.29 0.0 0 1 178.49 355.72
  L 194.05 355.72
  A 0.73 0.73 0.0 0 0 194.78 354.99
  L 194.78 348.46
  A 0.71 0.70 -90.0 0 0 194.08 347.75
  L 182.37 347.75
  A 0.65 0.65 0.0 0 1 181.72 347.10
  L 181.72 338.11
  A 0.62 0.62 0.0 0 1 182.34 337.49
  L 193.89 337.49
  A 0.87 0.87 0.0 0 0 194.76 336.62
  L 194.76 330.77
  A 0.96 0.95 0.0 0 0 193.80 329.82
  L 182.79 329.82
  A 1.09 1.09 0.0 0 1 181.70 328.73
  L 181.70 323.62
  A 0.88 0.88 0.0 0 1 182.58 322.74
  L 194.14 322.74
  A 0.55 0.55 0.0 0 0 194.69 322.19
  L 194.69 315.45
  A 0.68 0.68 0.0 0 0 194.01 314.77
  L 175.04 314.77
  A 0.52 0.52 0.0 0 0 174.52 315.29
  L 174.52 354.84
  A 0.71 0.68 31.3 0 0 174.61 355.18
  Q 183.03 371.00 185.41 388.12
  C 186.70 397.39 184.20 407.16 181.96 416.21
  Q 180.32 422.87 179.92 425.97
  Q 178.01 440.50 182.24 454.52
  Q 185.15 464.17 193.34 472.26
  Q 150.27 464.53 117.62 439.57
  C 75.03 407.03 50.71 357.86 49.99 303.72
  A 0.70 0.70 0.0 0 1 50.69 303.01
  L 392.36 303.01
  A 0.53 0.53 0.0 0 1 392.89 303.54
  C 392.33 391.68 326.46 464.61 238.74 473.61
  Z
  M 99.94 322.38
  A 0.78 0.78 0.0 0 0 100.72 321.60
  L 100.72 315.57
  A 0.78 0.78 0.0 0 0 99.94 314.79
  L 83.05 314.79
  A 0.78 0.78 0.0 0 0 82.27 315.57
  L 82.27 354.98
  A 0.78 0.78 0.0 0 0 83.05 355.76
  L 88.69 355.76
  A 0.78 0.78 0.0 0 0 89.47 354.98
  L 89.47 338.25
  A 0.78 0.78 0.0 0 1 90.25 337.47
  L 100.00 337.47
  A 0.78 0.78 0.0 0 0 100.78 336.69
  L 100.78 330.61
  A 0.78 0.78 0.0 0 0 100.00 329.83
  L 90.25 329.83
  A 0.78 0.78 0.0 0 1 89.47 329.05
  L 89.47 323.16
  A 0.78 0.78 0.0 0 1 90.25 322.38
  L 99.94 322.38
  Z
  M 122.28 338.80
  A 0.27 0.27 0.0 0 1 122.79 338.68
  L 130.91 355.54
  A 0.33 0.33 0.0 0 0 131.21 355.73
  L 138.72 355.73
  A 0.15 0.15 0.0 0 0 138.85 355.52
  L 130.52 338.22
  A 0.57 0.56 -27.3 0 1 130.76 337.48
  Q 136.94 334.14 137.03 327.99
  Q 137.15 320.83 133.83 317.65
  A 4.90 4.64 -5.3 0 0 133.04 317.03
  C 128.58 314.19 121.47 314.60 116.11 314.78
  A 0.85 0.85 0.0 0 0 115.28 315.63
  L 115.28 355.14
  A 0.62 0.62 0.0 0 0 115.90 355.76
  L 121.65 355.76
  A 0.63 0.62 0.0 0 0 122.28 355.14
  L 122.28 338.80
  Z
  M 158.73 315.21
  A 0.45 0.45 0.0 0 0 158.28 314.76
  L 152.22 314.76
  A 0.45 0.45 0.0 0 0 151.77 315.21
  L 151.77 355.33
  A 0.45 0.45 0.0 0 0 152.22 355.78
  L 158.28 355.78
  A 0.45 0.45 0.0 0 0 158.73 355.33
  L 158.73 315.21
  Z
  M 220.66 337.10
  Q 221.42 338.38 231.42 355.43
  A 0.73 0.72 74.4 0 0 232.04 355.79
  L 237.88 355.79
  A 0.62 0.61 0.0 0 0 238.50 355.18
  L 238.50 315.24
  A 0.43 0.43 0.0 0 0 238.07 314.81
  L 231.66 314.81
  A 0.42 0.41 -90.0 0 0 231.25 315.23
  L 231.25 340.32
  A 0.16 0.16 0.0 0 1 230.95 340.40
  Q 228.92 337.05 226.83 333.51
  Q 226.08 332.23 216.07 315.18
  A 0.73 0.72 74.4 0 0 215.45 314.82
  L 209.61 314.82
  A 0.62 0.61 0.0 0 0 208.99 315.43
  L 208.99 355.37
  A 0.43 0.43 0.0 0 0 209.42 355.80
  L 215.83 355.80
  A 0.42 0.41 -90.0 0 0 216.24 355.38
  L 216.24 330.29
  A 0.16 0.16 0.0 0 1 216.54 330.21
  Q 218.57 333.56 220.66 337.10
  Z
  M 254.55 315.34
  L 254.49 355.40
  A 0.46 0.46 0.0 0 0 254.94 355.87
  L 266.89 355.89
  A 18.20 16.77 -89.9 0 0 283.70 337.72
  L 283.70 333.14
  A 18.20 16.77 -89.9 0 0 266.97 314.91
  L 255.02 314.89
  A 0.46 0.46 0.0 0 0 254.55 315.34
  Z
  M 305.90 348.00
  A 0.43 0.43 0.0 0 1 305.47 347.57
  L 305.47 315.20
  A 0.43 0.43 0.0 0 0 305.04 314.77
  L 298.69 314.77
  A 0.43 0.43 0.0 0 0 298.26 315.20
  L 298.26 355.31
  A 0.43 0.43 0.0 0 0 298.69 355.74
  L 315.06 355.74
  A 0.43 0.43 0.0 0 0 315.49 355.31
  L 315.49 348.43
  A 0.43 0.43 0.0 0 0 315.06 348.00
  L 305.90 348.00
  Z
  M 340.38 355.74
  Q 343.01 355.75 343.42 355.70
  A 0.67 0.67 0.0 0 0 344.02 355.04
  L 344.02 338.95
  A 3.77 3.70 57.8 0 1 344.36 337.39
  L 354.82 315.01
  A 0.16 0.16 0.0 0 0 354.67 314.79
  L 347.44 314.79
  A 0.38 0.37 12.3 0 0 347.10 315.00
  Q 343.60 322.32 340.74 328.53
  Q 340.66 328.69 340.41 328.69
  Q 340.17 328.69 340.09 328.53
  Q 337.24 322.31 333.76 314.98
  A 0.38 0.37 -12.2 0 0 333.42 314.77
  L 326.19 314.76
  A 0.16 0.16 0.0 0 0 326.04 314.98
  L 336.45 337.38
  A 3.77 3.70 -57.6 0 1 336.78 338.94
  L 336.74 355.03
  A 0.67 0.67 0.0 0 0 337.34 355.70
  Q 337.75 355.74 340.38 355.74
  Z"
/>
<path fill="#355508" d="
  M 99.94 322.38
  L 90.25 322.38
  A 0.78 0.78 0.0 0 0 89.47 323.16
  L 89.47 329.05
  A 0.78 0.78 0.0 0 0 90.25 329.83
  L 100.00 329.83
  A 0.78 0.78 0.0 0 1 100.78 330.61
  L 100.78 336.69
  A 0.78 0.78 0.0 0 1 100.00 337.47
  L 90.25 337.47
  A 0.78 0.78 0.0 0 0 89.47 338.25
  L 89.47 354.98
  A 0.78 0.78 0.0 0 1 88.69 355.76
  L 83.05 355.76
  A 0.78 0.78 0.0 0 1 82.27 354.98
  L 82.27 315.57
  A 0.78 0.78 0.0 0 1 83.05 314.79
  L 99.94 314.79
  A 0.78 0.78 0.0 0 1 100.72 315.57
  L 100.72 321.60
  A 0.78 0.78 0.0 0 1 99.94 322.38
  Z"
/>
<path fill="#355508" d="
  M 122.28 338.80
  L 122.28 355.14
  A 0.63 0.62 -0.0 0 1 121.65 355.76
  L 115.90 355.76
  A 0.62 0.62 0.0 0 1 115.28 355.14
  L 115.28 315.63
  A 0.85 0.85 0.0 0 1 116.11 314.78
  C 121.47 314.60 128.58 314.19 133.04 317.03
  A 4.90 4.64 -5.3 0 1 133.83 317.65
  Q 137.15 320.83 137.03 327.99
  Q 136.94 334.14 130.76 337.48
  A 0.57 0.56 -27.3 0 0 130.52 338.22
  L 138.85 355.52
  A 0.15 0.15 0.0 0 1 138.72 355.73
  L 131.21 355.73
  A 0.33 0.33 0.0 0 1 130.91 355.54
  L 122.79 338.68
  A 0.27 0.27 0.0 0 0 122.28 338.80
  Z
  M 122.33 322.81
  L 122.27 330.53
  A 0.23 0.23 0.0 0 0 122.50 330.76
  L 125.46 330.79
  A 4.51 3.69 0.4 0 0 130.00 327.13
  L 130.00 326.33
  A 4.51 3.69 0.4 0 0 125.52 322.61
  L 122.56 322.58
  A 0.23 0.23 0.0 0 0 122.33 322.81
  Z"
/>

<path fill="#355508" d="
  M 238.74 473.61
  L 231.43 474.04
  Q 221.20 460.15 219.94 443.61
  C 218.88 429.75 217.74 418.25 213.07 406.41
  Q 202.01 378.33 179.09 358.03
  A 0.05 0.05 0.0 0 0 179.03 358.03
  L 178.85 358.21
  A 0.35 0.34 47.0 0 0 178.84 358.67
  Q 198.91 382.35 205.39 409.83
  C 208.55 423.21 206.86 438.59 207.25 447.75
  Q 207.84 461.37 213.37 474.25
  L 193.34 472.26
  Q 185.15 464.17 182.24 454.52
  Q 178.01 440.50 179.92 425.97
  Q 180.32 422.87 181.96 416.21
  C 184.20 407.16 186.70 397.39 185.41 388.12
  Q 183.03 371.00 174.61 355.18
  A 0.71 0.68 31.3 0 1 174.52 354.84
  L 174.52 315.29
  A 0.52 0.52 0.0 0 1 175.04 314.77
  L 194.01 314.77
  A 0.68 0.68 0.0 0 1 194.69 315.45
  L 194.69 322.19
  A 0.55 0.55 0.0 0 1 194.14 322.74
  L 182.58 322.74
  A 0.88 0.88 0.0 0 0 181.70 323.62
  L 181.70 328.73
  A 1.09 1.09 0.0 0 0 182.79 329.82
  L 193.80 329.82
  A 0.96 0.95 0.0 0 1 194.76 330.77
  L 194.76 336.62
  A 0.87 0.87 0.0 0 1 193.89 337.49
  L 182.34 337.49
  A 0.62 0.62 0.0 0 0 181.72 338.11
  L 181.72 347.10
  A 0.65 0.65 0.0 0 0 182.37 347.75
  L 194.08 347.75
  A 0.71 0.70 -90.0 0 1 194.78 348.46
  L 194.78 354.99
  A 0.73 0.73 0.0 0 1 194.05 355.72
  L 178.49 355.72
  A 0.29 0.29 0.0 0 0 178.37 356.27
  Q 193.94 363.59 208.45 373.97
  C 221.40 383.24 231.15 394.13 238.82 407.83
  A 0.69 0.68 61.5 0 0 239.74 408.11
  C 251.08 402.19 259.53 389.53 264.91 378.24
  A 0.39 0.39 0.0 0 1 265.64 378.32
  Q 268.24 389.53 269.30 402.53
  Q 270.45 416.67 268.59 426.92
  Q 264.83 447.65 253.65 462.13
  Q 249.00 468.15 238.74 473.61
  Z"
/>
<path fill="#355508" d="
  M 220.66 337.10
  Q 218.57 333.56 216.54 330.21
  A 0.16 0.16 0.0 0 0 216.24 330.29
  L 216.24 355.38
  A 0.42 0.41 90.0 0 1 215.83 355.80
  L 209.42 355.80
  A 0.43 0.43 0.0 0 1 208.99 355.37
  L 208.99 315.43
  A 0.62 0.61 0.0 0 1 209.61 314.82
  L 215.45 314.82
  A 0.73 0.72 74.4 0 1 216.07 315.18
  Q 226.08 332.23 226.83 333.51
  Q 228.92 337.05 230.95 340.40
  A 0.16 0.16 0.0 0 0 231.25 340.32
  L 231.25 315.23
  A 0.42 0.41 90.0 0 1 231.66 314.81
  L 238.07 314.81
  A 0.43 0.43 0.0 0 1 238.50 315.24
  L 238.50 355.18
  A 0.62 0.61 0.0 0 1 237.88 355.79
  L 232.04 355.79
  A 0.73 0.72 74.4 0 1 231.42 355.43
  Q 221.42 338.38 220.66 337.10
  Z"
/>
<path fill="#355508" d="
  M 254.55 315.34
  A 0.46 0.46 0.0 0 1 255.02 314.89
  L 266.97 314.91
  A 18.20 16.77 -89.9 0 1 283.70 333.14
  L 283.70 337.72
  A 18.20 16.77 -89.9 0 1 266.89 355.89
  L 254.94 355.87
  A 0.46 0.46 0.0 0 1 254.49 355.40
  L 254.55 315.34
  Z
  M 261.74 323.22
  L 261.74 347.52
  A 0.60 0.60 0.0 0 0 262.34 348.12
  L 265.87 348.12
  A 10.93 10.61 90.0 0 0 276.48 337.19
  L 276.48 333.55
  A 10.93 10.61 -90.0 0 0 265.87 322.62
  L 262.34 322.62
  A 0.60 0.60 0.0 0 0 261.74 323.22
  Z"
/>
<path fill="#355508" d="
  M 305.90 348.00
  L 315.06 348.00
  A 0.43 0.43 0.0 0 1 315.49 348.43
  L 315.49 355.31
  A 0.43 0.43 0.0 0 1 315.06 355.74
  L 298.69 355.74
  A 0.43 0.43 0.0 0 1 298.26 355.31
  L 298.26 315.20
  A 0.43 0.43 0.0 0 1 298.69 314.77
  L 305.04 314.77
  A 0.43 0.43 0.0 0 1 305.47 315.20
  L 305.47 347.57
  A 0.43 0.43 0.0 0 0 305.90 348.00
  Z"
/>
<path fill="#355508" d="
  M 340.41 328.69
  Q 340.66 328.69 340.74 328.53
  Q 343.60 322.32 347.10 315.00
  A 0.38 0.37 12.3 0 1 347.44 314.79
  L 354.67 314.79
  A 0.16 0.16 0.0 0 1 354.82 315.01
  L 344.36 337.39
  A 3.77 3.70 57.8 0 0 344.02 338.95
  L 344.02 355.04
  A 0.67 0.67 0.0 0 1 343.42 355.70
  Q 343.01 355.75 340.38 355.74
  Q 337.75 355.74 337.34 355.70
  A 0.67 0.67 0.0 0 1 336.74 355.03
  L 336.78 338.94
  A 3.77 3.70 -57.6 0 0 336.45 337.38
  L 326.04 314.98
  A 0.16 0.16 0.0 0 1 326.19 314.76
  L 333.42 314.77
  A 0.38 0.37 -12.2 0 1 333.76 314.98
  Q 337.24 322.31 340.09 328.53
  Q 340.17 328.69 340.41 328.69
  Z"
/>
<path fill="#92bb13" d="
  M 122.33 322.81
  A 0.23 0.23 0.0 0 1 122.56 322.58
  L 125.52 322.61
  A 4.51 3.69 0.4 0 1 130.00 326.33
  L 130.00 327.13
  A 4.51 3.69 0.4 0 1 125.46 330.79
  L 122.50 330.76
  A 0.23 0.23 0.0 0 1 122.27 330.53
  L 122.33 322.81
  Z"
/>
<path fill="#92bb13" d="
  M 261.74 323.22
  A 0.60 0.60 0.0 0 1 262.34 322.62
  L 265.87 322.62
  A 10.93 10.61 -90.0 0 1 276.48 333.55
  L 276.48 337.19
  A 10.93 10.61 -90.0 0 1 265.87 348.12
  L 262.34 348.12
  A 0.60 0.60 0.0 0 1 261.74 347.52
  L 261.74 323.22
  Z"
/>
<path fill="#92bb13" d="
  M 231.43 474.04
  L 213.37 474.25
  Q 207.84 461.37 207.25 447.75
  C 206.86 438.59 208.55 423.21 205.39 409.83
  Q 198.91 382.35 178.84 358.67
  A 0.35 0.34 47.0 0 1 178.85 358.21
  L 179.03 358.03
  A 0.05 0.05 0.0 0 1 179.09 358.03
  Q 202.01 378.33 213.07 406.41
  C 217.74 418.25 218.88 429.75 219.94 443.61
  Q 221.20 460.15 231.43 474.04
  Z"
/>
</svg>
