<svg xmlns="http://www.w3.org/2000/svg" 
                      viewBox="0 0 992.9499999999999 994.38" 
                      width="992.9499999999999" 
                      height="994.38"
                      preserveAspectRatio="none"
                      data-content-extracted="true"
                      data-overflow="horizontal:4,vertical:4"
                      data-original-bounds="-90.8,-90.8,898.15,899.58">
                        <g transform="translate(92.8, 92.8)">
                          
<g stroke-width="2.00" fill="none" stroke-linecap="butt">
<path vector-effect="non-scaling-stroke" d="   M 262.01 499.82   C 259.12 505.47 257.60 515.59 262.29 520.74   A 2.19 1.92 55.6 0 0 264.64 521.34   C 268.30 519.68 268.38 510.03 268.20 506.55   A 0.34 0.34 0.0 0 1 268.79 506.30   C 269.79 507.39 270.60 508.66 271.89 509.74   Q 275.75 512.92 278.81 517.26   A 2.05 1.85 54.9 0 0 281.50 517.88   C 285.98 514.73 278.69 502.61 276.39 499.36   A 0.37 0.36 -16.3 0 1 276.71 498.79   Q 282.94 499.07 285.06 500.12   C 289.29 502.23 293.29 504.77 295.45 503.84   A 3.24 2.81 76.6 0 0 297.12 500.64   Q 296.86 498.18 295.35 495.94   Q 288.09 485.14 274.99 485.01   Q 272.13 484.98 269.62 486.24   A 0.27 0.27 0.0 0 1 269.23 486.05   C 261.68 444.02 265.12 400.45 297.66 369.33   A 0.24 0.24 0.0 0 1 298.07 369.46   C 310.50 435.20 352.29 492.08 412.04 522.43   A 1.09 1.08 9.1 0 1 412.61 523.21   Q 415.41 540.01 418.33 549.20   Q 423.41 565.13 423.64 566.06   C 426.97 579.08 415.38 587.76 403.76 588.59   C 390.65 589.53 379.17 590.76 368.28 596.79   C 361.25 600.68 355.30 609.48 351.85 616.47   A 0.42 0.42 0.0 0 0 352.23 617.08   Q 402.58 617.09 433.88 617.09   C 442.02 617.09 447.41 616.32 452.80 611.05   C 458.37 605.60 459.38 599.96 459.47 591.39   Q 459.70 567.75 463.12 542.32   A 0.55 0.55 0.0 0 1 463.78 541.86   Q 476.84 544.81 489.50 545.77   Q 524.23 548.39 558.23 541.82   A 0.50 0.50 0.0 0 1 558.82 542.24   Q 562.24 567.71 562.55 592.36   Q 562.63 598.57 563.48 601.55   C 565.48 608.53 570.55 613.79 577.13 616.11   Q 580.20 617.18 588.48 617.15   Q 612.97 617.03 669.80 617.09   A 0.35 0.35 0.0 0 0 670.11 616.57   C 665.56 608.34 660.35 600.26 651.79 595.77   C 643.28 591.31 631.74 589.45 620.93 588.83   C 612.02 588.31 605.22 585.57 600.01 578.34   C 596.13 572.94 597.98 565.77 600.24 560.07   C 605.02 548.03 607.39 535.93 609.36 523.24   A 1.06 1.05 -9.9 0 1 609.91 522.47   Q 622.34 515.69 629.45 510.98   C 678.44 478.48 713.20 427.51 723.85 369.66   A 0.45 0.45 0.0 0 1 724.62 369.43   Q 747.50 393.02 753.18 425.78   Q 758.02 453.69 752.72 485.81   A 0.51 0.51 0.0 0 1 752.07 486.22   C 743.23 483.47 732.95 487.20 727.41 494.66   Q 725.17 497.69 724.93 500.34   C 724.61 504.11 727.79 504.85 730.41 503.33   C 735.95 500.14 738.77 498.89 745.24 498.76   A 0.40 0.40 0.0 0 1 745.58 499.39   C 742.83 503.23 737.27 512.23 739.76 516.47   A 2.27 1.81 55.8 0 0 742.76 517.40   C 744.33 516.07 745.27 513.90 746.41 512.85   Q 748.85 510.62 753.05 506.28   A 0.31 0.31 0.0 0 1 753.59 506.48   C 753.85 510.63 753.49 519.01 756.87 520.98   C 759.20 522.34 760.95 520.18 761.74 518.02   C 763.96 512.01 762.65 506.07 759.81 500.41   A 0.24 0.24 0.0 0 1 760.12 500.09   Q 765.88 502.81 767.76 508.81   C 769.26 513.61 776.19 512.71 774.92 506.75   Q 772.73 496.38 761.94 493.90   A 0.43 0.43 0.0 0 1 761.66 493.27   Q 770.94 476.50 776.72 456.00   Q 787.02 419.42 777.87 383.52   Q 766.79 340.08 728.30 314.48   A 0.75 0.73 14.1 0 1 727.98 313.96   Q 727.05 307.12 726.25 301.06   Q 719.77 251.94 692.87 210.85   A 0.54 0.54 0.0 0 1 693.20 210.02   C 719.33 204.06 749.07 193.83 762.54 169.58   C 772.61 151.45 775.38 130.73 769.26 110.75   A 0.66 0.66 0.0 0 1 769.65 109.94   Q 771.05 109.41 773.06 109.49   Q 783.31 109.87 791.24 116.78   Q 797.01 121.82 802.50 128.12   A 0.22 0.22 0.0 0 0 802.87 127.88   Q 788.98 98.18 760.50 86.45   C 730.22 73.97 694.48 80.83 671.68 104.68   C 658.23 118.74 649.53 136.98 641.35 154.17   A 0.65 0.65 0.0 0 1 640.39 154.42   Q 612.43 134.12 580.38 122.49   A 0.47 0.47 0.0 0 1 580.15 121.78   Q 586.12 112.82 591.30 103.80   Q 591.44 103.57 615.80 60.30   C 623.87 45.97 635.67 15.52 613.14 6.96   Q 610.44 5.94 605.63 5.95   Q 599.45 5.97 598.02 6.27   C 571.81 11.81 553.51 33.44 549.30 59.36   C 547.95 67.66 548.77 77.29 550.24 85.03   Q 553.48 102.04 554.94 114.80   A 0.73 0.73 0.0 0 1 554.07 115.59   Q 511.59 106.84 468.45 115.69   A 0.35 0.34 84.0 0 1 468.04 115.35   C 468.18 104.19 470.02 96.02 472.46 81.75   C 473.93 73.13 474.82 64.75 472.96 56.60   Q 465.55 24.19 435.70 9.83   Q 425.24 4.79 413.74 6.05   C 395.39 8.05 393.44 25.66 397.70 40.11   Q 401.38 52.59 408.32 64.23   Q 417.53 79.69 429.87 102.13   Q 435.93 113.15 441.86 121.90   A 0.41 0.41 0.0 0 1 441.65 122.52   Q 408.63 133.67 381.62 154.24   A 0.72 0.72 0.0 0 1 380.54 153.99   C 370.15 133.33 364.17 119.42 351.33 105.90   Q 331.62 85.15 304.04 81.13   C 268.88 76.01 233.45 94.58 219.24 127.60   A 0.23 0.23 0.0 0 0 219.63 127.84   C 229.20 117.32 238.47 107.49 253.35 108.00   A 0.45 0.45 0.0 0 1 253.76 108.59   Q 245.25 134.48 255.67 159.35   C 268.54 190.07 299.18 201.06 329.68 208.17   A 0.38 0.38 0.0 0 1 329.92 208.73   Q 327.89 212.34 324.10 218.83   Q 298.87 262.04 295.14 311.84   A 1.27 1.26 -14.0 0 1 294.55 312.81   C 255.83 337.10 236.46 381.30 240.26 426.53   Q 243.20 461.58 260.38 492.30   A 0.49 0.49 0.0 0 1 260.09 493.01   C 253.56 494.84 245.63 501.51 247.20 509.15   A 1.45 1.45 0.0 0 0 247.81 510.06   C 251.02 512.24 253.38 510.02 254.57 506.92   C 255.99 503.22 257.89 500.88 261.52 499.30   A 0.38 0.38 0.0 0 1 262.01 499.82"/>
<path vector-effect="non-scaling-stroke" d="   M 91.61 798.43   C 97.60 798.43 101.61 795.18 104.44 790.22   Q 114.55 772.48 153.42 704.36   A 0.20 0.20 0.0 0 1 153.79 704.46   L 153.79 795.88   A 0.37 0.37 0.0 0 0 154.16 796.25   L 181.49 796.25   A 0.64 0.64 0.0 0 0 182.13 795.61   Q 182.10 660.07 182.12 656.92   C 182.17 650.07 181.52 645.24 176.25 641.38   C 169.35 636.32 159.99 638.22 155.61 645.83   Q 120.70 706.40 91.83 756.56   Q 91.77 756.66 91.60 756.66   Q 91.43 756.66 91.37 756.56   Q 62.48 706.41 27.55 645.85   C 23.17 638.24 13.81 636.35 6.91 641.41   C 1.64 645.27 0.99 650.10 1.05 656.95   Q 1.07 660.10 1.09 795.64   A 0.64 0.64 0.0 0 0 1.73 796.28   L 29.06 796.27   A 0.37 0.37 0.0 0 0 29.43 795.90   L 29.39 704.48   A 0.20 0.20 0.0 0 1 29.76 704.38   Q 68.66 772.49 78.77 790.22   C 81.60 795.18 85.61 798.43 91.61 798.43"/>
<path vector-effect="non-scaling-stroke" d="   M 677.23 795.84   A 0.44 0.44 0.0 0 0 677.67 796.28   L 705.32 796.28   A 0.44 0.44 0.0 0 0 705.76 795.84   L 705.76 707.71   A 0.44 0.44 0.0 0 1 706.20 707.27   L 754.56 707.27   A 0.44 0.44 0.0 0 0 755.00 706.83   L 755.00 679.44   A 0.44 0.44 0.0 0 0 754.56 679.00   L 706.20 679.00   A 0.44 0.44 0.0 0 1 705.76 678.56   L 705.76 641.19   A 0.44 0.44 0.0 0 0 705.32 640.75   L 677.67 640.75   A 0.44 0.44 0.0 0 0 677.23 641.19   L 677.23 678.56   A 0.44 0.44 0.0 0 1 676.79 679.00   L 640.97 679.00   A 0.44 0.44 0.0 0 0 640.53 679.44   L 640.53 706.83   A 0.44 0.44 0.0 0 0 640.97 707.27   L 676.79 707.27   A 0.44 0.44 0.0 0 1 677.23 707.71   L 677.23 795.84"/>
<path vector-effect="non-scaling-stroke" d="   M 338.5353 717.4433   A 38.31 38.31 0.0 0 0 300.2922 679.0665   L 247.0723 678.9736   A 38.31 38.31 0.0 0 0 208.6955 717.2167   L 208.6247 757.7967   A 38.31 38.31 0.0 0 0 246.8678 796.1735   L 300.0877 796.2664   A 38.31 38.31 0.0 0 0 338.4645 758.0233   L 338.5353 717.4433"/>
<path vector-effect="non-scaling-stroke" d="   M 464.61 796.26   L 491.83 796.26   A 0.66 0.66 0.0 0 0 492.49 795.60   Q 492.57 759.94 492.47 731.51   C 492.41 715.06 486.75 699.95 473.19 690.00   Q 458.24 679.03 440.01 679.03   Q 382.88 679.00 382.23 678.99   C 373.61 678.87 367.84 679.51 363.97 686.52   Q 362.51 689.16 362.52 700.26   Q 362.62 793.05 362.54 795.59   A 0.66 0.66 0.0 0 0 363.20 796.27   L 390.43 796.27   A 0.38 0.37 90.0 0 0 390.80 795.89   L 390.80 707.63   A 0.38 0.37 0.0 0 1 391.18 707.26   Q 403.00 707.29 439.51 707.29   C 454.95 707.30 464.24 717.30 464.26 732.25   Q 464.30 758.56 464.27 795.92   A 0.34 0.34 0.0 0 0 464.61 796.26"/>
<path vector-effect="non-scaling-stroke" d="   M 616.61 706.92   L 616.61 679.60   A 0.61 0.61 0.0 0 0 616.00 678.99   Q 588.04 679.03 557.60 678.98   C 546.35 678.97 538.14 678.80 529.82 683.52   C 517.21 690.68 511.46 703.61 513.72 717.72   Q 516.34 734.15 531.21 741.78   C 536.63 744.57 542.21 745.28 548.26 745.26   Q 577.21 745.15 591.86 745.35   C 599.90 745.46 602.87 751.63 602.27 758.72   C 601.73 765.12 596.68 767.96 590.49 767.97   Q 572.99 768.02 514.95 767.99   A 0.35 0.35 0.0 0 0 514.60 768.34   L 514.60 795.69   A 0.56 0.56 0.0 0 0 515.16 796.25   Q 554.01 796.32 590.24 796.23   C 613.21 796.18 630.89 780.31 630.47 756.73   Q 630.24 743.94 623.35 733.44   C 617.84 725.05 610.37 720.39 600.69 718.14   Q 596.14 717.08 579.72 717.21   Q 570.89 717.27 546.27 717.23   A 4.81 4.81 0.0 0 1 541.47 712.42   L 541.47 711.92   A 4.65 4.65 0.0 0 1 546.12 707.27   L 616.26 707.27   A 0.35 0.35 0.0 0 0 616.61 706.92"/>
<path vector-effect="non-scaling-stroke" d="   M 809.52 730.48   L 809.52 756.44   A 0.32 0.32 0.0 0 0 809.84 756.76   Q 823.42 756.70 849.40 756.80   Q 865.48 756.85 869.55 755.93   C 882.06 753.11 892.96 743.42 896.94 730.90   C 901.55 716.41 899.22 700.93 888.30 690.19   C 880.21 682.23 869.58 678.95 858.25 679.00   Q 851.86 679.03 809.74 678.99   C 791.34 678.98 776.66 690.01 772.12 707.65   Q 770.53 713.87 770.62 725.50   Q 770.72 738.21 770.70 753.75   Q 770.69 761.26 771.05 763.71   C 774.01 783.51 790.24 796.09 810.02 796.20   Q 838.59 796.36 859.89 796.19   A 0.53 0.53 0.0 0 0 860.41 795.66   L 860.41 769.69   A 0.45 0.45 0.0 0 0 859.96 769.24   Q 814.50 769.22 810.48 769.26   Q 805.67 769.30 803.81 768.25   C 797.96 764.95 797.46 760.94 797.49 753.49   Q 797.57 724.56 797.52 723.01   C 797.16 713.06 799.20 705.80 810.27 705.78   Q 854.46 705.70 860.75 705.82   C 868.83 705.97 874.07 712.93 871.99 720.78   Q 869.56 729.92 859.49 729.96   Q 841.72 730.04 810.03 729.98   A 0.51 0.50 -0.0 0 0 809.52 730.48"/>
<path vector-effect="non-scaling-stroke" d="   M 945.70 795.57   Q 945.85 771.73 945.73 720.54   C 945.71 711.16 948.80 707.27 958.65 707.27   Q 961.82 707.27 1020.46 707.27   A 0.40 0.40 0.0 0 0 1020.86 706.87   L 1020.86 679.56   A 0.56 0.56 0.0 0 0 1020.30 679.00   Q 959.91 678.99 957.25 679.01   C 949.30 679.05 939.31 682.01 932.66 686.93   Q 917.66 698.03 917.59 719.02   Q 917.59 720.43 917.60 795.62   A 0.64 0.64 0.0 0 0 918.24 796.26   L 945.01 796.26   A 0.69 0.69 0.0 0 0 945.70 795.57"/>
<path vector-effect="non-scaling-stroke" d="   M 419.81 869.60   C 419.85 884.01 427.28 898.33 443.61 898.28   C 459.94 898.24 467.30 883.89 467.26 869.48   C 467.23 855.07 459.80 840.76 443.47 840.80   C 427.14 840.84 419.78 855.19 419.81 869.60"/>
<path vector-effect="non-scaling-stroke" d="   M 536.20 867.24   A 0.36 0.35 -82.5 0 0 535.86 867.51   Q 533.62 876.01 528.58 883.26   A 0.58 0.58 0.0 0 1 527.73 883.38   Q 519.92 877.00 514.25 868.46   A 0.40 0.39 -33.3 0 1 514.37 867.91   C 521.43 863.38 530.24 855.39 525.23 846.00   Q 523.45 842.68 520.38 841.63   C 510.92 838.41 502.44 844.88 502.91 854.79   Q 503.16 859.91 506.22 866.43   A 0.70 0.69 60.7 0 1 505.98 867.31   C 499.31 871.74 493.39 878.70 496.19 887.39   Q 499.14 896.53 509.25 898.05   Q 519.51 899.58 528.05 892.30   A 0.70 0.69 42.0 0 1 528.91 892.26   Q 534.23 896.02 540.53 898.15   A 0.80 0.80 0.0 0 0 541.55 897.63   L 542.92 893.33   A 0.82 0.81 -72.2 0 0 542.40 892.31   Q 537.84 890.81 533.04 887.51   A 0.42 0.42 0.0 0 1 532.93 886.92   Q 539.31 878.10 542.30 867.52   A 0.22 0.22 0.0 0 0 542.09 867.24   L 536.20 867.24"/>
<path vector-effect="non-scaling-stroke" d="   M 817.34 869.58   C 817.36 883.99 824.78 898.31 841.11 898.29   C 857.45 898.26 864.82 883.91 864.80 869.50   C 864.77 855.08 857.35 840.76 841.02 840.79   C 824.69 840.82 817.31 855.16 817.34 869.58"/>
<path vector-effect="non-scaling-stroke" d="   M 179.89 880.50   Q 189.17 880.51 189.49 880.54   A 0.85 0.84 83.6 0 1 190.24 881.14   L 195.13 897.03   A 0.38 0.36 81.4 0 0 195.48 897.30   L 202.38 897.30   A 0.16 0.15 80.3 0 0 202.52 897.09   L 184.13 842.40   A 0.84 0.84 0.0 0 0 183.38 841.83   Q 181.68 841.73 179.94 841.72   Q 178.20 841.72 176.51 841.82   A 0.84 0.84 0.0 0 0 175.76 842.39   L 157.22 897.03   A 0.16 0.15 -80.1 0 0 157.35 897.24   L 164.25 897.26   A 0.38 0.36 -81.2 0 0 164.61 896.99   L 169.54 881.11   A 0.85 0.84 -83.4 0 1 170.29 880.51   Q 170.61 880.49 179.89 880.50"/>
<path vector-effect="non-scaling-stroke" d="   M 250.28 898.29   C 264.73 898.25 270.04 888.15 270.10 874.99   Q 270.12 871.34 270.01 842.09   A 0.40 0.39 0.0 0 0 269.61 841.70   L 263.55 841.70   A 0.42 0.42 0.0 0 0 263.13 842.12   Q 263.18 857.83 263.21 874.75   C 263.23 883.30 260.62 892.16 250.26 892.18   C 239.91 892.20 237.26 883.36 237.23 874.81   Q 237.19 857.89 237.16 842.18   A 0.42 0.42 0.0 0 0 236.74 841.76   L 230.68 841.79   A 0.40 0.39 -0.3 0 0 230.28 842.18   Q 230.31 871.43 230.35 875.08   C 230.47 888.24 235.83 898.32 250.28 898.29"/>
<path vector-effect="non-scaling-stroke" d="   M 306.28 842.18   L 306.18 896.80   A 0.49 0.49 0.0 0 0 306.67 897.30   L 321.87 897.32   A 24.55 24.47 -89.9 0 0 346.38 872.82   L 346.40 866.32   A 24.55 24.47 -89.9 0 0 321.97 841.72   L 306.77 841.70   A 0.49 0.49 0.0 0 0 306.28 842.18"/>
<path vector-effect="non-scaling-stroke" d="   M 386.51 842.13   A 0.40 0.40 0.0 0 0 386.11 841.73   L 379.89 841.73   A 0.40 0.40 0.0 0 0 379.49 842.13   L 379.49 896.85   A 0.40 0.40 0.0 0 0 379.89 897.25   L 386.11 897.25   A 0.40 0.40 0.0 0 0 386.51 896.85   L 386.51 842.13"/>
<path vector-effect="non-scaling-stroke" d="   M 587.53 897.27   Q 590.93 897.27 591.18 897.21   A 0.94 0.94 0.0 0 0 591.88 896.59   L 609.25 841.93   A 0.16 0.16 0.0 0 0 609.10 841.72   L 602.18 841.72   A 0.31 0.31 0.0 0 0 601.88 841.95   Q 594.80 865.71 587.94 889.49   Q 587.82 889.90 587.53 889.90   Q 587.23 889.90 587.11 889.49   Q 580.20 865.73 573.07 841.98   A 0.31 0.31 0.0 0 0 572.77 841.75   L 565.85 841.77   A 0.16 0.16 0.0 0 0 565.70 841.98   L 583.19 896.60   A 0.94 0.94 0.0 0 0 583.89 897.22   Q 584.14 897.27 587.53 897.27"/>
<path vector-effect="non-scaling-stroke" d="   M 644.99 842.06   A 0.33 0.33 0.0 0 0 644.66 841.73   L 638.34 841.73   A 0.33 0.33 0.0 0 0 638.01 842.06   L 638.01 896.92   A 0.33 0.33 0.0 0 0 638.34 897.25   L 644.66 897.25   A 0.33 0.33 0.0 0 0 644.99 896.92   L 644.99 842.06"/>
<path vector-effect="non-scaling-stroke" d="   M 681.55 842.18   L 681.45 896.82   A 0.46 0.46 0.0 0 0 681.91 897.28   L 697.08 897.30   A 24.37 24.33 -89.9 0 0 721.45 872.97   L 721.47 866.15   A 24.37 24.33 -89.9 0 0 697.18 841.74   L 682.01 841.72   A 0.46 0.46 0.0 0 0 681.55 842.18"/>
<path vector-effect="non-scaling-stroke" d="   M 762.20 865.24   A 0.44 0.44 0.0 0 1 761.76 864.80   L 761.76 848.21   A 0.44 0.44 0.0 0 1 762.20 847.77   L 786.35 847.77   A 0.44 0.44 0.0 0 0 786.79 847.33   L 786.79 842.19   A 0.44 0.44 0.0 0 0 786.35 841.75   L 755.19 841.75   A 0.44 0.44 0.0 0 0 754.75 842.19   L 754.75 896.83   A 0.44 0.44 0.0 0 0 755.19 897.27   L 787.08 897.27   A 0.44 0.44 0.0 0 0 787.52 896.83   L 787.52 891.68   A 0.44 0.44 0.0 0 0 787.08 891.24   L 762.20 891.24   A 0.44 0.44 0.0 0 1 761.76 890.80   L 761.76 871.70   A 0.44 0.44 0.0 0 1 762.20 871.26   L 782.34 871.26   A 0.44 0.44 0.0 0 0 782.78 870.82   L 782.78 865.68   A 0.44 0.44 0.0 0 0 782.34 865.24   L 762.20 865.24"/>
<path vector-effect="non-scaling-stroke" d="   M 448.6534 188.3503   A 50.58 48.65 -90.2 0 0 400.1803 239.0998   A 50.58 48.65 -90.2 0 0 449.0066 289.5097   A 50.58 48.65 -90.2 0 0 497.4797 238.7602   A 50.58 48.65 -90.2 0 0 448.6534 188.3503"/>
<path vector-effect="non-scaling-stroke" d="   M 572.3339 188.3849   A 50.57 48.65 -90.8 0 0 524.3947 239.6293   A 50.57 48.65 -90.8 0 0 573.7461 289.5151   A 50.57 48.65 -90.8 0 0 621.6853 238.2707   A 50.57 48.65 -90.8 0 0 572.3339 188.3849"/>
<path vector-effect="non-scaling-stroke" d="   M 624.45 318.51   Q 611.54 332.12 594.12 341.37   Q 576.92 350.50 558.05 355.03   Q 503.68 368.07 450.67 353.52   C 427.02 347.03 405.38 335.47 388.60 318.14   A 0.18 0.18 0.0 0 0 388.31 318.35   C 397.01 334.73 412.08 347.27 428.17 356.10   A 0.59 0.58 -59.0 0 1 428.37 356.94   Q 422.31 366.15 420.19 371.18   C 418.06 376.23 417.19 378.93 419.67 383.35   Q 423.22 389.70 429.37 392.88   C 434.91 395.74 442.12 397.90 448.42 396.88   C 451.66 396.36 455.65 395.48 457.63 392.62   C 461.88 386.49 463.62 377.59 464.98 370.16   A 0.48 0.48 0.0 0 1 465.56 369.78   Q 484.65 374.38 503.90 374.48   A 0.39 0.38 -84.9 0 1 504.27 374.94   C 503.28 380.32 500.52 392.52 504.27 396.48   C 509.53 402.02 517.71 405.17 525.16 406.28   C 537.91 408.20 553.72 406.26 561.89 394.89   Q 563.80 392.25 563.28 389.74   C 561.85 382.70 557.44 375.24 553.48 369.55   A 0.51 0.50 63.4 0 1 553.73 368.78   L 569.76 363.39   A 0.54 0.54 0.0 0 1 570.43 363.69   Q 573.01 369.71 576.86 376.38   C 580.45 382.61 584.66 388.53 592.66 387.61   Q 610.02 385.60 618.27 370.32   Q 620.99 365.27 619.13 361.17   C 616.28 354.91 609.64 348.97 603.36 344.36   A 0.63 0.63 0.0 0 1 603.34 343.36   Q 616.66 332.79 624.79 318.76   A 0.21 0.21 0.0 0 0 624.45 318.51"/>
<path vector-effect="non-scaling-stroke" d="   M 469.54 236.56   C 462.61 245.24 450.88 235.19 459.80 226.77   A 0.38 0.38 0.0 0 0 459.66 226.13   Q 445.13 221.52 436.68 232.15   C 432.49 237.43 431.59 244.19 434.44 250.40   C 441.55 265.90 462.80 267.49 470.17 251.41   Q 473.29 244.59 470.32 236.69   A 0.46 0.45 54.2 0 0 469.54 236.56"/>
<path vector-effect="non-scaling-stroke" d="   M 576.34 226.24   Q 564.12 221.97 555.58 229.62   C 546.02 238.17 547.69 252.86 558.18 259.39   C 574.01 269.26 593.63 255.15 586.98 236.93   A 0.53 0.52 -23.0 0 0 586.26 236.64   C 585.52 237.00 584.73 238.17 583.67 238.75   C 575.08 243.48 569.20 232.37 576.44 226.86   A 0.36 0.35 -54.5 0 0 576.34 226.24"/>
<path vector-effect="non-scaling-stroke" d="   M 450.4094 244.1675   A 4.81 4.60 -45.7 0 0 443.7578 244.3973   A 4.81 4.60 -45.7 0 0 443.6906 251.0525   A 4.81 4.60 -45.7 0 0 450.3422 250.8227   A 4.81 4.60 -45.7 0 0 450.4094 244.1675"/>
<path vector-effect="non-scaling-stroke" d="   M 569.24 247.50   A 4.79 4.79 0.0 0 0 564.45 242.71   A 4.79 4.79 0.0 0 0 559.66 247.50   A 4.79 4.79 0.0 0 0 564.45 252.29   A 4.79 4.79 0.0 0 0 569.24 247.50"/>
<path vector-effect="non-scaling-stroke" d="   M 310.39 717.38   A 10.10 10.10 0.0 0 0 300.29 707.28   L 246.95 707.28   A 10.10 10.10 0.0 0 0 236.85 717.38   L 236.85 757.88   A 10.10 10.10 0.0 0 0 246.95 767.98   L 300.29 767.98   A 10.10 10.10 0.0 0 0 310.39 757.88   L 310.39 717.38"/>
<path vector-effect="non-scaling-stroke" d="   M 427.16 869.53   C 427.14 879.58 431.29 892.10 443.50 892.12   C 455.70 892.13 459.89 879.62 459.90 869.57   C 459.92 859.52 455.77 847.00 443.56 846.98   C 431.36 846.97 427.17 859.48 427.16 869.53"/>
<path vector-effect="non-scaling-stroke" d="   M 511.35 863.36   Q 511.43 863.39 511.47 863.36   C 516.35 860.64 522.33 855.84 520.58 849.69   Q 519.80 846.94 517.12 846.05   Q 514.45 845.16 512.17 846.88   C 507.08 850.75 508.98 858.18 511.24 863.29   Q 511.27 863.33 511.35 863.36"/>
<path vector-effect="non-scaling-stroke" d="   M 523.17 887.74   Q 514.60 879.81 509.66 872.38   A 0.59 0.57 56.6 0 0 508.87 872.21   Q 508.67 872.34 506.54 874.33   Q 502.01 878.58 502.44 883.41   C 502.86 888.23 506.26 891.85 510.94 892.53   Q 517.57 893.49 523.14 888.76   A 0.68 0.68 0.0 0 0 523.17 887.74"/>
<path vector-effect="non-scaling-stroke" d="   M 824.66 869.53   C 824.66 879.58 828.82 892.10 841.02 892.11   C 853.23 892.12 857.41 879.60 857.41 869.55   C 857.42 859.50 853.26 846.98 841.05 846.97   C 828.84 846.97 824.67 859.48 824.66 869.53"/>
<path vector-effect="non-scaling-stroke" d="   M 179.80 874.75   Q 187.02 874.75 187.69 874.70   A 0.36 0.36 0.0 0 0 188.01 874.24   L 180.07 848.06   A 0.34 0.19 83.2 0 0 179.92 847.85   Q 179.86 847.82 179.79 847.82   Q 179.72 847.82 179.66 847.85   A 0.34 0.19 -83.3 0 0 179.50 848.06   L 171.60 874.25   A 0.36 0.36 0.0 0 0 171.92 874.71   Q 172.59 874.76 179.80 874.75"/>
<path vector-effect="non-scaling-stroke" d="   M 313.27 848.03   L 313.27 891.01   A 0.53 0.53 0.0 0 0 313.80 891.54   L 320.89 891.54   A 18.70 18.08 -90.0 0 0 338.97 872.84   L 338.97 866.20   A 18.70 18.08 90.0 0 0 320.89 847.50   L 313.80 847.50   A 0.53 0.53 0.0 0 0 313.27 848.03"/>
<path vector-effect="non-scaling-stroke" d="   M 688.51 848.01   L 688.51 891.01   A 0.55 0.55 0.0 0 0 689.06 891.56   L 695.94 891.56   A 18.72 18.21 -90.0 0 0 714.15 872.84   L 714.15 866.18   A 18.72 18.21 90.0 0 0 695.94 847.46   L 689.06 847.46   A 0.55 0.55 0.0 0 0 688.51 848.01"/>
</g>

<path fill="#333333" d="   M 261.52 499.30   C 257.89 500.88 255.99 503.22 254.57 506.92   C 253.38 510.02 251.02 512.24 247.81 510.06   A 1.45 1.45 0.0 0 1 247.20 509.15   C 245.63 501.51 253.56 494.84 260.09 493.01   A 0.49 0.49 0.0 0 0 260.38 492.30   Q 243.20 461.58 240.26 426.53   C 236.46 381.30 255.83 337.10 294.55 312.81   A 1.27 1.26 -14.0 0 0 295.14 311.84   Q 298.87 262.04 324.10 218.83   Q 327.89 212.34 329.92 208.73   A 0.38 0.38 0.0 0 0 329.68 208.17   C 299.18 201.06 268.54 190.07 255.67 159.35   Q 245.25 134.48 253.76 108.59   A 0.45 0.45 0.0 0 0 253.35 108.00   C 238.47 107.49 229.20 117.32 219.63 127.84   A 0.23 0.23 0.0 0 1 219.24 127.60   C 233.45 94.58 268.88 76.01 304.04 81.13   Q 331.62 85.15 351.33 105.90   C 364.17 119.42 370.15 133.33 380.54 153.99   A 0.72 0.72 0.0 0 0 381.62 154.24   Q 408.63 133.67 441.65 122.52   A 0.41 0.41 0.0 0 0 441.86 121.90   Q 435.93 113.15 429.87 102.13   Q 417.53 79.69 408.32 64.23   Q 401.38 52.59 397.70 40.11   C 393.44 25.66 395.39 8.05 413.74 6.05   Q 425.24 4.79 435.70 9.83   Q 465.55 24.19 472.96 56.60   C 474.82 64.75 473.93 73.13 472.46 81.75   C 470.02 96.02 468.18 104.19 468.04 115.35   A 0.35 0.34 84.0 0 0 468.45 115.69   Q 511.59 106.84 554.07 115.59   A 0.73 0.73 0.0 0 0 554.94 114.80   Q 553.48 102.04 550.24 85.03   C 548.77 77.29 547.95 67.66 549.30 59.36   C 553.51 33.44 571.81 11.81 598.02 6.27   Q 599.45 5.97 605.63 5.95   Q 610.44 5.94 613.14 6.96   C 635.67 15.52 623.87 45.97 615.80 60.30   Q 591.44 103.57 591.30 103.80   Q 586.12 112.82 580.15 121.78   A 0.47 0.47 0.0 0 0 580.38 122.49   Q 612.43 134.12 640.39 154.42   A 0.65 0.65 0.0 0 0 641.35 154.17   C 649.53 136.98 658.23 118.74 671.68 104.68   C 694.48 80.83 730.22 73.97 760.50 86.45   Q 788.98 98.18 802.87 127.88   A 0.22 0.22 0.0 0 1 802.50 128.12   Q 797.01 121.82 791.24 116.78   Q 783.31 109.87 773.06 109.49   Q 771.05 109.41 769.65 109.94   A 0.66 0.66 0.0 0 0 769.26 110.75   C 775.38 130.73 772.61 151.45 762.54 169.58   C 749.07 193.83 719.33 204.06 693.20 210.02   A 0.54 0.54 0.0 0 0 692.87 210.85   Q 719.77 251.94 726.25 301.06   Q 727.05 307.12 727.98 313.96   A 0.75 0.73 14.1 0 0 728.30 314.48   Q 766.79 340.08 777.87 383.52   Q 787.02 419.42 776.72 456.00   Q 770.94 476.50 761.66 493.27   A 0.43 0.43 0.0 0 0 761.94 493.90   Q 772.73 496.38 774.92 506.75   C 776.19 512.71 769.26 513.61 767.76 508.81   Q 765.88 502.81 760.12 500.09   A 0.24 0.24 0.0 0 0 759.81 500.41   C 762.65 506.07 763.96 512.01 761.74 518.02   C 760.95 520.18 759.20 522.34 756.87 520.98   C 753.49 519.01 753.85 510.63 753.59 506.48   A 0.31 0.31 0.0 0 0 753.05 506.28   Q 748.85 510.62 746.41 512.85   C 745.27 513.90 744.33 516.07 742.76 517.40   A 2.27 1.81 55.8 0 1 739.76 516.47   C 737.27 512.23 742.83 503.23 745.58 499.39   A 0.40 0.40 0.0 0 0 745.24 498.76   C 738.77 498.89 735.95 500.14 730.41 503.33   C 727.79 504.85 724.61 504.11 724.93 500.34   Q 725.17 497.69 727.41 494.66   C 732.95 487.20 743.23 483.47 752.07 486.22   A 0.51 0.51 0.0 0 0 752.72 485.81   Q 758.02 453.69 753.18 425.78   Q 747.50 393.02 724.62 369.43   A 0.45 0.45 0.0 0 0 723.85 369.66   C 713.20 427.51 678.44 478.48 629.45 510.98   Q 622.34 515.69 609.91 522.47   A 1.06 1.05 -9.9 0 0 609.36 523.24   C 607.39 535.93 605.02 548.03 600.24 560.07   C 597.98 565.77 596.13 572.94 600.01 578.34   C 605.22 585.57 612.02 588.31 620.93 588.83   C 631.74 589.45 643.28 591.31 651.79 595.77   C 660.35 600.26 665.56 608.34 670.11 616.57   A 0.35 0.35 0.0 0 1 669.80 617.09   Q 612.97 617.03 588.48 617.15   Q 580.20 617.18 577.13 616.11   C 570.55 613.79 565.48 608.53 563.48 601.55   Q 562.63 598.57 562.55 592.36   Q 562.24 567.71 558.82 542.24   A 0.50 0.50 0.0 0 0 558.23 541.82   Q 524.23 548.39 489.50 545.77   Q 476.84 544.81 463.78 541.86   A 0.55 0.55 0.0 0 0 463.12 542.32   Q 459.70 567.75 459.47 591.39   C 459.38 599.96 458.37 605.60 452.80 611.05   C 447.41 616.32 442.02 617.09 433.88 617.09   Q 402.58 617.09 352.23 617.08   A 0.42 0.42 0.0 0 1 351.85 616.47   C 355.30 609.48 361.25 600.68 368.28 596.79   C 379.17 590.76 390.65 589.53 403.76 588.59   C 415.38 587.76 426.97 579.08 423.64 566.06   Q 423.41 565.13 418.33 549.20   Q 415.41 540.01 412.61 523.21   A 1.09 1.08 9.1 0 0 412.04 522.43   C 352.29 492.08 310.50 435.20 298.07 369.46   A 0.24 0.24 0.0 0 0 297.66 369.33   C 265.12 400.45 261.68 444.02 269.23 486.05   A 0.27 0.27 0.0 0 0 269.62 486.24   Q 272.13 484.98 274.99 485.01   Q 288.09 485.14 295.35 495.94   Q 296.86 498.18 297.12 500.64   A 3.24 2.81 76.6 0 1 295.45 503.84   C 293.29 504.77 289.29 502.23 285.06 500.12   Q 282.94 499.07 276.71 498.79   A 0.37 0.36 -16.3 0 0 276.39 499.36   C 278.69 502.61 285.98 514.73 281.50 517.88   A 2.05 1.85 54.9 0 1 278.81 517.26   Q 275.75 512.92 271.89 509.74   C 270.60 508.66 269.79 507.39 268.79 506.30   A 0.34 0.34 0.0 0 0 268.20 506.55   C 268.38 510.03 268.30 519.68 264.64 521.34   A 2.19 1.92 55.6 0 1 262.29 520.74   C 257.60 515.59 259.12 505.47 262.01 499.82   A 0.38 0.38 0.0 0 0 261.52 499.30   Z   M 448.6534 188.3503   A 50.58 48.65 -90.2 0 0 400.1803 239.0998   A 50.58 48.65 -90.2 0 0 449.0066 289.5097   A 50.58 48.65 -90.2 0 0 497.4797 238.7602   A 50.58 48.65 -90.2 0 0 448.6534 188.3503   Z   M 572.3339 188.3849   A 50.57 48.65 -90.8 0 0 524.3947 239.6293   A 50.57 48.65 -90.8 0 0 573.7461 289.5151   A 50.57 48.65 -90.8 0 0 621.6853 238.2707   A 50.57 48.65 -90.8 0 0 572.3339 188.3849   Z   M 624.45 318.51   Q 611.54 332.12 594.12 341.37   Q 576.92 350.50 558.05 355.03   Q 503.68 368.07 450.67 353.52   C 427.02 347.03 405.38 335.47 388.60 318.14   A 0.18 0.18 0.0 0 0 388.31 318.35   C 397.01 334.73 412.08 347.27 428.17 356.10   A 0.59 0.58 -59.0 0 1 428.37 356.94   Q 422.31 366.15 420.19 371.18   C 418.06 376.23 417.19 378.93 419.67 383.35   Q 423.22 389.70 429.37 392.88   C 434.91 395.74 442.12 397.90 448.42 396.88   C 451.66 396.36 455.65 395.48 457.63 392.62   C 461.88 386.49 463.62 377.59 464.98 370.16   A 0.48 0.48 0.0 0 1 465.56 369.78   Q 484.65 374.38 503.90 374.48   A 0.39 0.38 -84.9 0 1 504.27 374.94   C 503.28 380.32 500.52 392.52 504.27 396.48   C 509.53 402.02 517.71 405.17 525.16 406.28   C 537.91 408.20 553.72 406.26 561.89 394.89   Q 563.80 392.25 563.28 389.74   C 561.85 382.70 557.44 375.24 553.48 369.55   A 0.51 0.50 63.4 0 1 553.73 368.78   L 569.76 363.39   A 0.54 0.54 0.0 0 1 570.43 363.69   Q 573.01 369.71 576.86 376.38   C 580.45 382.61 584.66 388.53 592.66 387.61   Q 610.02 385.60 618.27 370.32   Q 620.99 365.27 619.13 361.17   C 616.28 354.91 609.64 348.97 603.36 344.36   A 0.63 0.63 0.0 0 1 603.34 343.36   Q 616.66 332.79 624.79 318.76   A 0.21 0.21 0.0 0 0 624.45 318.51   Z"/>


<path fill="#333333" d="   M 469.54 236.56   A 0.46 0.45 54.2 0 1 470.32 236.69   Q 473.29 244.59 470.17 251.41   C 462.80 267.49 441.55 265.90 434.44 250.40   C 431.59 244.19 432.49 237.43 436.68 232.15   Q 445.13 221.52 459.66 226.13   A 0.38 0.38 0.0 0 1 459.80 226.77   C 450.88 235.19 462.61 245.24 469.54 236.56   Z   M 450.4094 244.1675   A 4.81 4.60 -45.7 0 0 443.7578 244.3973   A 4.81 4.60 -45.7 0 0 443.6906 251.0525   A 4.81 4.60 -45.7 0 0 450.3422 250.8227   A 4.81 4.60 -45.7 0 0 450.4094 244.1675   Z"/>
<path fill="#333333" d="   M 576.34 226.24   A 0.36 0.35 -54.5 0 1 576.44 226.86   C 569.20 232.37 575.08 243.48 583.67 238.75   C 584.73 238.17 585.52 237.00 586.26 236.64   A 0.53 0.52 -23.0 0 1 586.98 236.93   C 593.63 255.15 574.01 269.26 558.18 259.39   C 547.69 252.86 546.02 238.17 555.58 229.62   Q 564.12 221.97 576.34 226.24   Z   M 569.24 247.50   A 4.79 4.79 0.0 0 0 564.45 242.71   A 4.79 4.79 0.0 0 0 559.66 247.50   A 4.79 4.79 0.0 0 0 564.45 252.29   A 4.79 4.79 0.0 0 0 569.24 247.50   Z"/>



<path fill="#333333" d="   M 91.60 756.66   Q 91.77 756.66 91.83 756.56   Q 120.70 706.40 155.61 645.83   C 159.99 638.22 169.35 636.32 176.25 641.38   C 181.52 645.24 182.17 650.07 182.12 656.92   Q 182.10 660.07 182.13 795.61   A 0.64 0.64 0.0 0 1 181.49 796.25   L 154.16 796.25   A 0.37 0.37 0.0 0 1 153.79 795.88   L 153.79 704.46   A 0.20 0.20 0.0 0 0 153.42 704.36   Q 114.55 772.48 104.44 790.22   C 101.61 795.18 97.60 798.43 91.61 798.43   C 85.61 798.43 81.60 795.18 78.77 790.22   Q 68.66 772.49 29.76 704.38   A 0.20 0.20 0.0 0 0 29.39 704.48   L 29.43 795.90   A 0.37 0.37 0.0 0 1 29.06 796.27   L 1.73 796.28   A 0.64 0.64 0.0 0 1 1.09 795.64   Q 1.07 660.10 1.05 656.95   C 0.99 650.10 1.64 645.27 6.91 641.41   C 13.81 636.35 23.17 638.24 27.55 645.85   Q 62.48 706.41 91.37 756.56   Q 91.43 756.66 91.60 756.66   Z"/>
<path fill="#333333" d="   M 677.23 795.84   L 677.23 707.71   A 0.44 0.44 0.0 0 0 676.79 707.27   L 640.97 707.27   A 0.44 0.44 0.0 0 1 640.53 706.83   L 640.53 679.44   A 0.44 0.44 0.0 0 1 640.97 679.00   L 676.79 679.00   A 0.44 0.44 0.0 0 0 677.23 678.56   L 677.23 641.19   A 0.44 0.44 0.0 0 1 677.67 640.75   L 705.32 640.75   A 0.44 0.44 0.0 0 1 705.76 641.19   L 705.76 678.56   A 0.44 0.44 0.0 0 0 706.20 679.00   L 754.56 679.00   A 0.44 0.44 0.0 0 1 755.00 679.44   L 755.00 706.83   A 0.44 0.44 0.0 0 1 754.56 707.27   L 706.20 707.27   A 0.44 0.44 0.0 0 0 705.76 707.71   L 705.76 795.84   A 0.44 0.44 0.0 0 1 705.32 796.28   L 677.67 796.28   A 0.44 0.44 0.0 0 1 677.23 795.84   Z"/>
<path fill="#333333" d="   M 338.4645 758.0233   A 38.31 38.31 0.0 0 1 300.0877 796.2664   L 246.8678 796.1735   A 38.31 38.31 0.0 0 1 208.6247 757.7967   L 208.6955 717.2167   A 38.31 38.31 0.0 0 1 247.0723 678.9736   L 300.2922 679.0665   A 38.31 38.31 0.0 0 1 338.5353 717.4433   L 338.4645 758.0233   Z   M 310.39 717.38   A 10.10 10.10 0.0 0 0 300.29 707.28   L 246.95 707.28   A 10.10 10.10 0.0 0 0 236.85 717.38   L 236.85 757.88   A 10.10 10.10 0.0 0 0 246.95 767.98   L 300.29 767.98   A 10.10 10.10 0.0 0 0 310.39 757.88   L 310.39 717.38   Z"/>
<path fill="#333333" d="   M 464.61 796.26   A 0.34 0.34 0.0 0 1 464.27 795.92   Q 464.30 758.56 464.26 732.25   C 464.24 717.30 454.95 707.30 439.51 707.29   Q 403.00 707.29 391.18 707.26   A 0.38 0.37 -0.0 0 0 390.80 707.63   L 390.80 795.89   A 0.38 0.37 -90.0 0 1 390.43 796.27   L 363.20 796.27   A 0.66 0.66 0.0 0 1 362.54 795.59   Q 362.62 793.05 362.52 700.26   Q 362.51 689.16 363.97 686.52   C 367.84 679.51 373.61 678.87 382.23 678.99   Q 382.88 679.00 440.01 679.03   Q 458.24 679.03 473.19 690.00   C 486.75 699.95 492.41 715.06 492.47 731.51   Q 492.57 759.94 492.49 795.60   A 0.66 0.66 0.0 0 1 491.83 796.26   L 464.61 796.26   Z"/>
<path fill="#333333" d="   M 616.61 706.92   A 0.35 0.35 0.0 0 1 616.26 707.27   L 546.12 707.27   A 4.65 4.65 0.0 0 0 541.47 711.92   L 541.47 712.42   A 4.81 4.81 0.0 0 0 546.27 717.23   Q 570.89 717.27 579.72 717.21   Q 596.14 717.08 600.69 718.14   C 610.37 720.39 617.84 725.05 623.35 733.44   Q 630.24 743.94 630.47 756.73   C 630.89 780.31 613.21 796.18 590.24 796.23   Q 554.01 796.32 515.16 796.25   A 0.56 0.56 0.0 0 1 514.60 795.69   L 514.60 768.34   A 0.35 0.35 0.0 0 1 514.95 767.99   Q 572.99 768.02 590.49 767.97   C 596.68 767.96 601.73 765.12 602.27 758.72   C 602.87 751.63 599.90 745.46 591.86 745.35   Q 577.21 745.15 548.26 745.26   C 542.21 745.28 536.63 744.57 531.21 741.78   Q 516.34 734.15 513.72 717.72   C 511.46 703.61 517.21 690.68 529.82 683.52   C 538.14 678.80 546.35 678.97 557.60 678.98   Q 588.04 679.03 616.00 678.99   A 0.61 0.61 0.0 0 1 616.61 679.60   L 616.61 706.92   Z"/>
<path fill="#333333" d="   M 809.52 730.48   A 0.51 0.50 -0.0 0 1 810.03 729.98   Q 841.72 730.04 859.49 729.96   Q 869.56 729.92 871.99 720.78   C 874.07 712.93 868.83 705.97 860.75 705.82   Q 854.46 705.70 810.27 705.78   C 799.20 705.80 797.16 713.06 797.52 723.01   Q 797.57 724.56 797.49 753.49   C 797.46 760.94 797.96 764.95 803.81 768.25   Q 805.67 769.30 810.48 769.26   Q 814.50 769.22 859.96 769.24   A 0.45 0.45 0.0 0 1 860.41 769.69   L 860.41 795.66   A 0.53 0.53 0.0 0 1 859.89 796.19   Q 838.59 796.36 810.02 796.20   C 790.24 796.09 774.01 783.51 771.05 763.71   Q 770.69 761.26 770.70 753.75   Q 770.72 738.21 770.62 725.50   Q 770.53 713.87 772.12 707.65   C 776.66 690.01 791.34 678.98 809.74 678.99   Q 851.86 679.03 858.25 679.00   C 869.58 678.95 880.21 682.23 888.30 690.19   C 899.22 700.93 901.55 716.41 896.94 730.90   C 892.96 743.42 882.06 753.11 869.55 755.93   Q 865.48 756.85 849.40 756.80   Q 823.42 756.70 809.84 756.76   A 0.32 0.32 0.0 0 1 809.52 756.44   L 809.52 730.48   Z"/>
<path fill="#333333" d="   M 945.01 796.26   L 918.24 796.26   A 0.64 0.64 0.0 0 1 917.60 795.62   Q 917.59 720.43 917.59 719.02   Q 917.66 698.03 932.66 686.93   C 939.31 682.01 949.30 679.05 957.25 679.01   Q 959.91 678.99 1020.30 679.00   A 0.56 0.56 0.0 0 1 1020.86 679.56   L 1020.86 706.87   A 0.40 0.40 0.0 0 1 1020.46 707.27   Q 961.82 707.27 958.65 707.27   C 948.80 707.27 945.71 711.16 945.73 720.54   Q 945.85 771.73 945.70 795.57   A 0.69 0.69 0.0 0 1 945.01 796.26   Z"/>

<path fill="#333333" d="   M 443.47 840.80   C 459.80 840.76 467.23 855.07 467.26 869.48   C 467.30 883.89 459.94 898.24 443.61 898.28   C 427.28 898.33 419.85 884.01 419.81 869.60   C 419.78 855.19 427.14 840.84 443.47 840.80   Z   M 427.16 869.53   C 427.14 879.58 431.29 892.10 443.50 892.12   C 455.70 892.13 459.89 879.62 459.90 869.57   C 459.92 859.52 455.77 847.00 443.56 846.98   C 431.36 846.97 427.17 859.48 427.16 869.53   Z"/>
<path fill="#333333" d="   M 542.30 867.52   Q 539.31 878.10 532.93 886.92   A 0.42 0.42 0.0 0 0 533.04 887.51   Q 537.84 890.81 542.40 892.31   A 0.82 0.81 -72.2 0 1 542.92 893.33   L 541.55 897.63   A 0.80 0.80 0.0 0 1 540.53 898.15   Q 534.23 896.02 528.91 892.26   A 0.70 0.69 42.0 0 0 528.05 892.30   Q 519.51 899.58 509.25 898.05   Q 499.14 896.53 496.19 887.39   C 493.39 878.70 499.31 871.74 505.98 867.31   A 0.70 0.69 60.7 0 0 506.22 866.43   Q 503.16 859.91 502.91 854.79   C 502.44 844.88 510.92 838.41 520.38 841.63   Q 523.45 842.68 525.23 846.00   C 530.24 855.39 521.43 863.38 514.37 867.91   A 0.40 0.39 -33.3 0 0 514.25 868.46   Q 519.92 877.00 527.73 883.38   A 0.58 0.58 0.0 0 0 528.58 883.26   Q 533.62 876.01 535.86 867.51   A 0.36 0.35 -82.5 0 1 536.20 867.24   L 542.09 867.24   A 0.22 0.22 0.0 0 1 542.30 867.52   Z   M 511.35 863.36   Q 511.43 863.39 511.47 863.36   C 516.35 860.64 522.33 855.84 520.58 849.69   Q 519.80 846.94 517.12 846.05   Q 514.45 845.16 512.17 846.88   C 507.08 850.75 508.98 858.18 511.24 863.29   Q 511.27 863.33 511.35 863.36   Z   M 523.17 887.74   Q 514.60 879.81 509.66 872.38   A 0.59 0.57 56.6 0 0 508.87 872.21   Q 508.67 872.34 506.54 874.33   Q 502.01 878.58 502.44 883.41   C 502.86 888.23 506.26 891.85 510.94 892.53   Q 517.57 893.49 523.14 888.76   A 0.68 0.68 0.0 0 0 523.17 887.74   Z"/>
<path fill="#333333" d="   M 817.34 869.58   C 817.31 855.16 824.69 840.82 841.02 840.79   C 857.35 840.76 864.77 855.08 864.80 869.50   C 864.82 883.91 857.45 898.26 841.11 898.29   C 824.78 898.31 817.36 883.99 817.34 869.58   Z   M 824.66 869.53   C 824.66 879.58 828.82 892.10 841.02 892.11   C 853.23 892.12 857.41 879.60 857.41 869.55   C 857.42 859.50 853.26 846.98 841.05 846.97   C 828.84 846.97 824.67 859.48 824.66 869.53   Z"/>
<path fill="#333333" d="   M 179.94 841.72   Q 181.68 841.73 183.38 841.83   A 0.84 0.84 0.0 0 1 184.13 842.40   L 202.52 897.09   A 0.16 0.15 80.3 0 1 202.38 897.30   L 195.48 897.30   A 0.38 0.36 81.4 0 1 195.13 897.03   L 190.24 881.14   A 0.85 0.84 83.6 0 0 189.49 880.54   Q 189.17 880.51 179.89 880.50   Q 170.61 880.49 170.29 880.51   A 0.85 0.84 -83.4 0 0 169.54 881.11   L 164.61 896.99   A 0.38 0.36 -81.2 0 1 164.25 897.26   L 157.35 897.24   A 0.16 0.15 -80.1 0 1 157.22 897.03   L 175.76 842.39   A 0.84 0.84 0.0 0 1 176.51 841.82   Q 178.20 841.72 179.94 841.72   Z   M 179.80 874.75   Q 187.02 874.75 187.69 874.70   A 0.36 0.36 0.0 0 0 188.01 874.24   L 180.07 848.06   A 0.34 0.19 83.2 0 0 179.92 847.85   Q 179.86 847.82 179.79 847.82   Q 179.72 847.82 179.66 847.85   A 0.34 0.19 -83.3 0 0 179.50 848.06   L 171.60 874.25   A 0.36 0.36 0.0 0 0 171.92 874.71   Q 172.59 874.76 179.80 874.75   Z"/>
<path fill="#333333" d="   M 250.26 892.18   C 260.62 892.16 263.23 883.30 263.21 874.75   Q 263.18 857.83 263.13 842.12   A 0.42 0.42 0.0 0 1 263.55 841.70   L 269.61 841.70   A 0.40 0.39 0.0 0 1 270.01 842.09   Q 270.12 871.34 270.10 874.99   C 270.04 888.15 264.73 898.25 250.28 898.29   C 235.83 898.32 230.47 888.24 230.35 875.08   Q 230.31 871.43 230.28 842.18   A 0.40 0.39 -0.3 0 1 230.68 841.79   L 236.74 841.76   A 0.42 0.42 0.0 0 1 237.16 842.18   Q 237.19 857.89 237.23 874.81   C 237.26 883.36 239.91 892.20 250.26 892.18   Z"/>
<path fill="#333333" d="   M 306.28 842.18   A 0.49 0.49 0.0 0 1 306.77 841.70   L 321.97 841.72   A 24.55 24.47 -89.9 0 1 346.40 866.32   L 346.38 872.82   A 24.55 24.47 -89.9 0 1 321.87 897.32   L 306.67 897.30   A 0.49 0.49 0.0 0 1 306.18 896.80   L 306.28 842.18   Z   M 313.27 848.03   L 313.27 891.01   A 0.53 0.53 0.0 0 0 313.80 891.54   L 320.89 891.54   A 18.70 18.08 -90.0 0 0 338.97 872.84   L 338.97 866.20   A 18.70 18.08 90.0 0 0 320.89 847.50   L 313.80 847.50   A 0.53 0.53 0.0 0 0 313.27 848.03   Z"/>
<rect fill="#333333" x="379.49" y="841.73" width="7.02" height="55.52" rx="0.40"/>
<path fill="#333333" d="   M 587.53 889.90   Q 587.82 889.90 587.94 889.49   Q 594.80 865.71 601.88 841.95   A 0.31 0.31 0.0 0 1 602.18 841.72   L 609.10 841.72   A 0.16 0.16 0.0 0 1 609.25 841.93   L 591.88 896.59   A 0.94 0.94 0.0 0 1 591.18 897.21   Q 590.93 897.27 587.53 897.27   Q 584.14 897.27 583.89 897.22   A 0.94 0.94 0.0 0 1 583.19 896.60   L 565.70 841.98   A 0.16 0.16 0.0 0 1 565.85 841.77   L 572.77 841.75   A 0.31 0.31 0.0 0 1 573.07 841.98   Q 580.20 865.73 587.11 889.49   Q 587.23 889.90 587.53 889.90   Z"/>
<rect fill="#333333" x="638.01" y="841.73" width="6.98" height="55.52" rx="0.33"/>
<path fill="#333333" d="   M 681.55 842.18   A 0.46 0.46 0.0 0 1 682.01 841.72   L 697.18 841.74   A 24.37 24.33 -89.9 0 1 721.47 866.15   L 721.45 872.97   A 24.37 24.33 -89.9 0 1 697.08 897.30   L 681.91 897.28   A 0.46 0.46 0.0 0 1 681.45 896.82   L 681.55 842.18   Z   M 688.51 848.01   L 688.51 891.01   A 0.55 0.55 0.0 0 0 689.06 891.56   L 695.94 891.56   A 18.72 18.21 -90.0 0 0 714.15 872.84   L 714.15 866.18   A 18.72 18.21 90.0 0 0 695.94 847.46   L 689.06 847.46   A 0.55 0.55 0.0 0 0 688.51 848.01   Z"/>
<path fill="#333333" d="   M 762.20 865.24   L 782.34 865.24   A 0.44 0.44 0.0 0 1 782.78 865.68   L 782.78 870.82   A 0.44 0.44 0.0 0 1 782.34 871.26   L 762.20 871.26   A 0.44 0.44 0.0 0 0 761.76 871.70   L 761.76 890.80   A 0.44 0.44 0.0 0 0 762.20 891.24   L 787.08 891.24   A 0.44 0.44 0.0 0 1 787.52 891.68   L 787.52 896.83   A 0.44 0.44 0.0 0 1 787.08 897.27   L 755.19 897.27   A 0.44 0.44 0.0 0 1 754.75 896.83   L 754.75 842.19   A 0.44 0.44 0.0 0 1 755.19 841.75   L 786.35 841.75   A 0.44 0.44 0.0 0 1 786.79 842.19   L 786.79 847.33   A 0.44 0.44 0.0 0 1 786.35 847.77   L 762.20 847.77   A 0.44 0.44 0.0 0 0 761.76 848.21   L 761.76 864.80   A 0.44 0.44 0.0 0 0 762.20 865.24   Z"/>








                        </g>
                    </svg>