<svg xmlns="http://www.w3.org/2000/svg" 
                      viewBox="0 0 1121.21 1121.6699999999998" 
                      width="1121.21" 
                      height="1121.6699999999998"
                      preserveAspectRatio="none"
                      data-content-extracted="true"
                      data-overflow="horizontal:4,vertical:4"
                      data-original-bounds="-90.8,-90.8,1026.41,1026.87">
                        <g transform="translate(92.8, 92.8)">
                          
<g stroke-width="2.00" fill="none" stroke-linecap="butt">
<path vector-effect="non-scaling-stroke" d="   M 758.27 486.17   Q 747.73 483.50 738.72 489.53   C 735.14 491.92 728.48 498.92 731.83 503.44   A 1.19 1.18 72.3 0 0 732.73 503.91   Q 735.55 504.01 736.90 503.12   Q 744.22 498.30 751.36 498.78   A 0.35 0.35 0.0 0 1 751.63 499.33   C 748.66 503.44 743.36 511.89 745.87 516.67   A 2.01 2.00 -32.2 0 0 748.84 517.34   C 750.32 516.24 751.50 513.62 752.75 512.51   Q 754.57 510.87 759.09 506.25   A 0.33 0.32 -25.9 0 1 759.65 506.44   C 760.06 510.46 759.10 519.55 763.50 521.25   C 765.77 522.13 767.50 519.20 768.01 517.37   Q 770.40 508.85 765.80 500.54   A 0.28 0.27 87.4 0 1 766.15 500.15   C 770.52 502.02 772.83 505.67 774.27 509.82   A 1.61 1.57 -78.7 0 0 774.69 510.47   Q 777.49 513.06 780.06 511.02   A 1.74 1.68 78.3 0 0 780.65 510.09   Q 781.24 507.73 780.89 506.34   Q 778.26 496.08 767.94 493.97   A 0.47 0.47 0.0 0 1 767.62 493.28   Q 777.45 475.58 783.07 454.64   Q 792.92 417.98 783.77 383.24   Q 772.11 338.97 734.35 314.71   A 1.34 1.33 14.1 0 1 733.73 313.68   Q 729.28 257.89 698.86 210.82   A 0.52 0.52 0.0 0 1 699.18 210.03   C 720.07 205.29 740.98 198.39 756.76 184.29   Q 766.40 175.67 772.15 162.24   Q 783.12 136.61 775.17 110.32   A 0.39 0.39 0.0 0 1 775.48 109.83   C 789.45 107.49 799.98 118.32 808.36 127.96   A 0.23 0.23 0.0 0 0 808.74 127.71   C 787.51 80.70 729.13 65.67 687.61 96.01   C 667.84 110.45 658.15 132.26 647.28 154.21   A 0.59 0.59 0.0 0 1 646.40 154.43   Q 618.77 134.32 586.42 122.49   A 0.50 0.50 0.0 0 1 586.18 121.74   Q 592.42 112.49 597.75 103.00   Q 617.46 67.92 620.64 62.43   C 628.45 48.95 641.08 19.64 622.79 8.65   Q 617.44 5.44 608.33 5.94   Q 598.11 6.50 588.54 11.81   C 561.57 26.77 550.48 55.06 556.13 84.38   Q 559.29 100.78 560.97 114.92   A 0.63 0.63 0.0 0 1 560.22 115.61   Q 517.85 106.84 474.73 115.64   A 0.49 0.49 0.0 0 1 474.14 115.17   C 473.93 104.27 476.31 94.26 478.47 81.75   C 479.77 74.25 480.88 65.12 479.20 57.55   Q 471.90 24.73 442.69 10.27   C 435.16 6.55 426.87 5.21 419.01 6.14   Q 409.03 7.32 404.22 15.97   C 400.53 22.60 401.57 32.78 403.69 40.08   C 408.71 57.38 419.23 72.01 427.78 87.58   C 435.52 101.68 441.15 112.34 447.80 121.72   A 0.54 0.54 0.0 0 1 447.53 122.55   C 425.81 129.93 405.66 140.45 387.60 154.33   A 0.68 0.67 -31.8 0 1 386.59 154.10   Q 380.04 140.84 374.59 130.40   C 361.90 106.14 341.39 86.80 313.78 81.73   C 276.69 74.91 240.55 93.22 225.23 127.62   A 0.22 0.22 0.0 0 0 225.60 127.86   C 234.70 117.84 244.56 107.20 259.41 108.05   A 0.41 0.41 0.0 0 1 259.77 108.59   Q 250.79 135.90 262.83 161.98   C 276.07 190.66 307.32 201.94 335.87 208.17   A 0.41 0.41 0.0 0 1 336.13 208.80   Q 305.59 255.94 301.10 311.96   A 1.05 1.05 0.0 0 1 300.60 312.78   C 264.57 335.29 244.93 375.64 245.83 417.81   Q 246.55 451.04 261.31 482.46   Q 262.53 485.05 266.26 492.41   A 0.46 0.46 0.0 0 1 265.96 493.06   C 259.65 494.76 252.29 501.11 253.02 508.41   A 3.07 2.70 1.5 0 0 255.67 510.87   C 259.67 511.37 260.39 506.73 261.75 504.28   Q 263.64 500.86 267.63 499.33   A 0.32 0.32 0.0 0 1 268.03 499.77   C 265.03 505.70 263.67 515.24 268.26 520.72   A 2.15 2.07 58.9 0 0 270.66 521.36   C 274.29 519.91 274.39 509.64 274.14 506.28   A 0.27 0.27 0.0 0 1 274.63 506.10   Q 277.00 509.17 280.34 511.93   A 8.72 8.65 -89.8 0 1 281.59 513.20   Q 282.56 514.41 284.92 517.38   A 2.04 1.87 55.4 0 0 287.40 517.95   C 290.07 516.41 288.25 510.19 287.19 507.78   Q 285.23 503.31 282.39 499.39   A 0.39 0.39 0.0 0 1 282.73 498.77   Q 289.60 499.10 292.46 500.72   Q 296.99 503.28 298.91 503.80   C 303.20 504.96 303.99 500.66 302.43 497.87   Q 294.99 484.53 279.73 485.07   Q 277.60 485.14 275.80 486.19   A 0.40 0.39 -20.4 0 1 275.21 485.92   C 267.64 444.03 271.18 400.50 303.56 369.41   A 0.30 0.29 62.6 0 1 304.05 369.57   C 316.91 435.82 358.26 491.91 418.10 522.50   A 0.98 0.96 -81.7 0 1 418.63 523.22   Q 421.84 544.09 429.42 564.84   Q 430.53 567.87 430.10 572.66   Q 429.77 576.43 427.10 579.77   Q 420.91 587.49 411.01 588.40   C 398.63 589.55 391.43 590.08 381.45 593.47   C 369.75 597.44 363.54 605.92 357.85 616.36   Q 357.70 616.64 357.93 616.92   C 358.23 617.30 402.35 617.07 443.25 617.08   C 452.81 617.08 460.23 612.12 463.96 603.32   Q 465.43 599.83 465.52 590.05   Q 465.71 567.51 469.18 542.06   A 0.25 0.24 9.5 0 1 469.48 541.85   C 475.97 543.23 482.98 544.57 489.66 545.24   Q 527.21 548.96 564.01 541.85   A 0.73 0.73 0.0 0 1 564.87 542.47   Q 568.24 567.95 568.54 592.11   C 568.64 599.91 569.80 606.06 574.99 610.99   C 581.82 617.48 587.26 617.10 597.88 617.10   Q 668.73 617.07 675.79 617.07   A 0.35 0.35 0.0 0 0 676.09 616.55   C 671.18 607.73 665.80 599.39 656.43 595.13   C 647.09 590.88 637.42 589.64 627.08 588.85   C 617.70 588.13 611.05 585.62 605.69 577.87   C 602.78 573.68 603.51 567.28 605.45 562.41   Q 612.55 544.56 615.16 523.98   A 2.42 2.41 80.1 0 1 616.46 522.13   Q 643.62 508.05 666.05 486.55   Q 716.41 438.29 729.96 369.55   A 0.32 0.32 0.0 0 1 730.50 369.38   Q 751.02 390.21 757.76 419.01   C 762.83 440.63 762.35 463.83 758.74 485.85   A 0.38 0.38 0.0 0 1 758.27 486.17"/>
<path vector-effect="non-scaling-stroke" d="   M 97.61 798.43   C 102.95 798.43 107.37 795.59 109.99 790.99   Q 156.75 709.04 159.41 704.40   A 0.20 0.20 0.0 0 1 159.79 704.50   L 159.79 795.87   A 0.39 0.39 0.0 0 0 160.18 796.26   L 187.49 796.26   A 0.66 0.65 -90.0 0 0 188.14 795.60   Q 188.10 671.57 188.13 657.01   C 188.14 650.03 187.60 645.34 182.25 641.39   Q 177.08 637.57 170.50 638.98   Q 164.85 640.20 161.42 646.15   Q 127.32 705.34 97.84 756.56   Q 97.77 756.67 97.60 756.67   Q 97.43 756.67 97.37 756.56   Q 67.87 705.35 33.75 646.17   Q 30.31 640.22 24.66 639.01   Q 18.08 637.60 12.91 641.42   C 7.57 645.37 7.03 650.06 7.04 657.04   Q 7.08 671.60 7.08 795.63   A 0.66 0.65 90.0 0 0 7.73 796.29   L 35.04 796.28   A 0.39 0.39 0.0 0 0 35.43 795.89   L 35.40 704.52   A 0.20 0.20 0.0 0 1 35.78 704.42   Q 38.44 709.06 85.22 790.99   C 87.86 795.60 92.27 798.43 97.61 798.43"/>
<path vector-effect="non-scaling-stroke" d="   M 711.32 796.27   A 0.43 0.43 0.0 0 0 711.75 795.84   L 711.75 707.70   A 0.43 0.43 0.0 0 1 712.18 707.27   L 760.58 707.27   A 0.43 0.43 0.0 0 0 761.01 706.84   L 761.01 679.43   A 0.43 0.43 0.0 0 0 760.58 679.00   L 712.19 679.00   A 0.43 0.43 0.0 0 1 711.76 678.57   L 711.76 641.18   A 0.43 0.43 0.0 0 0 711.33 640.75   L 683.66 640.75   A 0.43 0.43 0.0 0 0 683.23 641.18   L 683.23 678.57   A 0.43 0.43 0.0 0 1 682.80 679.00   L 646.96 679.00   A 0.43 0.43 0.0 0 0 646.53 679.43   L 646.53 706.83   A 0.43 0.43 0.0 0 0 646.96 707.26   L 682.80 707.26   A 0.43 0.43 0.0 0 1 683.23 707.69   L 683.23 795.84   A 0.43 0.43 0.0 0 0 683.66 796.27   L 711.32 796.27"/>
<path vector-effect="non-scaling-stroke" d="   M 344.4288 717.1135   A 38.31 38.31 0.0 0 0 305.9853 678.9375   L 252.7656 679.1232   A 38.31 38.31 0.0 0 0 214.5896 717.5667   L 214.7312 758.1465   A 38.31 38.31 0.0 0 0 253.1747 796.3225   L 306.3944 796.1368   A 38.31 38.31 0.0 0 0 344.5704 757.6933   L 344.4288 717.1135"/>
<path vector-effect="non-scaling-stroke" d="   M 397.00 707.28   Q 432.32 707.24 445.98 707.32   C 461.23 707.42 470.26 717.56 470.28 732.50   Q 470.30 764.78 470.27 795.87   A 0.40 0.40 0.0 0 0 470.67 796.27   L 497.91 796.27   A 0.58 0.58 0.0 0 0 498.49 795.69   Q 498.59 748.88 498.46 731.75   C 498.31 711.22 489.92 694.28 471.03 684.95   Q 458.98 679.00 445.50 679.00   Q 419.00 679.01 386.65 678.98   C 378.66 678.97 373.50 680.05 369.93 686.69   Q 368.53 689.29 368.54 697.80   Q 368.57 790.71 368.56 795.76   A 0.52 0.51 90.0 0 0 369.07 796.28   L 396.38 796.28   A 0.42 0.41 90.0 0 0 396.79 795.86   L 396.79 707.48   A 0.21 0.20 -0.0 0 1 397.00 707.28"/>
<path vector-effect="non-scaling-stroke" d="   M 621.90 679.02   Q 621.86 679.02 561.88 678.96   Q 547.90 678.95 542.45 680.68   C 526.07 685.90 517.00 700.84 519.67 717.64   Q 522.12 733.04 535.54 740.87   C 541.40 744.30 547.06 745.26 553.76 745.23   Q 570.09 745.16 598.00 745.36   Q 604.53 745.40 607.11 750.87   C 608.99 754.87 609.02 761.64 605.45 764.99   C 602.85 767.43 599.28 767.99 595.75 768.00   Q 567.05 768.00 520.94 768.00   A 0.35 0.35 0.0 0 0 520.59 768.35   L 520.59 795.68   A 0.60 0.59 0.5 0 0 521.18 796.27   Q 588.60 796.32 596.25 796.23   C 616.91 795.99 633.54 783.78 636.12 762.48   Q 637.70 749.48 632.12 738.34   Q 621.64 717.41 597.46 717.29   Q 570.93 717.17 554.00 717.25   Q 552.69 717.26 549.83 716.82   A 1.57 1.53 72.8 0 1 548.89 716.31   Q 546.95 714.17 547.61 710.36   C 548.15 707.32 552.60 707.27 555.00 707.26   Q 564.74 707.24 622.22 707.27   A 0.40 0.40 0.0 0 0 622.62 706.87   L 622.62 679.66   A 0.65 0.64 -3.2 0 0 621.90 679.02"/>
<path vector-effect="non-scaling-stroke" d="   M 815.52 730.40   L 815.52 756.34   A 0.37 0.36 -90.0 0 0 815.88 756.71   Q 847.43 756.86 868.23 756.67   C 884.86 756.52 899.02 744.93 903.45 729.27   C 911.07 702.28 893.06 679.04 865.48 679.04   Q 845.23 679.04 824.23 678.94   Q 808.94 678.86 803.44 680.55   C 790.64 684.49 781.77 694.54 778.06 707.95   Q 776.61 713.17 776.64 724.67   Q 776.72 753.73 776.71 757.25   Q 776.67 770.88 783.51 780.26   C 791.59 791.34 803.73 796.21 817.50 796.27   Q 833.70 796.34 865.85 796.23   A 0.57 0.56 90.0 0 0 866.41 795.66   L 866.41 769.59   A 0.36 0.36 0.0 0 0 866.05 769.23   Q 817.36 769.24 816.84 769.25   C 808.03 769.50 803.45 765.13 803.51 756.01   Q 803.59 745.38 803.45 724.74   Q 803.38 714.43 804.99 711.46   Q 808.06 705.76 816.76 705.76   Q 839.15 705.76 863.51 705.75   C 869.38 705.75 873.53 706.36 876.60 711.02   C 879.92 716.07 878.69 723.71 873.76 727.60   C 871.25 729.58 867.34 730.00 864.25 730.00   Q 830.25 730.01 815.93 729.99   A 0.41 0.41 0.0 0 0 815.52 730.40"/>
<path vector-effect="non-scaling-stroke" d="   M 951.68 795.58   Q 951.86 766.42 951.70 720.04   C 951.67 711.20 955.21 707.22 964.25 707.24   Q 999.88 707.30 1026.41 707.25   A 0.46 0.46 0.0 0 0 1026.87 706.79   L 1026.87 679.63   A 0.64 0.63 -0.0 0 0 1026.23 679.00   Q 972.49 679.01 964.24 678.99   C 955.65 678.96 945.44 681.85 938.40 687.13   Q 923.64 698.19 923.60 719.02   Q 923.56 737.38 923.61 795.70   A 0.56 0.55 90.0 0 0 924.16 796.26   L 951.01 796.26   A 0.68 0.67 -90.0 0 0 951.68 795.58"/>
<path vector-effect="non-scaling-stroke" d="   M 425.82 869.60   C 425.85 884.10 433.31 898.32 449.60 898.29   C 465.90 898.25 473.29 883.99 473.26 869.49   C 473.22 854.98 465.76 840.76 449.47 840.80   C 433.18 840.84 425.79 855.09 425.82 869.60"/>
<path vector-effect="non-scaling-stroke" d="   M 542.22 867.24   A 0.39 0.37 -81.7 0 0 541.86 867.52   Q 539.62 876.00 534.51 883.35   A 0.47 0.46 -53.0 0 1 533.83 883.45   Q 526.07 877.14 520.39 868.69   A 0.59 0.58 -37.2 0 1 520.50 867.92   Q 521.14 867.38 523.61 865.61   C 529.19 861.61 533.80 855.97 532.26 848.78   C 530.95 842.60 525.00 839.81 519.12 841.07   C 506.26 843.84 507.74 857.33 512.28 866.54   A 0.51 0.51 0.0 0 1 512.11 867.18   C 506.25 871.31 501.17 876.21 501.63 883.89   C 502.16 892.62 508.88 897.93 517.27 898.28   Q 526.86 898.67 533.99 892.30   A 0.73 0.73 0.0 0 1 534.89 892.25   Q 540.35 896.08 546.53 898.15   A 0.83 0.82 -71.7 0 0 547.57 897.62   L 548.92 893.35   A 0.84 0.83 -72.0 0 0 548.39 892.30   Q 543.71 890.73 539.16 887.58   A 0.55 0.55 0.0 0 1 539.02 886.80   Q 545.38 877.97 548.30 867.48   A 0.19 0.18 -81.5 0 0 548.13 867.24   L 542.22 867.24"/>
<path vector-effect="non-scaling-stroke" d="   M 823.34 869.56   C 823.36 884.07 830.81 898.30 847.10 898.28   C 863.39 898.26 870.80 884.01 870.79 869.50   C 870.77 854.99 863.32 840.77 847.03 840.79   C 830.73 840.81 823.33 855.05 823.34 869.56"/>
<path vector-effect="non-scaling-stroke" d="   M 185.89 880.49   Q 195.45 880.50 195.52 880.49   A 0.58 0.57 76.3 0 1 196.17 880.89   L 201.12 897.01   A 0.40 0.38 80.6 0 0 201.49 897.29   L 208.39 897.29   A 0.15 0.15 0.0 0 0 208.53 897.10   L 190.02 842.09   A 0.41 0.41 0.0 0 0 189.65 841.81   Q 187.98 841.74 185.95 841.73   Q 183.92 841.73 182.25 841.80   A 0.41 0.41 0.0 0 0 181.87 842.08   L 163.21 897.04   A 0.15 0.15 0.0 0 0 163.34 897.23   L 170.24 897.25   A 0.40 0.38 -80.5 0 0 170.62 896.97   L 175.61 880.86   A 0.58 0.57 -76.1 0 1 176.27 880.46   Q 176.33 880.48 185.89 880.49"/>
<path vector-effect="non-scaling-stroke" d="   M 256.28 898.28   C 270.02 898.25 276.02 888.76 276.06 875.99   Q 276.10 858.12 276.02 842.12   A 0.42 0.42 0.0 0 0 275.60 841.70   L 269.56 841.70   A 0.44 0.43 90.0 0 0 269.13 842.14   Q 269.21 863.80 269.19 875.49   C 269.18 883.87 266.19 892.16 256.26 892.18   C 246.34 892.20 243.31 883.93 243.26 875.55   Q 243.19 863.86 243.16 842.20   A 0.44 0.43 89.7 0 0 242.73 841.76   L 236.69 841.79   A 0.42 0.42 0.0 0 0 236.27 842.21   Q 236.27 858.21 236.40 876.08   C 236.49 888.85 242.53 898.32 256.28 898.28"/>
<path vector-effect="non-scaling-stroke" d="   M 312.29 842.17   L 312.19 896.79   A 0.48 0.48 0.0 0 0 312.67 897.28   L 327.92 897.30   A 24.54 24.43 -89.9 0 0 352.39 872.81   L 352.41 866.31   A 24.54 24.43 -89.9 0 0 328.02 841.72   L 312.77 841.70   A 0.48 0.48 0.0 0 0 312.29 842.17"/>
<path vector-effect="non-scaling-stroke" d="   M 392.52 842.16   A 0.43 0.43 0.0 0 0 392.09 841.73   L 385.93 841.73   A 0.43 0.43 0.0 0 0 385.50 842.16   L 385.50 896.80   A 0.43 0.43 0.0 0 0 385.93 897.23   L 392.09 897.23   A 0.43 0.43 0.0 0 0 392.52 896.80   L 392.52 842.16"/>
<path vector-effect="non-scaling-stroke" d="   M 593.53 897.26   Q 596.95 897.26 597.19 897.21   A 0.87 0.87 0.0 0 0 597.87 896.62   L 615.23 841.97   A 0.18 0.18 0.0 0 0 615.06 841.73   L 608.19 841.73   A 0.33 0.32 -81.5 0 0 607.88 841.97   Q 600.92 865.23 594.17 888.72   Q 593.87 889.76 593.53 889.76   Q 593.18 889.76 592.88 888.72   Q 586.08 865.25 579.07 842.00   A 0.33 0.32 81.4 0 0 578.76 841.76   L 571.89 841.77   A 0.18 0.18 0.0 0 0 571.72 842.01   L 589.20 896.63   A 0.87 0.87 0.0 0 0 589.87 897.22   Q 590.12 897.26 593.53 897.26"/>
<path vector-effect="non-scaling-stroke" d="   M 651.00 842.11   A 0.38 0.38 0.0 0 0 650.62 841.73   L 644.38 841.73   A 0.38 0.38 0.0 0 0 644.00 842.11   L 644.00 896.89   A 0.38 0.38 0.0 0 0 644.38 897.27   L 650.62 897.27   A 0.38 0.38 0.0 0 0 651.00 896.89   L 651.00 842.11"/>
<path vector-effect="non-scaling-stroke" d="   M 687.50 842.19   L 687.50 896.85   A 0.45 0.45 0.0 0 0 687.95 897.30   L 703.13 897.30   A 24.37 24.33 -90.0 0 0 727.46 872.93   L 727.46 866.11   A 24.37 24.33 90.0 0 0 703.13 841.74   L 687.95 841.74   A 0.45 0.45 0.0 0 0 687.50 842.19"/>
<path vector-effect="non-scaling-stroke" d="   M 768.26 865.24   A 0.49 0.49 0.0 0 1 767.77 864.75   L 767.77 848.25   A 0.49 0.49 0.0 0 1 768.26 847.76   L 792.31 847.76   A 0.49 0.49 0.0 0 0 792.80 847.27   L 792.80 842.24   A 0.49 0.49 0.0 0 0 792.31 841.75   L 761.23 841.75   A 0.49 0.49 0.0 0 0 760.74 842.24   L 760.74 896.79   A 0.49 0.49 0.0 0 0 761.23 897.28   L 793.04 897.28   A 0.49 0.49 0.0 0 0 793.53 896.79   L 793.53 891.72   A 0.49 0.49 0.0 0 0 793.04 891.23   L 768.27 891.23   A 0.49 0.49 0.0 0 1 767.78 890.74   L 767.78 871.75   A 0.49 0.49 0.0 0 1 768.27 871.26   L 788.30 871.26   A 0.49 0.49 0.0 0 0 788.79 870.77   L 788.79 865.73   A 0.49 0.49 0.0 0 0 788.30 865.24   L 768.26 865.24"/>
<path vector-effect="non-scaling-stroke" d="   M 454.6534 188.3503   A 50.58 48.65 -90.2 0 0 406.1803 239.0998   A 50.58 48.65 -90.2 0 0 455.0066 289.5097   A 50.58 48.65 -90.2 0 0 503.4797 238.7602   A 50.58 48.65 -90.2 0 0 454.6534 188.3503"/>
<path vector-effect="non-scaling-stroke" d="   M 578.3339 188.3849   A 50.57 48.66 -90.8 0 0 530.3847 239.6294   A 50.57 48.66 -90.8 0 0 579.7461 289.5151   A 50.57 48.66 -90.8 0 0 627.6953 238.2706   A 50.57 48.66 -90.8 0 0 578.3339 188.3849"/>
<path vector-effect="non-scaling-stroke" d="   M 630.51 318.45   C 611.83 338.17 586.32 350.15 559.81 356.06   C 525.70 363.65 489.44 362.79 455.90 353.32   C 432.55 346.72 411.31 335.37 394.59 318.15   A 0.17 0.17 0.0 0 0 394.31 318.35   C 403.22 334.93 418.09 347.25 434.33 356.21   A 0.46 0.45 -58.6 0 1 434.49 356.87   Q 430.11 363.13 427.15 369.14   Q 424.30 374.94 424.12 377.87   C 423.79 383.03 429.83 389.61 433.55 391.81   C 441.57 396.56 451.18 398.92 460.10 395.37   C 466.95 392.65 469.75 376.96 470.98 370.24   A 0.55 0.54 -78.5 0 1 471.64 369.80   Q 490.66 374.38 509.89 374.47   A 0.39 0.38 5.6 0 1 510.27 374.92   C 509.19 380.92 506.33 393.04 510.76 397.05   C 521.69 406.95 538.73 408.89 552.39 405.22   C 558.57 403.56 564.42 399.96 567.90 394.91   C 570.52 391.10 568.91 386.83 567.11 382.88   Q 564.05 376.22 559.31 369.36   A 0.31 0.31 0.0 0 1 559.47 368.88   L 575.68 363.42   A 0.62 0.61 68.7 0 1 576.44 363.76   Q 580.69 373.40 585.75 380.92   Q 589.84 387.00 595.95 387.61   Q 602.31 388.25 610.19 384.23   Q 621.68 378.36 625.44 367.21   C 628.12 359.28 615.26 348.44 609.40 344.42   A 0.68 0.67 43.0 0 1 609.36 343.33   Q 622.59 332.91 630.82 318.68   A 0.19 0.19 0.0 0 0 630.51 318.45"/>
<path vector-effect="non-scaling-stroke" d="   M 465.53 226.17   C 455.97 222.91 446.85 225.29 441.52 233.82   C 430.76 251.01 453.43 271.02 469.64 259.32   C 476.98 254.02 479.73 245.14 476.23 236.61   A 0.40 0.40 0.0 0 0 475.54 236.52   C 473.38 239.46 468.76 241.00 465.65 238.86   C 461.12 235.74 461.93 230.43 465.69 226.89   A 0.43 0.43 0.0 0 0 465.53 226.17"/>
<path vector-effect="non-scaling-stroke" d="   M 582.22 226.23   Q 573.21 222.99 566.01 226.60   C 556.13 231.55 551.55 244.73 558.57 253.99   Q 566.00 263.80 577.49 262.58   C 590.06 261.24 597.53 248.23 592.87 236.74   A 0.39 0.39 0.0 0 0 592.21 236.63   C 584.93 245.17 573.62 235.21 582.34 226.79   A 0.34 0.34 0.0 0 0 582.22 226.23"/>
<path vector-effect="non-scaling-stroke" d="   M 456.3527 244.1037   A 4.81 4.61 -46.8 0 0 449.6995 244.4542   A 4.81 4.61 -46.8 0 0 449.7673 251.1163   A 4.81 4.61 -46.8 0 0 456.4205 250.7658   A 4.81 4.61 -46.8 0 0 456.3527 244.1037"/>
<path vector-effect="non-scaling-stroke" d="   M 575.23 247.50   A 4.79 4.79 0.0 0 0 570.44 242.71   A 4.79 4.79 0.0 0 0 565.65 247.50   A 4.79 4.79 0.0 0 0 570.44 252.29   A 4.79 4.79 0.0 0 0 575.23 247.50"/>
<path vector-effect="non-scaling-stroke" d="   M 316.38 717.37   A 10.10 10.10 0.0 0 0 306.28 707.27   L 252.96 707.27   A 10.10 10.10 0.0 0 0 242.86 717.37   L 242.86 757.87   A 10.10 10.10 0.0 0 0 252.96 767.97   L 306.28 767.97   A 10.10 10.10 0.0 0 0 316.38 757.87   L 316.38 717.37"/>
<path vector-effect="non-scaling-stroke" d="   M 433.16 869.54   C 433.16 879.55 437.28 892.11 449.52 892.11   C 461.75 892.12 465.89 879.57 465.90 869.56   C 465.90 859.56 461.78 847.00 449.54 846.99   C 437.31 846.98 433.17 859.54 433.16 869.54"/>
<path vector-effect="non-scaling-stroke" d="   M 517.34 863.36   Q 517.42 863.38 517.47 863.36   C 522.40 860.64 528.32 855.86 526.58 849.66   Q 525.83 846.95 523.14 846.05   Q 520.44 845.15 518.21 846.86   C 513.09 850.76 514.94 858.14 517.24 863.28   Q 517.27 863.33 517.34 863.36"/>
<path vector-effect="non-scaling-stroke" d="   M 529.28 887.81   Q 521.03 880.36 515.70 872.43   A 0.63 0.63 0.0 0 0 514.78 872.29   C 509.92 876.20 506.21 881.50 509.79 887.71   C 513.96 894.96 523.31 893.45 529.25 888.77   A 0.63 0.63 0.0 0 0 529.28 887.81"/>
<path vector-effect="non-scaling-stroke" d="   M 830.67 869.53   C 830.66 879.54 834.79 892.10 847.03 892.11   C 859.27 892.12 863.41 879.56 863.42 869.55   C 863.42 859.54 859.30 846.98 847.06 846.97   C 834.81 846.97 830.68 859.53 830.67 869.53"/>
<path vector-effect="non-scaling-stroke" d="   M 185.80 874.75   Q 193.12 874.75 193.68 874.70   A 0.37 0.37 0.0 0 0 194.01 874.23   L 186.08 848.05   A 0.35 0.23 85.0 0 0 185.92 847.84   Q 185.86 847.82 185.79 847.82   Q 185.72 847.82 185.65 847.84   A 0.35 0.23 -85.0 0 0 185.50 848.05   L 177.59 874.24   A 0.37 0.37 0.0 0 0 177.92 874.71   Q 178.48 874.75 185.80 874.75"/>
<path vector-effect="non-scaling-stroke" d="   M 319.25 848.04   L 319.25 891.00   A 0.55 0.55 0.0 0 0 319.80 891.55   L 326.78 891.55   A 18.70 18.19 -90.0 0 0 344.97 872.85   L 344.97 866.19   A 18.70 18.19 90.0 0 0 326.78 847.49   L 319.80 847.49   A 0.55 0.55 0.0 0 0 319.25 848.04"/>
<path vector-effect="non-scaling-stroke" d="   M 694.55 847.99   L 694.47 891.01   A 0.54 0.54 0.0 0 0 695.01 891.55   L 701.93 891.56   A 18.70 18.18 -89.9 0 0 720.14 872.89   L 720.16 866.19   A 18.70 18.18 -89.9 0 0 702.01 847.46   L 695.09 847.45   A 0.54 0.54 0.0 0 0 694.55 847.99"/>
</g>

<path fill="#333333" d="   M 758.74 485.85   C 762.35 463.83 762.83 440.63 757.76 419.01   Q 751.02 390.21 730.50 369.38   A 0.32 0.32 0.0 0 0 729.96 369.55   Q 716.41 438.29 666.05 486.55   Q 643.62 508.05 616.46 522.13   A 2.42 2.41 80.1 0 0 615.16 523.98   Q 612.55 544.56 605.45 562.41   C 603.51 567.28 602.78 573.68 605.69 577.87   C 611.05 585.62 617.70 588.13 627.08 588.85   C 637.42 589.64 647.09 590.88 656.43 595.13   C 665.80 599.39 671.18 607.73 676.09 616.55   A 0.35 0.35 0.0 0 1 675.79 617.07   Q 668.73 617.07 597.88 617.10   C 587.26 617.10 581.82 617.48 574.99 610.99   C 569.80 606.06 568.64 599.91 568.54 592.11   Q 568.24 567.95 564.87 542.47   A 0.73 0.73 0.0 0 0 564.01 541.85   Q 527.21 548.96 489.66 545.24   C 482.98 544.57 475.97 543.23 469.48 541.85   A 0.25 0.24 9.5 0 0 469.18 542.06   Q 465.71 567.51 465.52 590.05   Q 465.43 599.83 463.96 603.32   C 460.23 612.12 452.81 617.08 443.25 617.08   C 402.35 617.07 358.23 617.30 357.93 616.92   Q 357.70 616.64 357.85 616.36   C 363.54 605.92 369.75 597.44 381.45 593.47   C 391.43 590.08 398.63 589.55 411.01 588.40   Q 420.91 587.49 427.10 579.77   Q 429.77 576.43 430.10 572.66   Q 430.53 567.87 429.42 564.84   Q 421.84 544.09 418.63 523.22   A 0.98 0.96 -81.7 0 0 418.10 522.50   C 358.26 491.91 316.91 435.82 304.05 369.57   A 0.30 0.29 62.6 0 0 303.56 369.41   C 271.18 400.50 267.64 444.03 275.21 485.92   A 0.40 0.39 -20.4 0 0 275.80 486.19   Q 277.60 485.14 279.73 485.07   Q 294.99 484.53 302.43 497.87   C 303.99 500.66 303.20 504.96 298.91 503.80   Q 296.99 503.28 292.46 500.72   Q 289.60 499.10 282.73 498.77   A 0.39 0.39 0.0 0 0 282.39 499.39   Q 285.23 503.31 287.19 507.78   C 288.25 510.19 290.07 516.41 287.40 517.95   A 2.04 1.87 55.4 0 1 284.92 517.38   Q 282.56 514.41 281.59 513.20   A 8.72 8.65 -89.8 0 0 280.34 511.93   Q 277.00 509.17 274.63 506.10   A 0.27 0.27 0.0 0 0 274.14 506.28   C 274.39 509.64 274.29 519.91 270.66 521.36   A 2.15 2.07 58.9 0 1 268.26 520.72   C 263.67 515.24 265.03 505.70 268.03 499.77   A 0.32 0.32 0.0 0 0 267.63 499.33   Q 263.64 500.86 261.75 504.28   C 260.39 506.73 259.67 511.37 255.67 510.87   A 3.07 2.70 1.5 0 1 253.02 508.41   C 252.29 501.11 259.65 494.76 265.96 493.06   A 0.46 0.46 0.0 0 0 266.26 492.41   Q 262.53 485.05 261.31 482.46   Q 246.55 451.04 245.83 417.81   C 244.93 375.64 264.57 335.29 300.60 312.78   A 1.05 1.05 0.0 0 0 301.10 311.96   Q 305.59 255.94 336.13 208.80   A 0.41 0.41 0.0 0 0 335.87 208.17   C 307.32 201.94 276.07 190.66 262.83 161.98   Q 250.79 135.90 259.77 108.59   A 0.41 0.41 0.0 0 0 259.41 108.05   C 244.56 107.20 234.70 117.84 225.60 127.86   A 0.22 0.22 0.0 0 1 225.23 127.62   C 240.55 93.22 276.69 74.91 313.78 81.73   C 341.39 86.80 361.90 106.14 374.59 130.40   Q 380.04 140.84 386.59 154.10   A 0.68 0.67 -31.8 0 0 387.60 154.33   C 405.66 140.45 425.81 129.93 447.53 122.55   A 0.54 0.54 0.0 0 0 447.80 121.72   C 441.15 112.34 435.52 101.68 427.78 87.58   C 419.23 72.01 408.71 57.38 403.69 40.08   C 401.57 32.78 400.53 22.60 404.22 15.97   Q 409.03 7.32 419.01 6.14   C 426.87 5.21 435.16 6.55 442.69 10.27   Q 471.90 24.73 479.20 57.55   C 480.88 65.12 479.77 74.25 478.47 81.75   C 476.31 94.26 473.93 104.27 474.14 115.17   A 0.49 0.49 0.0 0 0 474.73 115.64   Q 517.85 106.84 560.22 115.61   A 0.63 0.63 0.0 0 0 560.97 114.92   Q 559.29 100.78 556.13 84.38   C 550.48 55.06 561.57 26.77 588.54 11.81   Q 598.11 6.50 608.33 5.94   Q 617.44 5.44 622.79 8.65   C 641.08 19.64 628.45 48.95 620.64 62.43   Q 617.46 67.92 597.75 103.00   Q 592.42 112.49 586.18 121.74   A 0.50 0.50 0.0 0 0 586.42 122.49   Q 618.77 134.32 646.40 154.43   A 0.59 0.59 0.0 0 0 647.28 154.21   C 658.15 132.26 667.84 110.45 687.61 96.01   C 729.13 65.67 787.51 80.70 808.74 127.71   A 0.23 0.23 0.0 0 1 808.36 127.96   C 799.98 118.32 789.45 107.49 775.48 109.83   A 0.39 0.39 0.0 0 0 775.17 110.32   Q 783.12 136.61 772.15 162.24   Q 766.40 175.67 756.76 184.29   C 740.98 198.39 720.07 205.29 699.18 210.03   A 0.52 0.52 0.0 0 0 698.86 210.82   Q 729.28 257.89 733.73 313.68   A 1.34 1.33 14.1 0 0 734.35 314.71   Q 772.11 338.97 783.77 383.24   Q 792.92 417.98 783.07 454.64   Q 777.45 475.58 767.62 493.28   A 0.47 0.47 0.0 0 0 767.94 493.97   Q 778.26 496.08 780.89 506.34   Q 781.24 507.73 780.65 510.09   A 1.74 1.68 78.3 0 1 780.06 511.02   Q 777.49 513.06 774.69 510.47   A 1.61 1.57 -78.7 0 1 774.27 509.82   C 772.83 505.67 770.52 502.02 766.15 500.15   A 0.28 0.27 87.4 0 0 765.80 500.54   Q 770.40 508.85 768.01 517.37   C 767.50 519.20 765.77 522.13 763.50 521.25   C 759.10 519.55 760.06 510.46 759.65 506.44   A 0.33 0.32 -25.9 0 0 759.09 506.25   Q 754.57 510.87 752.75 512.51   C 751.50 513.62 750.32 516.24 748.84 517.34   A 2.01 2.00 -32.2 0 1 745.87 516.67   C 743.36 511.89 748.66 503.44 751.63 499.33   A 0.35 0.35 0.0 0 0 751.36 498.78   Q 744.22 498.30 736.90 503.12   Q 735.55 504.01 732.73 503.91   A 1.19 1.18 72.3 0 1 731.83 503.44   C 728.48 498.92 735.14 491.92 738.72 489.53   Q 747.73 483.50 758.27 486.17   A 0.38 0.38 0.0 0 0 758.74 485.85   Z   M 454.6534 188.3503   A 50.58 48.65 -90.2 0 0 406.1803 239.0998   A 50.58 48.65 -90.2 0 0 455.0066 289.5097   A 50.58 48.65 -90.2 0 0 503.4797 238.7602   A 50.58 48.65 -90.2 0 0 454.6534 188.3503   Z   M 578.3339 188.3849   A 50.57 48.66 -90.8 0 0 530.3847 239.6294   A 50.57 48.66 -90.8 0 0 579.7461 289.5151   A 50.57 48.66 -90.8 0 0 627.6953 238.2706   A 50.57 48.66 -90.8 0 0 578.3339 188.3849   Z   M 630.51 318.45   C 611.83 338.17 586.32 350.15 559.81 356.06   C 525.70 363.65 489.44 362.79 455.90 353.32   C 432.55 346.72 411.31 335.37 394.59 318.15   A 0.17 0.17 0.0 0 0 394.31 318.35   C 403.22 334.93 418.09 347.25 434.33 356.21   A 0.46 0.45 -58.6 0 1 434.49 356.87   Q 430.11 363.13 427.15 369.14   Q 424.30 374.94 424.12 377.87   C 423.79 383.03 429.83 389.61 433.55 391.81   C 441.57 396.56 451.18 398.92 460.10 395.37   C 466.95 392.65 469.75 376.96 470.98 370.24   A 0.55 0.54 -78.5 0 1 471.64 369.80   Q 490.66 374.38 509.89 374.47   A 0.39 0.38 5.6 0 1 510.27 374.92   C 509.19 380.92 506.33 393.04 510.76 397.05   C 521.69 406.95 538.73 408.89 552.39 405.22   C 558.57 403.56 564.42 399.96 567.90 394.91   C 570.52 391.10 568.91 386.83 567.11 382.88   Q 564.05 376.22 559.31 369.36   A 0.31 0.31 0.0 0 1 559.47 368.88   L 575.68 363.42   A 0.62 0.61 68.7 0 1 576.44 363.76   Q 580.69 373.40 585.75 380.92   Q 589.84 387.00 595.95 387.61   Q 602.31 388.25 610.19 384.23   Q 621.68 378.36 625.44 367.21   C 628.12 359.28 615.26 348.44 609.40 344.42   A 0.68 0.67 43.0 0 1 609.36 343.33   Q 622.59 332.91 630.82 318.68   A 0.19 0.19 0.0 0 0 630.51 318.45   Z"/>


<path fill="#333333" d="   M 465.53 226.17   A 0.43 0.43 0.0 0 1 465.69 226.89   C 461.93 230.43 461.12 235.74 465.65 238.86   C 468.76 241.00 473.38 239.46 475.54 236.52   A 0.40 0.40 0.0 0 1 476.23 236.61   C 479.73 245.14 476.98 254.02 469.64 259.32   C 453.43 271.02 430.76 251.01 441.52 233.82   C 446.85 225.29 455.97 222.91 465.53 226.17   Z   M 456.3527 244.1037   A 4.81 4.61 -46.8 0 0 449.6995 244.4542   A 4.81 4.61 -46.8 0 0 449.7673 251.1163   A 4.81 4.61 -46.8 0 0 456.4205 250.7658   A 4.81 4.61 -46.8 0 0 456.3527 244.1037   Z"/>
<path fill="#333333" d="   M 582.22 226.23   A 0.34 0.34 0.0 0 1 582.34 226.79   C 573.62 235.21 584.93 245.17 592.21 236.63   A 0.39 0.39 0.0 0 1 592.87 236.74   C 597.53 248.23 590.06 261.24 577.49 262.58   Q 566.00 263.80 558.57 253.99   C 551.55 244.73 556.13 231.55 566.01 226.60   Q 573.21 222.99 582.22 226.23   Z   M 575.23 247.50   A 4.79 4.79 0.0 0 0 570.44 242.71   A 4.79 4.79 0.0 0 0 565.65 247.50   A 4.79 4.79 0.0 0 0 570.44 252.29   A 4.79 4.79 0.0 0 0 575.23 247.50   Z"/>



<path fill="#333333" d="   M 97.60 756.67   Q 97.77 756.67 97.84 756.56   Q 127.32 705.34 161.42 646.15   Q 164.85 640.20 170.50 638.98   Q 177.08 637.57 182.25 641.39   C 187.60 645.34 188.14 650.03 188.13 657.01   Q 188.10 671.57 188.14 795.60   A 0.66 0.65 90.0 0 1 187.49 796.26   L 160.18 796.26   A 0.39 0.39 0.0 0 1 159.79 795.87   L 159.79 704.50   A 0.20 0.20 0.0 0 0 159.41 704.40   Q 156.75 709.04 109.99 790.99   C 107.37 795.59 102.95 798.43 97.61 798.43   C 92.27 798.43 87.86 795.60 85.22 790.99   Q 38.44 709.06 35.78 704.42   A 0.20 0.20 0.0 0 0 35.40 704.52   L 35.43 795.89   A 0.39 0.39 0.0 0 1 35.04 796.28   L 7.73 796.29   A 0.66 0.65 90.0 0 1 7.08 795.63   Q 7.08 671.60 7.04 657.04   C 7.03 650.06 7.57 645.37 12.91 641.42   Q 18.08 637.60 24.66 639.01   Q 30.31 640.22 33.75 646.17   Q 67.87 705.35 97.37 756.56   Q 97.43 756.67 97.60 756.67   Z"/>
<path fill="#333333" d="   M 711.32 796.27   L 683.66 796.27   A 0.43 0.43 0.0 0 1 683.23 795.84   L 683.23 707.69   A 0.43 0.43 0.0 0 0 682.80 707.26   L 646.96 707.26   A 0.43 0.43 0.0 0 1 646.53 706.83   L 646.53 679.43   A 0.43 0.43 0.0 0 1 646.96 679.00   L 682.80 679.00   A 0.43 0.43 0.0 0 0 683.23 678.57   L 683.23 641.18   A 0.43 0.43 0.0 0 1 683.66 640.75   L 711.33 640.75   A 0.43 0.43 0.0 0 1 711.76 641.18   L 711.76 678.57   A 0.43 0.43 0.0 0 0 712.19 679.00   L 760.58 679.00   A 0.43 0.43 0.0 0 1 761.01 679.43   L 761.01 706.84   A 0.43 0.43 0.0 0 1 760.58 707.27   L 712.18 707.27   A 0.43 0.43 0.0 0 0 711.75 707.70   L 711.75 795.84   A 0.43 0.43 0.0 0 1 711.32 796.27   Z"/>
<path fill="#333333" d="   M 344.5704 757.6933   A 38.31 38.31 0.0 0 1 306.3944 796.1368   L 253.1747 796.3225   A 38.31 38.31 0.0 0 1 214.7312 758.1465   L 214.5896 717.5667   A 38.31 38.31 0.0 0 1 252.7656 679.1232   L 305.9853 678.9375   A 38.31 38.31 0.0 0 1 344.4288 717.1135   L 344.5704 757.6933   Z   M 316.38 717.37   A 10.10 10.10 0.0 0 0 306.28 707.27   L 252.96 707.27   A 10.10 10.10 0.0 0 0 242.86 717.37   L 242.86 757.87   A 10.10 10.10 0.0 0 0 252.96 767.97   L 306.28 767.97   A 10.10 10.10 0.0 0 0 316.38 757.87   L 316.38 717.37   Z"/>
<path fill="#333333" d="   M 397.00 707.28   A 0.21 0.20 -0.0 0 0 396.79 707.48   L 396.79 795.86   A 0.42 0.41 -90.0 0 1 396.38 796.28   L 369.07 796.28   A 0.52 0.51 -90.0 0 1 368.56 795.76   Q 368.57 790.71 368.54 697.80   Q 368.53 689.29 369.93 686.69   C 373.50 680.05 378.66 678.97 386.65 678.98   Q 419.00 679.01 445.50 679.00   Q 458.98 679.00 471.03 684.95   C 489.92 694.28 498.31 711.22 498.46 731.75   Q 498.59 748.88 498.49 795.69   A 0.58 0.58 0.0 0 1 497.91 796.27   L 470.67 796.27   A 0.40 0.40 0.0 0 1 470.27 795.87   Q 470.30 764.78 470.28 732.50   C 470.26 717.56 461.23 707.42 445.98 707.32   Q 432.32 707.24 397.00 707.28   Z"/>
<path fill="#333333" d="   M 622.62 679.66   L 622.62 706.87   A 0.40 0.40 0.0 0 1 622.22 707.27   Q 564.74 707.24 555.00 707.26   C 552.60 707.27 548.15 707.32 547.61 710.36   Q 546.95 714.17 548.89 716.31   A 1.57 1.53 72.8 0 0 549.83 716.82   Q 552.69 717.26 554.00 717.25   Q 570.93 717.17 597.46 717.29   Q 621.64 717.41 632.12 738.34   Q 637.70 749.48 636.12 762.48   C 633.54 783.78 616.91 795.99 596.25 796.23   Q 588.60 796.32 521.18 796.27   A 0.60 0.59 0.5 0 1 520.59 795.68   L 520.59 768.35   A 0.35 0.35 0.0 0 1 520.94 768.00   Q 567.05 768.00 595.75 768.00   C 599.28 767.99 602.85 767.43 605.45 764.99   C 609.02 761.64 608.99 754.87 607.11 750.87   Q 604.53 745.40 598.00 745.36   Q 570.09 745.16 553.76 745.23   C 547.06 745.26 541.40 744.30 535.54 740.87   Q 522.12 733.04 519.67 717.64   C 517.00 700.84 526.07 685.90 542.45 680.68   Q 547.90 678.95 561.88 678.96   Q 621.86 679.02 621.90 679.02   A 0.65 0.64 -3.2 0 1 622.62 679.66   Z"/>
<path fill="#333333" d="   M 815.52 730.40   A 0.41 0.41 0.0 0 1 815.93 729.99   Q 830.25 730.01 864.25 730.00   C 867.34 730.00 871.25 729.58 873.76 727.60   C 878.69 723.71 879.92 716.07 876.60 711.02   C 873.53 706.36 869.38 705.75 863.51 705.75   Q 839.15 705.76 816.76 705.76   Q 808.06 705.76 804.99 711.46   Q 803.38 714.43 803.45 724.74   Q 803.59 745.38 803.51 756.01   C 803.45 765.13 808.03 769.50 816.84 769.25   Q 817.36 769.24 866.05 769.23   A 0.36 0.36 0.0 0 1 866.41 769.59   L 866.41 795.66   A 0.57 0.56 -90.0 0 1 865.85 796.23   Q 833.70 796.34 817.50 796.27   C 803.73 796.21 791.59 791.34 783.51 780.26   Q 776.67 770.88 776.71 757.25   Q 776.72 753.73 776.64 724.67   Q 776.61 713.17 778.06 707.95   C 781.77 694.54 790.64 684.49 803.44 680.55   Q 808.94 678.86 824.23 678.94   Q 845.23 679.04 865.48 679.04   C 893.06 679.04 911.07 702.28 903.45 729.27   C 899.02 744.93 884.86 756.52 868.23 756.67   Q 847.43 756.86 815.88 756.71   A 0.37 0.36 90.0 0 1 815.52 756.34   L 815.52 730.40   Z"/>
<path fill="#333333" d="   M 951.01 796.26   L 924.16 796.26   A 0.56 0.55 -90.0 0 1 923.61 795.70   Q 923.56 737.38 923.60 719.02   Q 923.64 698.19 938.40 687.13   C 945.44 681.85 955.65 678.96 964.24 678.99   Q 972.49 679.01 1026.23 679.00   A 0.64 0.63 -0.0 0 1 1026.87 679.63   L 1026.87 706.79   A 0.46 0.46 0.0 0 1 1026.41 707.25   Q 999.88 707.30 964.25 707.24   C 955.21 707.22 951.67 711.20 951.70 720.04   Q 951.86 766.42 951.68 795.58   A 0.68 0.67 -90.0 0 1 951.01 796.26   Z"/>

<path fill="#333333" d="   M 449.47 840.80   C 465.76 840.76 473.22 854.98 473.26 869.49   C 473.29 883.99 465.90 898.25 449.60 898.29   C 433.31 898.32 425.85 884.10 425.82 869.60   C 425.79 855.09 433.18 840.84 449.47 840.80   Z   M 433.16 869.54   C 433.16 879.55 437.28 892.11 449.52 892.11   C 461.75 892.12 465.89 879.57 465.90 869.56   C 465.90 859.56 461.78 847.00 449.54 846.99   C 437.31 846.98 433.17 859.54 433.16 869.54   Z"/>
<path fill="#333333" d="   M 548.30 867.48   Q 545.38 877.97 539.02 886.80   A 0.55 0.55 0.0 0 0 539.16 887.58   Q 543.71 890.73 548.39 892.30   A 0.84 0.83 -72.0 0 1 548.92 893.35   L 547.57 897.62   A 0.83 0.82 -71.7 0 1 546.53 898.15   Q 540.35 896.08 534.89 892.25   A 0.73 0.73 0.0 0 0 533.99 892.30   Q 526.86 898.67 517.27 898.28   C 508.88 897.93 502.16 892.62 501.63 883.89   C 501.17 876.21 506.25 871.31 512.11 867.18   A 0.51 0.51 0.0 0 0 512.28 866.54   C 507.74 857.33 506.26 843.84 519.12 841.07   C 525.00 839.81 530.95 842.60 532.26 848.78   C 533.80 855.97 529.19 861.61 523.61 865.61   Q 521.14 867.38 520.50 867.92   A 0.59 0.58 -37.2 0 0 520.39 868.69   Q 526.07 877.14 533.83 883.45   A 0.47 0.46 -53.0 0 0 534.51 883.35   Q 539.62 876.00 541.86 867.52   A 0.39 0.37 -81.7 0 1 542.22 867.24   L 548.13 867.24   A 0.19 0.18 -81.5 0 1 548.30 867.48   Z   M 517.34 863.36   Q 517.42 863.38 517.47 863.36   C 522.40 860.64 528.32 855.86 526.58 849.66   Q 525.83 846.95 523.14 846.05   Q 520.44 845.15 518.21 846.86   C 513.09 850.76 514.94 858.14 517.24 863.28   Q 517.27 863.33 517.34 863.36   Z   M 529.28 887.81   Q 521.03 880.36 515.70 872.43   A 0.63 0.63 0.0 0 0 514.78 872.29   C 509.92 876.20 506.21 881.50 509.79 887.71   C 513.96 894.96 523.31 893.45 529.25 888.77   A 0.63 0.63 0.0 0 0 529.28 887.81   Z"/>
<path fill="#333333" d="   M 823.34 869.56   C 823.33 855.05 830.73 840.81 847.03 840.79   C 863.32 840.77 870.77 854.99 870.79 869.50   C 870.80 884.01 863.39 898.26 847.10 898.28   C 830.81 898.30 823.36 884.07 823.34 869.56   Z   M 830.67 869.53   C 830.66 879.54 834.79 892.10 847.03 892.11   C 859.27 892.12 863.41 879.56 863.42 869.55   C 863.42 859.54 859.30 846.98 847.06 846.97   C 834.81 846.97 830.68 859.53 830.67 869.53   Z"/>
<path fill="#333333" d="   M 185.95 841.73   Q 187.98 841.74 189.65 841.81   A 0.41 0.41 0.0 0 1 190.02 842.09   L 208.53 897.10   A 0.15 0.15 0.0 0 1 208.39 897.29   L 201.49 897.29   A 0.40 0.38 80.6 0 1 201.12 897.01   L 196.17 880.89   A 0.58 0.57 76.3 0 0 195.52 880.49   Q 195.45 880.50 185.89 880.49   Q 176.33 880.48 176.27 880.46   A 0.58 0.57 -76.1 0 0 175.61 880.86   L 170.62 896.97   A 0.40 0.38 -80.5 0 1 170.24 897.25   L 163.34 897.23   A 0.15 0.15 0.0 0 1 163.21 897.04   L 181.87 842.08   A 0.41 0.41 0.0 0 1 182.25 841.80   Q 183.92 841.73 185.95 841.73   Z   M 185.80 874.75   Q 193.12 874.75 193.68 874.70   A 0.37 0.37 0.0 0 0 194.01 874.23   L 186.08 848.05   A 0.35 0.23 85.0 0 0 185.92 847.84   Q 185.86 847.82 185.79 847.82   Q 185.72 847.82 185.65 847.84   A 0.35 0.23 -85.0 0 0 185.50 848.05   L 177.59 874.24   A 0.37 0.37 0.0 0 0 177.92 874.71   Q 178.48 874.75 185.80 874.75   Z"/>
<path fill="#333333" d="   M 256.26 892.18   C 266.19 892.16 269.18 883.87 269.19 875.49   Q 269.21 863.80 269.13 842.14   A 0.44 0.43 -90.0 0 1 269.56 841.70   L 275.60 841.70   A 0.42 0.42 0.0 0 1 276.02 842.12   Q 276.10 858.12 276.06 875.99   C 276.02 888.76 270.02 898.25 256.28 898.28   C 242.53 898.32 236.49 888.85 236.40 876.08   Q 236.27 858.21 236.27 842.21   A 0.42 0.42 0.0 0 1 236.69 841.79   L 242.73 841.76   A 0.44 0.43 89.7 0 1 243.16 842.20   Q 243.19 863.86 243.26 875.55   C 243.31 883.93 246.34 892.20 256.26 892.18   Z"/>
<path fill="#333333" d="   M 312.29 842.17   A 0.48 0.48 0.0 0 1 312.77 841.70   L 328.02 841.72   A 24.54 24.43 -89.9 0 1 352.41 866.31   L 352.39 872.81   A 24.54 24.43 -89.9 0 1 327.92 897.30   L 312.67 897.28   A 0.48 0.48 0.0 0 1 312.19 896.79   L 312.29 842.17   Z   M 319.25 848.04   L 319.25 891.00   A 0.55 0.55 0.0 0 0 319.80 891.55   L 326.78 891.55   A 18.70 18.19 -90.0 0 0 344.97 872.85   L 344.97 866.19   A 18.70 18.19 90.0 0 0 326.78 847.49   L 319.80 847.49   A 0.55 0.55 0.0 0 0 319.25 848.04   Z"/>
<rect fill="#333333" x="385.50" y="841.73" width="7.02" height="55.50" rx="0.43"/>
<path fill="#333333" d="   M 593.53 889.76   Q 593.87 889.76 594.17 888.72   Q 600.92 865.23 607.88 841.97   A 0.33 0.32 -81.5 0 1 608.19 841.73   L 615.06 841.73   A 0.18 0.18 0.0 0 1 615.23 841.97   L 597.87 896.62   A 0.87 0.87 0.0 0 1 597.19 897.21   Q 596.95 897.26 593.53 897.26   Q 590.12 897.26 589.87 897.22   A 0.87 0.87 0.0 0 1 589.20 896.63   L 571.72 842.01   A 0.18 0.18 0.0 0 1 571.89 841.77   L 578.76 841.76   A 0.33 0.32 81.4 0 1 579.07 842.00   Q 586.08 865.25 592.88 888.72   Q 593.18 889.76 593.53 889.76   Z"/>
<rect fill="#333333" x="644.00" y="841.73" width="7.00" height="55.54" rx="0.38"/>
<path fill="#333333" d="   M 687.50 842.19   A 0.45 0.45 0.0 0 1 687.95 841.74   L 703.13 841.74   A 24.37 24.33 90.0 0 1 727.46 866.11   L 727.46 872.93   A 24.37 24.33 -90.0 0 1 703.13 897.30   L 687.95 897.30   A 0.45 0.45 0.0 0 1 687.50 896.85   L 687.50 842.19   Z   M 694.55 847.99   L 694.47 891.01   A 0.54 0.54 0.0 0 0 695.01 891.55   L 701.93 891.56   A 18.70 18.18 -89.9 0 0 720.14 872.89   L 720.16 866.19   A 18.70 18.18 -89.9 0 0 702.01 847.46   L 695.09 847.45   A 0.54 0.54 0.0 0 0 694.55 847.99   Z"/>
<path fill="#333333" d="   M 768.26 865.24   L 788.30 865.24   A 0.49 0.49 0.0 0 1 788.79 865.73   L 788.79 870.77   A 0.49 0.49 0.0 0 1 788.30 871.26   L 768.27 871.26   A 0.49 0.49 0.0 0 0 767.78 871.75   L 767.78 890.74   A 0.49 0.49 0.0 0 0 768.27 891.23   L 793.04 891.23   A 0.49 0.49 0.0 0 1 793.53 891.72   L 793.53 896.79   A 0.49 0.49 0.0 0 1 793.04 897.28   L 761.23 897.28   A 0.49 0.49 0.0 0 1 760.74 896.79   L 760.74 842.24   A 0.49 0.49 0.0 0 1 761.23 841.75   L 792.31 841.75   A 0.49 0.49 0.0 0 1 792.80 842.24   L 792.80 847.27   A 0.49 0.49 0.0 0 1 792.31 847.76   L 768.26 847.76   A 0.49 0.49 0.0 0 0 767.77 848.25   L 767.77 864.75   A 0.49 0.49 0.0 0 0 768.26 865.24   Z"/>








                        </g>
                    </svg>