<svg xmlns="http://www.w3.org/2000/svg" data-content-extracted="true" version="1.1" viewBox="-178 -178 758 758" data-ai-vectorized="true">
<g stroke-width="758" fill="none" stroke-linecap="butt">
<path vector-effect="non-scaling-stroke" d="   M 50.40 0.00   Q 48.25 3.29 47.33 5.34   Q 41.12 19.26 29.92 46.04   C 27.36 52.18 24.70 57.27 22.75 62.53   Q 20.98 67.31 17.45 74.92   Q 10.20 90.50 1.30 111.20   A 0.34 0.33 12.6 0 0 1.60 111.66   Q 1.93 111.67 2.25 111.52   Q 27.12 99.40 54.92 87.46   Q 73.01 79.69 88.60 74.29   A 1.42 1.40 -85.2 0 0 89.37 73.63   Q 91.79 69.09 93.66 63.40   Q 98.58 48.40 100.04 44.16   A 0.88 0.87 1.5 0 0 98.97 43.04   C 85.37 46.91 70.00 52.85 56.98 57.43   A 0.70 0.69 2.9 0 1 56.12 56.48   C 60.52 47.15 66.41 31.37 77.20 4.24   Q 77.85 2.60 77.46 0.00"/>
<path vector-effect="non-scaling-stroke" d="   M 128.15 0.00   Q 126.06 3.27 125.12 5.64   Q 113.54 34.73 100.74 65.97   Q 99.69 68.55 99.11 70.26   A 0.45 0.45 0.0 0 0 99.72 70.81   Q 104.52 68.62 109.29 67.04   Q 121.48 63.02 133.14 59.73   A 2.24 2.23 5.2 0 0 134.54 58.57   Q 136.25 55.15 137.70 51.21   C 142.59 37.90 147.20 24.52 152.52 11.47   Q 154.79 5.91 155.60 0.00"/>
<path vector-effect="non-scaling-stroke" d="   M 169.92 0.00   Q 168.38 3.39 167.76 7.05   Q 164.15 28.28 163.71 48.96"/>
<path vector-effect="non-scaling-stroke" d="   M 163.71 48.96   L 188.49 73.32   A 1.96 1.95 -55.9 0 1 188.91 75.52   L 145.19 173.68   A 0.88 0.87 -65.6 0 0 145.62 174.84   L 158.04 180.52"/>
<path vector-effect="non-scaling-stroke" d="   M 158.04 180.52   L 154.34 181.45   A 1.65 1.64 5.2 0 0 153.22 182.38   C 150.33 188.69 146.36 194.85 144.03 200.88   Q 140.27 210.59 138.12 218.94   C 136.17 226.54 135.41 236.55 134.35 245.88   C 133.64 252.03 128.17 258.76 125.31 264.53   Q 112.92 289.46 111.05 318.06   A 0.50 0.49 -28.0 0 0 111.97 318.34   Q 118.13 307.93 128.26 301.59   A 0.89 0.89 0.0 0 1 129.60 302.53   C 127.98 310.21 126.52 317.69 127.24 325.64   Q 128.44 338.84 131.92 349.06   Q 137.89 366.57 148.29 382.45   Q 148.81 383.26 151.37 386.00"/>
<path vector-effect="non-scaling-stroke" d="   M 126.11 386.00   C 124.52 380.85 121.15 375.88 119.52 371.81   Q 115.19 361.00 111.48 350.28   A 0.62 0.62 0.0 0 0 110.41 350.08   Q 108.28 352.68 107.02 356.00   Q 103.48 365.33 102.16 375.32   A 0.47 0.47 0.0 0 1 101.24 375.36   Q 100.17 370.37 98.07 363.64   Q 96.32 358.04 95.33 351.86   Q 90.97 324.71 95.28 299.03   Q 96.38 292.50 99.28 282.24   Q 102.85 269.62 104.52 265.79   Q 108.32 257.13 112.77 247.64   C 113.81 245.43 114.90 242.22 115.08 240.05   C 116.04 228.74 116.43 221.69 118.94 212.91   A 2.61 2.60 -70.3 0 0 117.48 209.80   Q 101.35 202.79 88.51 196.69   C 74.98 190.27 58.04 182.85 44.27 176.19   C 38.68 173.48 28.84 169.17 20.72 165.01   Q 11.44 160.25 0.00 156.63"/>
<path vector-effect="non-scaling-stroke" d="   M 235.05 0.00   L 233.64 13.73   A 1.12 1.12 0.0 0 0 234.84 14.96   L 251.79 13.67   A 1.21 1.21 0.0 0 0 252.91 12.40   Q 252.61 6.28 254.11 0.00"/>
<path vector-effect="non-scaling-stroke" d="   M 327.50 0.00   L 329.29 12.88   A 1.02 1.02 0.0 0 0 330.24 13.75   Q 346.27 14.80 360.95 17.42   A 1.43 1.42 1.1 0 1 362.12 18.63   L 365.10 40.34   A 0.92 0.91 -3.2 0 1 364.16 41.38   Q 357.51 41.20 353.56 40.64   Q 344.97 39.40 336.52 37.04"/>
<path vector-effect="non-scaling-stroke" d="   M 336.52 37.04   L 237.20 36.96   A 0.42 0.42 0.0 0 0 236.82 37.55   L 241.83 48.33   A 0.47 0.47 0.0 0 1 241.40 49.00   L 163.71 48.96"/>
<path vector-effect="non-scaling-stroke" d="   M 374.58 0.00   C 374.96 5.95 376.36 12.61 377.14 17.66   Q 378.69 27.59 380.39 36.64   Q 381.31 41.52 382.74 44.33   A 1.12 1.08 83.0 0 0 383.45 44.90   C 387.08 45.86 390.70 45.66 393.83 49.07"/>
<path vector-effect="non-scaling-stroke" d="   M 393.83 49.07   L 331.48 49.02   A 0.43 0.43 0.0 0 1 331.10 48.40   L 336.52 37.04"/>
<path vector-effect="non-scaling-stroke" d="   M 402.61 0.00   C 405.78 6.83 406.96 15.25 408.77 23.57   A 0.91 0.90 0.5 0 0 409.45 24.26   L 449.23 33.42   A 1.54 1.53 87.9 0 1 450.34 34.46   L 458.85 62.40   A 0.67 0.67 0.0 0 1 457.98 63.22   Q 445.50 58.63 429.57 55.11   Q 418.76 52.72 408.34 49.53"/>
<path vector-effect="non-scaling-stroke" d="   M 408.34 49.53   L 393.83 49.07"/>
<path vector-effect="non-scaling-stroke" d="   M 454.28 0.00   Q 462.40 24.52 470.29 49.02   Q 472.13 54.71 475.81 58.20   Q 486.66 68.48 491.39 72.60   Q 494.58 75.37 496.83 76.21   Q 527.29 87.62 553.96 100.29   A 1.62 1.60 -50.8 0 0 555.64 100.11   L 568.83 89.88   A 0.76 0.76 0.0 0 0 569.06 88.96   Q 553.60 54.70 547.27 40.37   Q 540.03 23.98 532.42 6.81   Q 530.81 3.18 528.33 0.00"/>
<path vector-effect="non-scaling-stroke" d="   M 544.11 0.00   Q 544.97 2.78 545.56 4.02   Q 550.41 14.13 553.73 22.38   Q 556.02 28.06 558.90 33.66   C 563.33 42.24 565.71 49.61 570.13 58.08   Q 573.82 65.15 577.28 74.92   Q 578.09 77.19 580.00 78.15"/>
<path vector-effect="non-scaling-stroke" d="   M 580.00 158.51   Q 579.85 157.48 579.37 156.65   A 0.45 0.44 61.9 0 0 578.79 156.47   L 464.32 209.67   A 0.54 0.52 68.0 0 0 464.05 210.33   Q 468.03 221.49 470.65 233.63   C 472.06 240.16 475.22 244.56 478.75 251.25   Q 481.42 256.30 483.56 262.45   Q 488.24 275.86 490.91 292.05   C 493.16 305.73 493.01 319.19 491.18 332.39   Q 488.21 353.85 482.12 372.98   A 0.66 0.66 0.0 0 1 480.84 372.70   C 482.12 362.89 480.32 352.88 478.45 343.09   Q 476.68 333.80 471.82 326.24   A 0.72 0.72 0.0 0 0 470.50 326.54   C 469.91 331.58 469.07 336.24 467.20 341.64   C 465.29 347.16 464.33 351.78 462.14 356.87   Q 459.98 361.89 457.04 369.85   C 456.39 371.61 455.00 373.89 453.97 375.35   Q 450.43 380.35 448.10 386.00"/>
<path vector-effect="non-scaling-stroke" d="   M 266.30 386.00   Q 252.67 360.52 238.82 340.95   Q 227.64 325.18 225.06 321.43   Q 221.41 316.13 206.56 297.17   Q 204.88 295.02 203.46 292.17   A 4.64 4.63 46.0 0 1 203.53 287.89   Q 205.53 284.21 205.72 279.11"/>
<path vector-effect="non-scaling-stroke" d="   M 205.72 279.11   L 212.26 289.07   A 0.17 0.17 0.0 0 0 212.57 288.98   L 213.24 278.83   A 0.67 0.67 0.0 0 1 214.48 278.52   Q 219.07 286.04 225.37 293.64   C 243.70 315.77 266.73 333.59 291.73 349.16   A 0.63 0.63 0.0 0 0 292.68 348.76   C 294.83 338.74 302.52 331.42 310.65 325.65   C 323.41 316.58 339.75 307.12 351.97 294.81   C 358.62 288.09 363.34 280.91 367.05 272.43   A 0.44 0.44 0.0 0 1 367.88 272.51   Q 369.57 280.10 368.70 288.31   A 0.28 0.28 0.0 0 0 369.21 288.49   C 383.96 265.97 388.23 238.65 375.63 214.26   C 373.56 210.25 373.10 208.00 372.43 204.16   A 0.51 0.50 72.8 0 1 372.71 203.61   L 435.07 174.62   A 0.58 0.58 0.0 0 0 435.36 173.85   L 388.36 70.21   A 0.83 0.82 -35.0 0 1 388.53 69.28   L 408.34 49.53"/>
<path vector-effect="non-scaling-stroke" d="   M 463.62 0.00   L 484.90 4.98   A 1.82 1.81 86.3 0 1 486.20 6.13   Q 492.20 22.63 499.13 41.61   Q 500.59 45.61 503.23 50.09   A 1.40 1.37 84.4 0 0 503.93 50.68   L 522.60 57.62   A 0.83 0.83 0.0 0 0 523.63 56.48   Q 520.66 50.28 517.20 41.80   Q 513.21 32.04 502.48 5.09   Q 501.49 2.60 500.86 0.00"/>
<path vector-effect="non-scaling-stroke" d="   M 558.14 0.00   Q 561.39 4.86 564.02 10.99   Q 567.42 18.92 577.60 41.59   Q 578.88 44.46 580.00 47.45"/>
<path vector-effect="non-scaling-stroke" d="   M 205.72 279.11   C 196.03 258.15 197.65 236.37 207.67 215.32   A 1.41 1.40 49.2 0 0 207.74 214.31   L 207.38 213.10   A 1.29 1.28 40.3 0 1 207.33 212.53   L 208.33 204.60   A 0.84 0.84 0.0 0 0 207.85 203.73   L 158.04 180.52"/>
<path vector-effect="non-scaling-stroke" d="   M 378.20 87.36   L 389.45 88.59   A 0.44 0.44 0.0 0 0 389.90 87.97   L 381.02 68.87   A 0.52 0.52 0.0 0 1 381.13 68.27   L 393.81 55.58   A 0.29 0.29 0.0 0 0 393.60 55.08   L 321.36 55.08   A 0.16 0.15 -77.7 0 1 321.22 54.86   L 326.51 43.53   A 0.34 0.33 12.3 0 0 326.20 43.06   L 246.61 43.06   A 0.20 0.20 0.0 0 0 246.43 43.34   L 251.73 54.75   A 0.22 0.22 0.0 0 1 251.53 55.07   L 179.63 55.07   A 0.38 0.37 -22.3 0 0 179.36 55.71   Q 190.17 66.52 195.12 71.40   C 197.05 73.29 195.81 74.82 194.93 76.80   Q 178.04 114.86 153.04 170.91   A 0.63 0.62 24.4 0 0 153.35 171.72   L 215.56 200.73   A 0.77 0.76 16.6 0 1 216.00 201.53   L 214.05 215.69   A 3.21 3.19 63.3 0 1 213.71 216.73   C 205.83 231.18 202.55 249.50 206.84 265.88   Q 207.92 270.00 208.24 271.88   A 0.31 0.31 0.0 0 0 208.85 271.88   Q 209.82 265.89 212.31 261.47   A 0.36 0.36 0.0 0 1 212.97 261.55   Q 216.39 272.98 223.52 282.50   Q 229.55 290.56 231.40 292.61   Q 248.18 311.23 268.31 327.02   A 0.26 0.26 0.0 0 0 268.72 326.74   L 265.46 316.03   A 0.38 0.38 0.0 0 1 266.10 315.66   Q 276.61 327.00 289.81 336.79   A 0.38 0.37 33.3 0 0 290.36 336.68   C 295.44 328.00 303.74 323.14 311.58 317.35   Q 314.81 314.96 318.37 309.02   A 0.35 0.34 28.2 0 1 318.81 308.89   L 319.08 309.02   A 0.15 0.13 23.8 0 1 319.16 309.20   L 318.09 312.09   A 0.33 0.32 -6.8 0 0 318.58 312.47   Q 333.39 302.52 341.52 287.06   A 0.30 0.30 0.0 0 1 342.09 287.23   L 341.09 296.36   A 0.16 0.15 -17.9 0 0 341.35 296.49   C 354.48 284.79 365.58 268.53 368.22 251.00   A 0.38 0.38 0.0 0 1 368.95 250.90   Q 373.10 260.19 372.45 270.07   A 0.35 0.35 0.0 0 0 373.12 270.21   Q 377.85 257.09 377.53 243.52   Q 377.15 227.38 369.35 214.00   A 3.90 3.79 -69.0 0 1 368.94 213.04   L 365.50 200.97   A 0.61 0.59 70.0 0 1 365.82 200.26   L 427.12 171.77   A 0.64 0.64 0.0 0 0 427.43 170.92   Q 408.52 129.41 399.50 109.35   C 397.67 105.30 395.88 103.39 392.91 100.68   Q 389.33 97.41 378.15 87.48   A 0.07 0.07 0.0 0 1 378.20 87.36"/>
<path vector-effect="non-scaling-stroke" d="   M 260.30 50.43   A 0.89 0.88 22.2 0 0 260.75 51.50   Q 262.37 52.31 263.43 51.29   A 0.89 0.87 -31.3 0 0 263.66 50.37   Q 263.43 49.71 263.52 48.67   A 1.25 1.25 0.0 0 0 262.14 47.32   Q 260.46 47.50 260.21 48.15   Q 260.20 48.19 260.44 49.29   Q 260.54 49.71 260.30 50.43"/>
<path vector-effect="non-scaling-stroke" d="   M 266.06 51.42   A 0.41 0.40 51.2 0 0 266.86 51.51   L 267.05 50.68   A 0.91 0.91 0.0 0 1 267.81 49.98   Q 269.63 49.70 269.29 48.51   A 1.75 1.51 41.8 0 0 266.06 48.45   Q 266.03 49.40 266.06 51.42"/>
<path vector-effect="non-scaling-stroke" d="   M 275.76 49.56   A 2.28 2.28 0.0 0 0 273.48 47.28   A 2.28 2.28 0.0 0 0 271.20 49.56   A 2.28 2.28 0.0 0 0 273.48 51.84   A 2.28 2.28 0.0 0 0 275.76 49.56"/>
<path vector-effect="non-scaling-stroke" d="   M 281.28 51.41   Q 280.96 49.85 281.15 48.58   A 1.10 1.10 0.0 0 0 280.08 47.32   L 278.76 47.30   A 0.81 0.81 0.0 0 0 277.93 48.09   L 277.88 51.27   A 0.48 0.48 0.0 0 0 278.84 51.34   L 278.95 50.51   A 0.51 0.51 0.0 0 1 279.92 50.36   L 280.52 51.66   A 0.40 0.40 0.0 0 0 281.28 51.41"/>
<path vector-effect="non-scaling-stroke" d="   M 286.02 47.26   L 283.76 47.26   A 0.37 0.36 69.1 0 0 283.49 47.87   Q 284.32 48.80 284.23 51.56   A 0.23 0.22 1.2 0 0 284.46 51.79   L 284.75 51.79   A 0.45 0.44 -1.8 0 0 285.20 51.32   Q 285.05 49.03 286.24 47.76   A 0.30 0.30 0.0 0 0 286.02 47.26"/>
<path vector-effect="non-scaling-stroke" d="   M 291.77 49.56   C 291.80 52.09 294.33 52.43 295.85 50.73   A 0.42 0.42 0.0 0 0 295.30 50.09   Q 294.86 50.39 294.28 50.71   Q 293.67 51.05 293.18 50.67   Q 292.75 50.34 292.75 49.55   Q 292.74 48.75 293.15 48.42   Q 293.64 48.03 294.25 48.35   Q 294.84 48.66 295.29 48.95   A 0.42 0.42 0.0 0 0 295.83 48.31   C 294.26 46.64 291.74 47.02 291.77 49.56"/>
<path vector-effect="non-scaling-stroke" d="   M 297.98 47.70   L 298.07 51.18   A 0.76 0.76 0.0 0 0 298.85 51.92   L 300.45 51.88   A 0.29 0.26 -63.6 0 0 300.63 51.81   Q 301.36 51.20 299.91 50.94   A 0.73 0.72 -1.2 0 1 299.34 50.40   L 298.72 47.61   A 0.37 0.37 0.0 0 0 297.98 47.70"/>
<path vector-effect="non-scaling-stroke" d="   M 305.08 51.89   Q 307.25 51.92 307.14 48.26   Q 307.12 47.75 306.80 47.42   A 0.41 0.41 0.0 0 0 306.09 47.72   Q 306.20 50.90 305.09 50.88   Q 303.99 50.87 304.19 47.69   A 0.41 0.41 0.0 0 0 303.49 47.37   Q 303.16 47.69 303.13 48.20   Q 302.91 51.85 305.08 51.89"/>
<path vector-effect="non-scaling-stroke" d="   M 312.7979 48.3668   A 1.11 1.11 0.0 0 0 311.6859 47.2587   L 310.2059 47.2613   A 1.11 1.11 0.0 0 0 309.0979 48.3732   L 309.1021 50.8332   A 1.11 1.11 0.0 0 0 310.2141 51.9413   L 311.6941 51.9387   A 1.11 1.11 0.0 0 0 312.8021 50.8268   L 312.7979 48.3668"/>
<path vector-effect="non-scaling-stroke" d="   M 322.44 127.25   L 321.15 117.85   A 0.81 0.81 0.0 0 0 320.44 117.15   L 307.39 115.73   A 0.50 0.50 0.0 0 1 306.95 115.27   L 302.81 60.82   A 0.70 0.70 0.0 0 0 302.11 60.17   L 293.09 60.17   A 0.57 0.57 0.0 0 0 292.52 60.76   L 294.16 125.07   A 0.57 0.57 0.0 0 0 294.72 125.63   Q 307.86 125.85 321.86 127.84   A 0.52 0.52 0.0 0 0 322.44 127.25"/>
<path vector-effect="non-scaling-stroke" d="   M 325.08 67.86   L 342.46 67.86   A 0.28 0.27 -8.4 0 0 342.73 67.51   L 340.59 60.49   A 0.29 0.29 0.0 0 0 340.31 60.28   L 318.44 60.28   A 0.59 0.59 0.0 0 0 317.86 60.97   L 329.75 128.51   A 0.88 0.88 0.0 0 0 330.46 129.22   Q 346.22 132.03 362.42 136.94   A 0.41 0.40 0.1 0 0 362.93 136.44   L 359.70 125.85   A 2.51 2.50 88.1 0 0 357.88 124.14   L 341.95 120.48   A 0.89 0.87 0.7 0 1 341.29 119.82   L 335.82 95.22   A 0.54 0.54 0.0 0 1 336.41 94.56   L 347.90 95.81   A 0.20 0.20 0.0 0 0 348.12 95.55   L 345.51 86.98   A 0.15 0.14 -6.3 0 0 345.39 86.89   L 334.54 85.70   A 1.28 1.27 86.8 0 1 333.44 84.71   L 331.37 75.39   A 3.66 3.62 16.4 0 0 330.39 73.61   L 324.95 68.17   A 0.18 0.18 0.0 0 1 325.08 67.86"/>
<path vector-effect="non-scaling-stroke" d="   M 380.95 81.44   L 375.14 68.62   A 1.66 1.65 -34.7 0 1 375.48 66.77   L 381.62 60.63   A 0.29 0.29 0.0 0 0 381.41 60.14   Q 365.96 60.25 352.69 60.14   Q 349.97 60.12 346.69 63.59   A 0.91 0.90 -32.8 0 0 346.49 64.51   Q 350.19 75.71 351.86 81.39   Q 352.54 83.69 354.49 85.26   Q 366.79 95.15 379.29 107.02   A 7.34 7.25 -79.6 0 1 381.00 109.53   L 390.92 134.12   A 0.47 0.47 0.0 0 1 390.32 134.74   L 383.30 132.13   A 3.92 3.92 0.0 0 1 380.99 129.78   L 375.06 113.01   A 1.86 1.86 0.0 0 0 373.73 111.82   L 361.31 108.96   A 0.27 0.27 0.0 0 0 360.99 109.31   Q 367.88 130.37 368.21 131.30   C 369.89 136.00 377.60 142.11 382.17 143.85   C 389.55 146.67 396.61 149.55 402.93 152.58   A 2.83 2.81 38.8 0 0 405.87 152.27   L 410.21 148.91   A 0.74 0.73 -31.0 0 0 410.43 148.05   Q 399.78 124.11 394.38 111.85   C 393.20 109.15 391.75 107.03 389.83 105.18   Q 378.22 94.01 364.85 83.31   A 4.66 4.66 0.0 0 1 363.42 81.39   L 361.01 75.42   A 2.09 1.90 14.2 0 0 360.56 74.74   L 354.21 68.39   A 0.32 0.31 -22.1 0 1 354.44 67.86   L 363.68 67.86   A 0.92 0.91 -10.9 0 1 364.53 68.43   L 369.42 80.53   A 0.61 0.59 -7.1 0 0 369.92 80.91   L 380.50 82.07   A 0.45 0.44 -9.5 0 0 380.95 81.44"/>
<path vector-effect="non-scaling-stroke" d="   M 218.49 88.78   L 206.77 90.85   A 0.32 0.32 0.0 0 1 206.42 90.41   L 212.98 74.40   A 0.88 0.88 0.0 0 0 212.79 73.46   L 207.50 68.17   A 0.18 0.18 0.0 0 1 207.63 67.86   L 228.01 67.86   A 0.41 0.40 -79.5 0 0 228.39 67.59   L 230.92 60.77   A 0.32 0.31 10.6 0 0 230.62 60.34   L 191.88 60.34   A 0.39 0.39 0.0 0 0 191.60 61.01   L 202.19 71.59   A 1.37 1.36 -55.7 0 1 202.47 73.11   L 165.64 157.65   A 0.24 0.24 0.0 0 0 165.96 157.96   Q 183.94 148.97 202.49 142.11   A 2.24 2.21 -89.5 0 0 203.79 140.81   L 208.20 128.95   A 0.49 0.48 0.2 0 0 207.58 128.33   L 189.44 134.74   A 0.40 0.40 0.0 0 1 188.94 134.21   L 202.22 101.78   A 0.87 0.87 0.0 0 1 202.84 101.25   L 215.16 98.50   A 0.27 0.24 3.4 0 0 215.35 98.35   L 218.77 89.13   A 0.26 0.25 -84.5 0 0 218.49 88.78"/>
<path vector-effect="non-scaling-stroke" d="   M 240.60 60.19   A 0.33 0.33 0.0 0 0 240.30 60.39   L 207.93 139.45   A 0.33 0.33 0.0 0 0 208.34 139.89   L 222.82 135.47   A 0.33 0.33 0.0 0 0 223.04 135.27   L 233.58 106.92   A 0.33 0.33 0.0 0 1 233.82 106.71   L 237.60 105.87   A 0.33 0.33 0.0 0 1 238.00 106.23   L 235.20 131.78   A 0.33 0.33 0.0 0 0 235.60 132.14   L 248.40 129.28   A 0.33 0.33 0.0 0 0 248.66 128.98   L 253.12 60.54   A 0.33 0.33 0.0 0 0 252.79 60.19   L 240.60 60.19"/>
<path vector-effect="non-scaling-stroke" d="   M 265.86 67.76   L 276.47 67.95   A 0.58 0.58 0.0 0 1 277.04 68.57   L 276.52 76.55   A 0.32 0.32 0.0 0 0 276.84 76.89   L 287.06 77.07   A 0.67 0.67 0.0 0 0 287.74 76.41   L 287.95 64.08   A 1.17 1.16 18.0 0 0 287.44 63.08   Q 283.33 60.27 280.76 60.24   Q 277.18 60.20 268.19 60.25   Q 266.20 60.26 261.58 63.17   A 1.30 1.27 78.8 0 0 260.99 64.07   L 251.66 122.90   A 0.89 0.89 0.0 0 0 252.07 123.79   L 257.92 127.47   A 1.00 0.96 57.2 0 0 258.52 127.61   L 279.22 125.67   A 4.36 4.34 -66.4 0 0 281.45 124.79   L 286.58 120.82   A 1.14 1.12 71.7 0 0 287.01 119.95   L 287.54 90.00   A 0.53 0.53 0.0 0 0 286.99 89.46   L 271.52 89.85   A 1.38 1.38 0.0 0 0 270.19 91.14   L 269.75 97.79   A 0.70 0.70 0.0 0 0 270.50 98.53   L 274.58 98.22   A 0.43 0.43 0.0 0 1 275.04 98.67   L 273.94 115.57   A 0.44 0.43 1.4 0 1 273.51 115.97   L 265.87 116.17   A 0.11 0.11 0.0 0 1 265.76 116.04   L 270.40 73.62   A 1.32 1.29 26.2 0 0 270.02 72.55   L 265.67 68.20   A 0.26 0.26 0.0 0 1 265.86 67.76"/>
<path vector-effect="non-scaling-stroke" d="   M 250.27 150.42   Q 247.57 153.15 245.02 155.44   C 235.43 164.09 229.65 176.03 226.69 188.83   A 0.21 0.21 0.0 0 0 227.03 189.05   L 234.67 183.13   A 0.19 0.19 0.0 0 1 234.94 183.39   L 232.19 187.71"/>
<path vector-effect="non-scaling-stroke" d="   M 232.19 187.71   C 226.29 196.11 223.73 205.22 223.11 215.25   A 9.05 8.94 62.8 0 1 221.82 219.36   Q 214.04 232.18 212.86 247.16   A 0.26 0.26 0.0 0 0 213.35 247.30   Q 215.87 242.52 220.45 240.18   A 0.30 0.30 0.0 0 1 220.88 240.51   C 217.34 255.85 224.73 270.40 234.07 282.71   Q 244.08 295.91 257.15 307.41   A 0.13 0.13 0.0 0 0 257.37 307.28   L 256.12 302.09"/>
<path vector-effect="non-scaling-stroke" d="   M 256.12 302.09   Q 254.38 291.07 254.34 281.57   Q 254.34 279.74 254.94 280.73"/>
<path vector-effect="non-scaling-stroke" d="   M 254.94 280.73   C 260.14 296.55 271.45 311.00 284.29 321.74"/>
<path vector-effect="non-scaling-stroke" d="   M 284.29 321.74   L 289.45 325.96   A 0.45 0.45 0.0 0 0 290.18 325.66   Q 291.23 316.03 297.91 308.83"/>
<path vector-effect="non-scaling-stroke" d="   M 297.91 308.83   C 307.16 302.29 313.15 290.67 315.32 279.86   A 0.23 0.23 0.0 0 1 315.76 279.85   C 317.67 286.76 318.34 295.88 315.28 302.52   A 0.23 0.23 0.0 0 0 315.62 302.81   Q 318.38 300.94 320.93 298.45   Q 336.12 283.63 341.86 263.47   A 0.42 0.42 0.0 0 1 342.68 263.49   L 344.81 273.06   A 0.38 0.38 0.0 0 0 345.50 273.19   C 352.86 261.97 364.68 240.40 350.07 229.45   Q 343.74 224.70 335.95 223.52   A 0.29 0.29 0.0 0 1 335.93 222.95   C 347.26 220.42 358.05 221.69 367.08 229.59   A 0.30 0.30 0.0 0 0 367.56 229.26   Q 365.69 223.93 362.16 218.40   A 9.94 9.92 22.0 0 1 360.86 215.34   C 360.07 212.09 359.32 208.62 358.09 205.34   Q 353.59 193.34 345.11 183.36   A 0.33 0.33 0.0 0 1 345.57 182.89   L 353.41 189.06   A 0.26 0.26 0.0 0 0 353.83 188.82   Q 353.26 185.34 352.05 182.80"/>
<path vector-effect="non-scaling-stroke" d="   M 352.05 182.80   Q 346.34 163.41 331.04 151.45   A 0.31 0.31 0.0 0 1 331.26 150.90   C 332.65 151.02 335.17 152.25 336.79 152.10   A 0.20 0.20 0.0 0 0 336.86 151.72   Q 318.04 142.11 297.26 140.34   A 4.58 4.58 0.0 0 0 293.89 141.41   Q 291.94 143.06 290.71 145.52   A 0.41 0.41 0.0 0 1 290.01 145.56   C 288.46 143.20 286.92 140.29 283.77 140.48   Q 263.64 141.69 243.66 151.99   A 0.16 0.16 0.0 0 0 243.78 152.29   L 250.27 150.42"/>
<path vector-effect="non-scaling-stroke" d="   M 352.05 182.80   Q 350.84 181.89 349.69 179.81   Q 347.02 174.99 341.70 172.38   A 0.75 0.75 0.0 0 0 340.83 172.53   Q 340.18 173.21 340.45 174.29"/>
<path vector-effect="non-scaling-stroke" d="   M 340.45 174.29   Q 332.94 192.70 316.42 203.34   A 0.90 0.80 -88.0 0 0 316.17 203.60   L 314.39 206.56   A 0.15 0.14 29.2 0 1 314.19 206.61   L 313.94 206.47   A 0.17 0.16 28.4 0 1 313.87 206.26   L 318.54 195.37   A 0.07 0.07 0.0 0 0 318.52 195.29   L 318.51 195.29   A 0.18 0.17 -55.2 0 0 318.28 195.34   Q 310.94 205.48 306.15 216.88   A 0.50 0.50 0.0 0 1 305.32 217.02   L 301.07 212.34"/>
<path vector-effect="non-scaling-stroke" d="   M 301.07 212.34   Q 296.34 204.77 288.95 200.47   A 0.20 0.20 0.0 0 1 289.10 200.11   Q 297.84 202.20 304.93 207.07   A 0.48 0.48 0.0 0 0 305.65 206.83   C 308.71 197.67 313.30 192.55 319.93 184.43   Q 324.53 178.78 324.61 171.76   C 324.71 161.96 315.60 155.99 306.55 156.27   A 0.28 0.28 0.0 0 1 306.45 155.73   Q 309.96 154.58 312.51 154.92   A 0.26 0.25 -81.8 0 0 312.79 154.70   L 312.79 154.69   A 0.20 0.20 0.0 0 0 312.63 154.46   Q 304.38 152.58 296.55 155.57   Q 292.65 157.07 290.84 160.66   A 0.47 0.47 0.0 0 1 290.00 160.64   C 286.36 152.45 279.68 149.03 270.62 148.13   Q 259.87 147.06 250.27 150.42"/>
<path vector-effect="non-scaling-stroke" d="   M 243.88 182.15   Q 250.85 194.84 262.62 202.25   A 7.13 7.10 -86.5 0 1 265.30 205.29   L 267.06 209.07   A 0.22 0.22 0.0 0 0 267.47 208.92   Q 265.76 201.87 262.38 195.63   L 262.38 195.62   C 263.28 196.40 264.07 197.36 264.82 198.50   Q 271.28 208.30 274.93 217.42   A 0.40 0.40 0.0 0 0 275.61 217.53   Q 280.05 212.10 286.30 208.45"/>
<path vector-effect="non-scaling-stroke" d="   M 293.15 295.94   Q 301.63 273.54 314.54 253.28   Q 321.47 242.42 329.86 233.56   A 0.23 0.23 0.0 0 0 329.62 233.19   C 322.64 235.61 315.65 236.96 311.13 229.75   A 1.19 1.18 38.6 0 1 311.01 228.74   C 312.65 223.66 318.42 219.93 322.60 216.77   A 0.37 0.37 0.0 0 1 323.19 217.06   L 323.19 223.36   A 0.29 0.29 0.0 0 0 323.74 223.48   C 326.66 217.21 328.82 210.32 329.17 203.50   Q 329.29 201.16 329.49 199.57   A 4.14 4.02 65.1 0 1 330.05 197.96   Q 336.85 186.77 340.45 174.29"/>
<path vector-effect="non-scaling-stroke" d="   M 301.07 212.34   Q 296.66 209.41 292.56 207.43   Q 289.62 206.01 286.30 208.45"/>
<path vector-effect="non-scaling-stroke" d="   M 286.30 208.45   L 283.28 207.50   A 2.09 2.09 0.0 0 1 282.27 206.81   Q 276.35 199.64 267.39 194.57   A 7.47 7.30 63.7 0 0 264.97 193.72   C 262.62 193.34 259.74 193.21 257.18 192.21   Q 253.59 190.80 253.13 190.38   Q 248.75 186.31 243.88 182.15"/>
<path vector-effect="non-scaling-stroke" d="   M 243.88 182.15   L 241.18 177.45   A 0.07 0.07 0.0 0 0 241.05 177.51   Q 244.93 188.54 250.65 197.86   A 4.43 4.41 -59.8 0 1 251.30 200.34   C 251.07 207.98 253.54 215.76 256.56 222.95   A 0.31 0.31 0.0 0 0 257.16 222.82   L 257.00 216.69   A 0.29 0.29 0.0 0 1 257.45 216.45   Q 263.21 220.49 267.12 224.45   C 268.68 226.04 270.43 228.78 268.79 230.89   C 264.40 236.51 257.00 235.77 251.10 233.39   A 0.29 0.28 82.0 0 0 250.77 233.83   Q 262.59 249.06 272.48 264.01   Q 284.18 281.72 290.10 302.09   A 0.30 0.30 0.0 0 0 290.67 302.12   L 293.15 295.94"/>
<path vector-effect="non-scaling-stroke" d="   M 293.15 295.94   L 297.91 308.83"/>
<path vector-effect="non-scaling-stroke" d="   M 284.29 321.74   Q 282.22 316.71 279.52 312.20   Q 275.73 305.89 275.07 303.95   Q 273.37 298.92 272.04 292.59   A 3.56 3.54 -84.3 0 0 269.99 290.07   C 264.05 287.46 259.00 285.82 255.81 280.25   A 0.39 0.39 0.0 0 0 255.34 280.08   Q 254.93 280.23 254.94 280.73"/>
<path vector-effect="non-scaling-stroke" d="   M 256.12 302.09   Q 250.28 298.12 246.76 290.73   Q 242.90 282.63 239.56 274.08   C 237.68 269.28 236.62 263.16 236.13 259.17   Q 234.68 247.10 244.52 240.63   A 0.55 0.55 0.0 0 0 244.41 239.65   C 230.60 234.55 226.59 221.55 228.04 207.98   Q 228.46 204.06 228.94 200.89   Q 229.22 198.98 230.72 194.34   Q 231.75 191.16 232.19 187.71"/>
<path vector-effect="non-scaling-stroke" d="   M 261.4204 48.5291   A 0.60 0.43 -178.0 0 0 262.0050 48.9797   A 0.60 0.43 -178.0 0 0 262.6196 48.5709   A 0.60 0.43 -178.0 0 0 262.0350 48.1203   A 0.60 0.43 -178.0 0 0 261.4204 48.5291"/>
<path vector-effect="non-scaling-stroke" d="   M 261.0625 50.2001   A 0.79 0.54 -169.8 0 0 261.7444 50.8715   A 0.79 0.54 -169.8 0 0 262.6175 50.4799   A 0.79 0.54 -169.8 0 0 261.9356 49.8085   A 0.79 0.54 -169.8 0 0 261.0625 50.2001"/>
<path vector-effect="non-scaling-stroke" d="   M 267.35 48.94   Q 267.69 48.97 267.94 48.83   A 0.39 0.39 0.0 0 0 267.85 48.12   Q 267.55 48.04 267.26 48.29   A 0.40 0.32 -59.2 0 0 267.35 48.94"/>
<path vector-effect="non-scaling-stroke" d="   M 274.80 49.53   A 1.29 1.29 0.0 0 0 273.51 48.24   A 1.29 1.29 0.0 0 0 272.22 49.53   A 1.29 1.29 0.0 0 0 273.51 50.82   A 1.29 1.29 0.0 0 0 274.80 49.53"/>
<path vector-effect="non-scaling-stroke" d="   M 279.48 48.10   Q 279.08 48.37 279.10 48.57   A 0.40 0.34 -43.4 0 0 279.83 48.53   Q 279.95 48.14 279.61 48.08   A 0.16 0.16 0.0 0 0 279.48 48.10"/>
<path vector-effect="non-scaling-stroke" d="   M 311.01 48.73   A 0.49 0.24 -3.2 0 0 311.62 48.39   Q 311.26 47.97 310.71 48.00   Q 310.22 48.04 310.38 48.49   Q 310.44 48.66 311.01 48.73"/>
<path vector-effect="non-scaling-stroke" d="   M 311.50 51.02   A 0.48 0.46 69.3 0 0 311.83 50.24   Q 311.58 49.93 310.87 49.96   A 0.49 0.46 -9.3 0 0 310.41 50.55   Q 310.56 51.01 311.50 51.02"/>
<path vector-effect="non-scaling-stroke" d="   M 242.48 79.89   A 0.13 0.13 0.0 0 0 242.22 79.83   L 235.66 97.48   A 0.43 0.43 0.0 0 0 236.14 98.05   L 239.83 97.39   A 1.01 0.99 -2.0 0 0 240.66 96.52   L 242.48 79.89"/>
<path vector-effect="non-scaling-stroke" d="   M 95.13 386.00   Q 90.92 383.17 88.72 377.28   C 83.18 362.51 80.32 349.69 79.69 334.22   Q 78.18 297.10 91.65 261.61   Q 93.12 257.73 97.33 248.48   C 98.16 246.66 99.07 243.85 98.97 242.42   C 98.77 239.21 98.33 235.19 98.93 231.20   Q 100.02 223.83 100.41 219.65   A 2.09 2.08 -69.6 0 0 99.54 217.74   Q 97.49 216.27 94.92 215.07   C 71.20 204.05 58.41 197.73 39.61 189.22   Q 31.13 185.38 14.85 177.32   C 10.21 175.02 4.94 172.90 0.00 170.63"/>
<path vector-effect="non-scaling-stroke" d="   M 580.00 168.85   Q 577.32 172.33 574.59 173.58   C 552.80 183.53 529.78 194.52 507.00 204.83   Q 495.81 209.90 481.56 217.29   A 1.26 1.26 0.0 0 0 480.89 218.58   C 481.85 225.68 483.73 232.97 487.29 239.88   Q 487.96 241.16 493.73 254.27   Q 499.52 267.39 501.55 278.47   C 504.11 292.48 506.44 306.07 505.31 319.60   C 503.50 341.18 499.22 361.83 489.76 382.05   Q 488.81 384.09 487.48 386.00"/>
<path vector-effect="non-scaling-stroke" d="   M 310.86 215.53   C 315.34 214.30 318.89 211.82 318.03 206.34   A 0.34 0.33 -36.5 0 0 317.40 206.25   Q 314.91 211.30 310.61 215.06   A 0.27 0.27 0.0 0 0 310.86 215.53"/>
<path vector-effect="non-scaling-stroke" d="   M 269.77 215.55   A 0.27 0.27 0.0 0 0 270.01 215.10   Q 265.84 211.41 263.44 206.48   A 0.33 0.32 36.8 0 0 262.82 206.56   C 261.96 211.90 265.41 214.33 269.77 215.55"/>
<path vector-effect="non-scaling-stroke" d="   M 276.21 226.30   Q 273.65 229.51 271.69 233.21   Q 268.76 238.75 263.49 240.29   A 1.09 1.08 -23.2 0 0 262.85 241.88   L 279.82 271.09"/>
<path vector-effect="non-scaling-stroke" d="   M 279.82 271.09   C 285.18 282.52 287.89 290.47 290.18 300.59   A 0.25 0.25 0.0 0 0 290.67 300.60   L 298.94 268.41"/>
<path vector-effect="non-scaling-stroke" d="   M 298.94 268.41   Q 303.96 253.72 305.07 242.75   Q 305.69 236.65 301.18 230.54"/>
<path vector-effect="non-scaling-stroke" d="   M 301.18 230.54   L 298.20 226.81   A 0.25 0.24 -12.5 0 1 298.45 226.42   Q 299.07 226.58 300.12 227.43"/>
<path vector-effect="non-scaling-stroke" d="   M 300.12 227.43   L 305.68 231.07   A 0.43 0.43 0.0 0 0 306.34 230.67   Q 305.09 219.00 294.45 214.22"/>
<path vector-effect="non-scaling-stroke" d="   M 294.45 214.22   C 286.18 209.66 279.00 219.64 276.21 226.30"/>
<path vector-effect="non-scaling-stroke" d="   M 294.45 214.22   Q 294.93 215.29 297.02 218.24   Q 299.25 221.40 300.12 227.43"/>
<path vector-effect="non-scaling-stroke" d="   M 301.18 230.54   C 300.99 235.93 301.43 241.46 301.05 246.48   Q 300.23 257.33 298.94 268.41"/>
<path vector-effect="non-scaling-stroke" d="   M 279.82 271.09   Q 279.04 265.88 276.94 257.01   Q 274.84 248.15 275.05 237.58   C 275.12 234.11 275.92 230.07 276.21 226.30"/>
<path vector-effect="non-scaling-stroke" d="   M 277.59 232.50   L 281.07 229.81   A 2.20 2.18 -17.2 0 0 281.90 228.25   L 282.00 226.63   A 0.69 0.68 -20.1 0 0 280.84 226.10   Q 278.20 228.63 277.22 232.25   A 0.24 0.23 78.8 0 0 277.59 232.50"/>
<path vector-effect="non-scaling-stroke" d="   M 281.38 252.75   Q 281.43 264.80 285.55 275.16   A 0.42 0.42 0.0 0 0 286.37 274.99   Q 285.89 263.94 285.85 252.74   Q 285.81 241.53 286.21 230.48   A 0.42 0.42 0.0 0 0 285.39 230.31   Q 281.34 240.71 281.38 252.75"/>
</g>












<path fill="#f58e14" d="   M 336.52 37.04   L 331.10 48.40   A 0.43 0.43 0.0 0 0 331.48 49.02   L 393.83 49.07   L 408.34 49.53   L 388.53 69.28   A 0.83 0.82 -35.0 0 0 388.36 70.21   L 435.36 173.85   A 0.58 0.58 0.0 0 1 435.07 174.62   L 372.71 203.61   A 0.51 0.50 72.8 0 0 372.43 204.16   C 373.10 208.00 373.56 210.25 375.63 214.26   C 388.23 238.65 383.96 265.97 369.21 288.49   A 0.28 0.28 0.0 0 1 368.70 288.31   Q 369.57 280.10 367.88 272.51   A 0.44 0.44 0.0 0 0 367.05 272.43   C 363.34 280.91 358.62 288.09 351.97 294.81   C 339.75 307.12 323.41 316.58 310.65 325.65   C 302.52 331.42 294.83 338.74 292.68 348.76   A 0.63 0.63 0.0 0 1 291.73 349.16   C 266.73 333.59 243.70 315.77 225.37 293.64   Q 219.07 286.04 214.48 278.52   A 0.67 0.67 0.0 0 0 213.24 278.83   L 212.57 288.98   A 0.17 0.17 0.0 0 1 212.26 289.07   L 205.72 279.11   C 196.03 258.15 197.65 236.37 207.67 215.32   A 1.41 1.40 49.2 0 0 207.74 214.31   L 207.38 213.10   A 1.29 1.28 40.3 0 1 207.33 212.53   L 208.33 204.60   A 0.84 0.84 0.0 0 0 207.85 203.73   L 158.04 180.52   L 145.62 174.84   A 0.88 0.87 -65.6 0 1 145.19 173.68   L 188.91 75.52   A 1.96 1.95 -55.9 0 0 188.49 73.32   L 163.71 48.96   L 241.40 49.00   A 0.47 0.47 0.0 0 0 241.83 48.33   L 236.82 37.55   A 0.42 0.42 0.0 0 1 237.20 36.96   L 336.52 37.04   Z   M 378.20 87.36   L 389.45 88.59   A 0.44 0.44 0.0 0 0 389.90 87.97   L 381.02 68.87   A 0.52 0.52 0.0 0 1 381.13 68.27   L 393.81 55.58   A 0.29 0.29 0.0 0 0 393.60 55.08   L 321.36 55.08   A 0.16 0.15 -77.7 0 1 321.22 54.86   L 326.51 43.53   A 0.34 0.33 12.3 0 0 326.20 43.06   L 246.61 43.06   A 0.20 0.20 0.0 0 0 246.43 43.34   L 251.73 54.75   A 0.22 0.22 0.0 0 1 251.53 55.07   L 179.63 55.07   A 0.38 0.37 -22.3 0 0 179.36 55.71   Q 190.17 66.52 195.12 71.40   C 197.05 73.29 195.81 74.82 194.93 76.80   Q 178.04 114.86 153.04 170.91   A 0.63 0.62 24.4 0 0 153.35 171.72   L 215.56 200.73   A 0.77 0.76 16.6 0 1 216.00 201.53   L 214.05 215.69   A 3.21 3.19 63.3 0 1 213.71 216.73   C 205.83 231.18 202.55 249.50 206.84 265.88   Q 207.92 270.00 208.24 271.88   A 0.31 0.31 0.0 0 0 208.85 271.88   Q 209.82 265.89 212.31 261.47   A 0.36 0.36 0.0 0 1 212.97 261.55   Q 216.39 272.98 223.52 282.50   Q 229.55 290.56 231.40 292.61   Q 248.18 311.23 268.31 327.02   A 0.26 0.26 0.0 0 0 268.72 326.74   L 265.46 316.03   A 0.38 0.38 0.0 0 1 266.10 315.66   Q 276.61 327.00 289.81 336.79   A 0.38 0.37 33.3 0 0 290.36 336.68   C 295.44 328.00 303.74 323.14 311.58 317.35   Q 314.81 314.96 318.37 309.02   A 0.35 0.34 28.2 0 1 318.81 308.89   L 319.08 309.02   A 0.15 0.13 23.8 0 1 319.16 309.20   L 318.09 312.09   A 0.33 0.32 -6.8 0 0 318.58 312.47   Q 333.39 302.52 341.52 287.06   A 0.30 0.30 0.0 0 1 342.09 287.23   L 341.09 296.36   A 0.16 0.15 -17.9 0 0 341.35 296.49   C 354.48 284.79 365.58 268.53 368.22 251.00   A 0.38 0.38 0.0 0 1 368.95 250.90   Q 373.10 260.19 372.45 270.07   A 0.35 0.35 0.0 0 0 373.12 270.21   Q 377.85 257.09 377.53 243.52   Q 377.15 227.38 369.35 214.00   A 3.90 3.79 -69.0 0 1 368.94 213.04   L 365.50 200.97   A 0.61 0.59 70.0 0 1 365.82 200.26   L 427.12 171.77   A 0.64 0.64 0.0 0 0 427.43 170.92   Q 408.52 129.41 399.50 109.35   C 397.67 105.30 395.88 103.39 392.91 100.68   Q 389.33 97.41 378.15 87.48   A 0.07 0.07 0.0 0 1 378.20 87.36   Z"/>

<path fill="#ffffff" d="   M 260.30 50.43   Q 260.54 49.71 260.44 49.29   Q 260.20 48.19 260.21 48.15   Q 260.46 47.50 262.14 47.32   A 1.25 1.25 0.0 0 1 263.52 48.67   Q 263.43 49.71 263.66 50.37   A 0.89 0.87 -31.3 0 1 263.43 51.29   Q 262.37 52.31 260.75 51.50   A 0.89 0.88 22.2 0 1 260.30 50.43   Z   M 261.4204 48.5291   A 0.60 0.43 -178.0 0 0 262.0050 48.9797   A 0.60 0.43 -178.0 0 0 262.6196 48.5709   A 0.60 0.43 -178.0 0 0 262.0350 48.1203   A 0.60 0.43 -178.0 0 0 261.4204 48.5291   Z   M 261.0625 50.2001   A 0.79 0.54 -169.8 0 0 261.7444 50.8715   A 0.79 0.54 -169.8 0 0 262.6175 50.4799   A 0.79 0.54 -169.8 0 0 261.9356 49.8085   A 0.79 0.54 -169.8 0 0 261.0625 50.2001   Z"/>
<path fill="#ffffff" d="   M 266.06 51.42   Q 266.03 49.40 266.06 48.45   A 1.75 1.51 41.8 0 1 269.29 48.51   Q 269.63 49.70 267.81 49.98   A 0.91 0.91 0.0 0 0 267.05 50.68   L 266.86 51.51   A 0.41 0.40 51.2 0 1 266.06 51.42   Z   M 267.35 48.94   Q 267.69 48.97 267.94 48.83   A 0.39 0.39 0.0 0 0 267.85 48.12   Q 267.55 48.04 267.26 48.29   A 0.40 0.32 -59.2 0 0 267.35 48.94   Z"/>
<path fill="#ffffff" d="   M 275.76 49.56   A 2.28 2.28 0.0 0 1 273.48 51.84   A 2.28 2.28 0.0 0 1 271.20 49.56   A 2.28 2.28 0.0 0 1 273.48 47.28   A 2.28 2.28 0.0 0 1 275.76 49.56   Z   M 274.80 49.53   A 1.29 1.29 0.0 0 0 273.51 48.24   A 1.29 1.29 0.0 0 0 272.22 49.53   A 1.29 1.29 0.0 0 0 273.51 50.82   A 1.29 1.29 0.0 0 0 274.80 49.53   Z"/>
<path fill="#ffffff" d="   M 281.28 51.41   A 0.40 0.40 0.0 0 1 280.52 51.66   L 279.92 50.36   A 0.51 0.51 0.0 0 0 278.95 50.51   L 278.84 51.34   A 0.48 0.48 0.0 0 1 277.88 51.27   L 277.93 48.09   A 0.81 0.81 0.0 0 1 278.76 47.30   L 280.08 47.32   A 1.10 1.10 0.0 0 1 281.15 48.58   Q 280.96 49.85 281.28 51.41   Z   M 279.48 48.10   Q 279.08 48.37 279.10 48.57   A 0.40 0.34 -43.4 0 0 279.83 48.53   Q 279.95 48.14 279.61 48.08   A 0.16 0.16 0.0 0 0 279.48 48.10   Z"/>
<path fill="#ffffff" d="   M 286.24 47.76   Q 285.05 49.03 285.20 51.32   A 0.45 0.44 -1.8 0 1 284.75 51.79   L 284.46 51.79   A 0.23 0.22 1.2 0 1 284.23 51.56   Q 284.32 48.80 283.49 47.87   A 0.37 0.36 69.1 0 1 283.76 47.26   L 286.02 47.26   A 0.30 0.30 0.0 0 1 286.24 47.76   Z"/>
<path fill="#ffffff" d="   M 292.75 49.55   Q 292.75 50.34 293.18 50.67   Q 293.67 51.05 294.28 50.71   Q 294.86 50.39 295.30 50.09   A 0.42 0.42 0.0 0 1 295.85 50.73   C 294.33 52.43 291.80 52.09 291.77 49.56   C 291.74 47.02 294.26 46.64 295.83 48.31   A 0.42 0.42 0.0 0 1 295.29 48.95   Q 294.84 48.66 294.25 48.35   Q 293.64 48.03 293.15 48.42   Q 292.74 48.75 292.75 49.55   Z"/>
<path fill="#ffffff" d="   M 297.98 47.70   A 0.37 0.37 0.0 0 1 298.72 47.61   L 299.34 50.40   A 0.73 0.72 -1.2 0 0 299.91 50.94   Q 301.36 51.20 300.63 51.81   A 0.29 0.26 -63.6 0 1 300.45 51.88   L 298.85 51.92   A 0.76 0.76 0.0 0 1 298.07 51.18   L 297.98 47.70   Z"/>
<path fill="#ffffff" d="   M 305.09 50.88   Q 306.20 50.90 306.09 47.72   A 0.41 0.41 0.0 0 1 306.80 47.42   Q 307.12 47.75 307.14 48.26   Q 307.25 51.92 305.08 51.89   Q 302.91 51.85 303.13 48.20   Q 303.16 47.69 303.49 47.37   A 0.41 0.41 0.0 0 1 304.19 47.69   Q 303.99 50.87 305.09 50.88   Z"/>
<path fill="#e6eaed" d="   M 312.8021 50.8268   A 1.11 1.11 0.0 0 1 311.6941 51.9387   L 310.2141 51.9413   A 1.11 1.11 0.0 0 1 309.1021 50.8332   L 309.0979 48.3732   A 1.11 1.11 0.0 0 1 310.2059 47.2613   L 311.6859 47.2587   A 1.11 1.11 0.0 0 1 312.7979 48.3668   L 312.8021 50.8268   Z   M 311.01 48.73   A 0.49 0.24 -3.2 0 0 311.62 48.39   Q 311.26 47.97 310.71 48.00   Q 310.22 48.04 310.38 48.49   Q 310.44 48.66 311.01 48.73   Z   M 311.50 51.02   A 0.48 0.46 69.3 0 0 311.83 50.24   Q 311.58 49.93 310.87 49.96   A 0.49 0.46 -9.3 0 0 310.41 50.55   Q 310.56 51.01 311.50 51.02   Z"/>







<path fill="#ffffff" d="   M 321.86 127.84   Q 307.86 125.85 294.72 125.63   A 0.57 0.57 0.0 0 1 294.16 125.07   L 292.52 60.76   A 0.57 0.57 0.0 0 1 293.09 60.17   L 302.11 60.17   A 0.70 0.70 0.0 0 1 302.81 60.82   L 306.95 115.27   A 0.50 0.50 0.0 0 0 307.39 115.73   L 320.44 117.15   A 0.81 0.81 0.0 0 1 321.15 117.85   L 322.44 127.25   A 0.52 0.52 0.0 0 1 321.86 127.84   Z"/>
<path fill="#ffffff" d="   M 325.08 67.86   A 0.18 0.18 0.0 0 0 324.95 68.17   L 330.39 73.61   A 3.66 3.62 16.4 0 1 331.37 75.39   L 333.44 84.71   A 1.28 1.27 86.8 0 0 334.54 85.70   L 345.39 86.89   A 0.15 0.14 -6.3 0 1 345.51 86.98   L 348.12 95.55   A 0.20 0.20 0.0 0 1 347.90 95.81   L 336.41 94.56   A 0.54 0.54 0.0 0 0 335.82 95.22   L 341.29 119.82   A 0.89 0.87 0.7 0 0 341.95 120.48   L 357.88 124.14   A 2.51 2.50 88.1 0 1 359.70 125.85   L 362.93 136.44   A 0.41 0.40 0.1 0 1 362.42 136.94   Q 346.22 132.03 330.46 129.22   A 0.88 0.88 0.0 0 1 329.75 128.51   L 317.86 60.97   A 0.59 0.59 0.0 0 1 318.44 60.28   L 340.31 60.28   A 0.29 0.29 0.0 0 1 340.59 60.49   L 342.73 67.51   A 0.28 0.27 -8.4 0 1 342.46 67.86   L 325.08 67.86   Z"/>
<path fill="#ffffff" d="   M 380.50 82.07   L 369.92 80.91   A 0.61 0.59 -7.1 0 1 369.42 80.53   L 364.53 68.43   A 0.92 0.91 -10.9 0 0 363.68 67.86   L 354.44 67.86   A 0.32 0.31 -22.1 0 0 354.21 68.39   L 360.56 74.74   A 2.09 1.90 14.2 0 1 361.01 75.42   L 363.42 81.39   A 4.66 4.66 0.0 0 0 364.85 83.31   Q 378.22 94.01 389.83 105.18   C 391.75 107.03 393.20 109.15 394.38 111.85   Q 399.78 124.11 410.43 148.05   A 0.74 0.73 -31.0 0 1 410.21 148.91   L 405.87 152.27   A 2.83 2.81 38.8 0 1 402.93 152.58   C 396.61 149.55 389.55 146.67 382.17 143.85   C 377.60 142.11 369.89 136.00 368.21 131.30   Q 367.88 130.37 360.99 109.31   A 0.27 0.27 0.0 0 1 361.31 108.96   L 373.73 111.82   A 1.86 1.86 0.0 0 1 375.06 113.01   L 380.99 129.78   A 3.92 3.92 0.0 0 0 383.30 132.13   L 390.32 134.74   A 0.47 0.47 0.0 0 0 390.92 134.12   L 381.00 109.53   A 7.34 7.25 -79.6 0 0 379.29 107.02   Q 366.79 95.15 354.49 85.26   Q 352.54 83.69 351.86 81.39   Q 350.19 75.71 346.49 64.51   A 0.91 0.90 -32.8 0 1 346.69 63.59   Q 349.97 60.12 352.69 60.14   Q 365.96 60.25 381.41 60.14   A 0.29 0.29 0.0 0 1 381.62 60.63   L 375.48 66.77   A 1.66 1.65 -34.7 0 0 375.14 68.62   L 380.95 81.44   A 0.45 0.44 -9.5 0 1 380.50 82.07   Z"/>
<path fill="#ffffff" d="   M 218.49 88.78   A 0.26 0.25 -84.5 0 1 218.77 89.13   L 215.35 98.35   A 0.27 0.24 3.4 0 1 215.16 98.50   L 202.84 101.25   A 0.87 0.87 0.0 0 0 202.22 101.78   L 188.94 134.21   A 0.40 0.40 0.0 0 0 189.44 134.74   L 207.58 128.33   A 0.49 0.48 0.2 0 1 208.20 128.95   L 203.79 140.81   A 2.24 2.21 -89.5 0 1 202.49 142.11   Q 183.94 148.97 165.96 157.96   A 0.24 0.24 0.0 0 1 165.64 157.65   L 202.47 73.11   A 1.37 1.36 -55.7 0 0 202.19 71.59   L 191.60 61.01   A 0.39 0.39 0.0 0 1 191.88 60.34   L 230.62 60.34   A 0.32 0.31 10.6 0 1 230.92 60.77   L 228.39 67.59   A 0.41 0.40 -79.5 0 1 228.01 67.86   L 207.63 67.86   A 0.18 0.18 0.0 0 0 207.50 68.17   L 212.79 73.46   A 0.88 0.88 0.0 0 1 212.98 74.40   L 206.42 90.41   A 0.32 0.32 0.0 0 0 206.77 90.85   L 218.49 88.78   Z"/>
<path fill="#ffffff" d="   M 240.60 60.19   L 252.79 60.19   A 0.33 0.33 0.0 0 1 253.12 60.54   L 248.66 128.98   A 0.33 0.33 0.0 0 1 248.40 129.28   L 235.60 132.14   A 0.33 0.33 0.0 0 1 235.20 131.78   L 238.00 106.23   A 0.33 0.33 0.0 0 0 237.60 105.87   L 233.82 106.71   A 0.33 0.33 0.0 0 0 233.58 106.92   L 223.04 135.27   A 0.33 0.33 0.0 0 1 222.82 135.47   L 208.34 139.89   A 0.33 0.33 0.0 0 1 207.93 139.45   L 240.30 60.39   A 0.33 0.33 0.0 0 1 240.60 60.19   Z   M 242.48 79.89   A 0.13 0.13 0.0 0 0 242.22 79.83   L 235.66 97.48   A 0.43 0.43 0.0 0 0 236.14 98.05   L 239.83 97.39   A 1.01 0.99 -2.0 0 0 240.66 96.52   L 242.48 79.89   Z"/>
<path fill="#ffffff" d="   M 265.67 68.20   L 270.02 72.55   A 1.32 1.29 26.2 0 1 270.40 73.62   L 265.76 116.04   A 0.11 0.11 0.0 0 0 265.87 116.17   L 273.51 115.97   A 0.44 0.43 1.4 0 0 273.94 115.57   L 275.04 98.67   A 0.43 0.43 0.0 0 0 274.58 98.22   L 270.50 98.53   A 0.70 0.70 0.0 0 1 269.75 97.79   L 270.19 91.14   A 1.38 1.38 0.0 0 1 271.52 89.85   L 286.99 89.46   A 0.53 0.53 0.0 0 1 287.54 90.00   L 287.01 119.95   A 1.14 1.12 71.7 0 1 286.58 120.82   L 281.45 124.79   A 4.36 4.34 -66.4 0 1 279.22 125.67   L 258.52 127.61   A 1.00 0.96 57.2 0 1 257.92 127.47   L 252.07 123.79   A 0.89 0.89 0.0 0 1 251.66 122.90   L 260.99 64.07   A 1.30 1.27 78.8 0 1 261.58 63.17   Q 266.20 60.26 268.19 60.25   Q 277.18 60.20 280.76 60.24   Q 283.33 60.27 287.44 63.08   A 1.17 1.16 18.0 0 1 287.95 64.08   L 287.74 76.41   A 0.67 0.67 0.0 0 1 287.06 77.07   L 276.84 76.89   A 0.32 0.32 0.0 0 1 276.52 76.55   L 277.04 68.57   A 0.58 0.58 0.0 0 0 276.47 67.95   L 265.86 67.76   A 0.26 0.26 0.0 0 0 265.67 68.20   Z"/>

<path fill="#ababac" d="   M 352.05 182.80   Q 350.84 181.89 349.69 179.81   Q 347.02 174.99 341.70 172.38   A 0.75 0.75 0.0 0 0 340.83 172.53   Q 340.18 173.21 340.45 174.29   Q 332.94 192.70 316.42 203.34   A 0.90 0.80 -88.0 0 0 316.17 203.60   L 314.39 206.56   A 0.15 0.14 29.2 0 1 314.19 206.61   L 313.94 206.47   A 0.17 0.16 28.4 0 1 313.87 206.26   L 318.54 195.37   A 0.07 0.07 0.0 0 0 318.52 195.29   L 318.51 195.29   A 0.18 0.17 -55.2 0 0 318.28 195.34   Q 310.94 205.48 306.15 216.88   A 0.50 0.50 0.0 0 1 305.32 217.02   L 301.07 212.34   Q 296.34 204.77 288.95 200.47   A 0.20 0.20 0.0 0 1 289.10 200.11   Q 297.84 202.20 304.93 207.07   A 0.48 0.48 0.0 0 0 305.65 206.83   C 308.71 197.67 313.30 192.55 319.93 184.43   Q 324.53 178.78 324.61 171.76   C 324.71 161.96 315.60 155.99 306.55 156.27   A 0.28 0.28 0.0 0 1 306.45 155.73   Q 309.96 154.58 312.51 154.92   A 0.26 0.25 -81.8 0 0 312.79 154.70   L 312.79 154.69   A 0.20 0.20 0.0 0 0 312.63 154.46   Q 304.38 152.58 296.55 155.57   Q 292.65 157.07 290.84 160.66   A 0.47 0.47 0.0 0 1 290.00 160.64   C 286.36 152.45 279.68 149.03 270.62 148.13   Q 259.87 147.06 250.27 150.42   L 243.78 152.29   A 0.16 0.16 0.0 0 1 243.66 151.99   Q 263.64 141.69 283.77 140.48   C 286.92 140.29 288.46 143.20 290.01 145.56   A 0.41 0.41 0.0 0 0 290.71 145.52   Q 291.94 143.06 293.89 141.41   A 4.58 4.58 0.0 0 1 297.26 140.34   Q 318.04 142.11 336.86 151.72   A 0.20 0.20 0.0 0 1 336.79 152.10   C 335.17 152.25 332.65 151.02 331.26 150.90   A 0.31 0.31 0.0 0 0 331.04 151.45   Q 346.34 163.41 352.05 182.80   Z"/>
<path fill="#e6eaed" d="   M 301.07 212.34   Q 296.66 209.41 292.56 207.43   Q 289.62 206.01 286.30 208.45   L 283.28 207.50   A 2.09 2.09 0.0 0 1 282.27 206.81   Q 276.35 199.64 267.39 194.57   A 7.47 7.30 63.7 0 0 264.97 193.72   C 262.62 193.34 259.74 193.21 257.18 192.21   Q 253.59 190.80 253.13 190.38   Q 248.75 186.31 243.88 182.15   L 241.18 177.45   A 0.07 0.07 0.0 0 0 241.05 177.51   Q 244.93 188.54 250.65 197.86   A 4.43 4.41 -59.8 0 1 251.30 200.34   C 251.07 207.98 253.54 215.76 256.56 222.95   A 0.31 0.31 0.0 0 0 257.16 222.82   L 257.00 216.69   A 0.29 0.29 0.0 0 1 257.45 216.45   Q 263.21 220.49 267.12 224.45   C 268.68 226.04 270.43 228.78 268.79 230.89   C 264.40 236.51 257.00 235.77 251.10 233.39   A 0.29 0.28 82.0 0 0 250.77 233.83   Q 262.59 249.06 272.48 264.01   Q 284.18 281.72 290.10 302.09   A 0.30 0.30 0.0 0 0 290.67 302.12   L 293.15 295.94   L 297.91 308.83   Q 291.23 316.03 290.18 325.66   A 0.45 0.45 0.0 0 1 289.45 325.96   L 284.29 321.74   Q 282.22 316.71 279.52 312.20   Q 275.73 305.89 275.07 303.95   Q 273.37 298.92 272.04 292.59   A 3.56 3.54 -84.3 0 0 269.99 290.07   C 264.05 287.46 259.00 285.82 255.81 280.25   A 0.39 0.39 0.0 0 0 255.34 280.08   Q 254.93 280.23 254.94 280.73   Q 254.34 279.74 254.34 281.57   Q 254.38 291.07 256.12 302.09   Q 250.28 298.12 246.76 290.73   Q 242.90 282.63 239.56 274.08   C 237.68 269.28 236.62 263.16 236.13 259.17   Q 234.68 247.10 244.52 240.63   A 0.55 0.55 0.0 0 0 244.41 239.65   C 230.60 234.55 226.59 221.55 228.04 207.98   Q 228.46 204.06 228.94 200.89   Q 229.22 198.98 230.72 194.34   Q 231.75 191.16 232.19 187.71   L 234.94 183.39   A 0.19 0.19 0.0 0 0 234.67 183.13   L 227.03 189.05   A 0.21 0.21 0.0 0 1 226.69 188.83   C 229.65 176.03 235.43 164.09 245.02 155.44   Q 247.57 153.15 250.27 150.42   Q 259.87 147.06 270.62 148.13   C 279.68 149.03 286.36 152.45 290.00 160.64   A 0.47 0.47 0.0 0 0 290.84 160.66   Q 292.65 157.07 296.55 155.57   Q 304.38 152.58 312.63 154.46   A 0.20 0.20 0.0 0 1 312.79 154.69   L 312.79 154.70   A 0.26 0.25 -81.8 0 1 312.51 154.92   Q 309.96 154.58 306.45 155.73   A 0.28 0.28 0.0 0 0 306.55 156.27   C 315.60 155.99 324.71 161.96 324.61 171.76   Q 324.53 178.78 319.93 184.43   C 313.30 192.55 308.71 197.67 305.65 206.83   A 0.48 0.48 0.0 0 1 304.93 207.07   Q 297.84 202.20 289.10 200.11   A 0.20 0.20 0.0 0 0 288.95 200.47   Q 296.34 204.77 301.07 212.34   Z"/>




<path fill="#606163" d="   M 352.05 182.80   Q 353.26 185.34 353.83 188.82   A 0.26 0.26 0.0 0 1 353.41 189.06   L 345.57 182.89   A 0.33 0.33 0.0 0 0 345.11 183.36   Q 353.59 193.34 358.09 205.34   C 359.32 208.62 360.07 212.09 360.86 215.34   A 9.94 9.92 22.0 0 0 362.16 218.40   Q 365.69 223.93 367.56 229.26   A 0.30 0.30 0.0 0 1 367.08 229.59   C 358.05 221.69 347.26 220.42 335.93 222.95   A 0.29 0.29 0.0 0 0 335.95 223.52   Q 343.74 224.70 350.07 229.45   C 364.68 240.40 352.86 261.97 345.50 273.19   A 0.38 0.38 0.0 0 1 344.81 273.06   L 342.68 263.49   A 0.42 0.42 0.0 0 0 341.86 263.47   Q 336.12 283.63 320.93 298.45   Q 318.38 300.94 315.62 302.81   A 0.23 0.23 0.0 0 1 315.28 302.52   C 318.34 295.88 317.67 286.76 315.76 279.85   A 0.23 0.23 0.0 0 0 315.32 279.86   C 313.15 290.67 307.16 302.29 297.91 308.83   L 293.15 295.94   Q 301.63 273.54 314.54 253.28   Q 321.47 242.42 329.86 233.56   A 0.23 0.23 0.0 0 0 329.62 233.19   C 322.64 235.61 315.65 236.96 311.13 229.75   A 1.19 1.18 38.6 0 1 311.01 228.74   C 312.65 223.66 318.42 219.93 322.60 216.77   A 0.37 0.37 0.0 0 1 323.19 217.06   L 323.19 223.36   A 0.29 0.29 0.0 0 0 323.74 223.48   C 326.66 217.21 328.82 210.32 329.17 203.50   Q 329.29 201.16 329.49 199.57   A 4.14 4.02 65.1 0 1 330.05 197.96   Q 336.85 186.77 340.45 174.29   Q 340.18 173.21 340.83 172.53   A 0.75 0.75 0.0 0 1 341.70 172.38   Q 347.02 174.99 349.69 179.81   Q 350.84 181.89 352.05 182.80   Z"/>


<path fill="#ffffff" d="   M 286.30 208.45   Q 280.05 212.10 275.61 217.53   A 0.40 0.40 0.0 0 1 274.93 217.42   Q 271.28 208.30 264.82 198.50   C 264.07 197.36 263.28 196.40 262.38 195.62   L 262.38 195.63   Q 265.76 201.87 267.47 208.92   A 0.22 0.22 0.0 0 1 267.06 209.07   L 265.30 205.29   A 7.13 7.10 -86.5 0 0 262.62 202.25   Q 250.85 194.84 243.88 182.15   Q 248.75 186.31 253.13 190.38   Q 253.59 190.80 257.18 192.21   C 259.74 193.21 262.62 193.34 264.97 193.72   A 7.47 7.30 63.7 0 1 267.39 194.57   Q 276.35 199.64 282.27 206.81   A 2.09 2.09 0.0 0 0 283.28 207.50   L 286.30 208.45   Z"/>
<path fill="#ffffff" d="   M 232.19 187.71   Q 231.75 191.16 230.72 194.34   Q 229.22 198.98 228.94 200.89   Q 228.46 204.06 228.04 207.98   C 226.59 221.55 230.60 234.55 244.41 239.65   A 0.55 0.55 0.0 0 1 244.52 240.63   Q 234.68 247.10 236.13 259.17   C 236.62 263.16 237.68 269.28 239.56 274.08   Q 242.90 282.63 246.76 290.73   Q 250.28 298.12 256.12 302.09   L 257.37 307.28   A 0.13 0.13 0.0 0 1 257.15 307.41   Q 244.08 295.91 234.07 282.71   C 224.73 270.40 217.34 255.85 220.88 240.51   A 0.30 0.30 0.0 0 0 220.45 240.18   Q 215.87 242.52 213.35 247.30   A 0.26 0.26 0.0 0 1 212.86 247.16   Q 214.04 232.18 221.82 219.36   A 9.05 8.94 62.8 0 0 223.11 215.25   C 223.73 205.22 226.29 196.11 232.19 187.71   Z"/>
<path fill="#ffe162" d="   M 310.61 215.06   Q 314.91 211.30 317.40 206.25   A 0.34 0.33 -36.5 0 1 318.03 206.34   C 318.89 211.82 315.34 214.30 310.86 215.53   A 0.27 0.27 0.0 0 1 310.61 215.06   Z"/>
<path fill="#ffe162" d="   M 269.77 215.55   C 265.41 214.33 261.96 211.90 262.82 206.56   A 0.33 0.32 36.8 0 1 263.44 206.48   Q 265.84 211.41 270.01 215.10   A 0.27 0.27 0.0 0 1 269.77 215.55   Z"/>
<path fill="#f58e14" d="   M 294.45 214.22   Q 294.93 215.29 297.02 218.24   Q 299.25 221.40 300.12 227.43   Q 299.07 226.58 298.45 226.42   A 0.25 0.24 -12.5 0 0 298.20 226.81   L 301.18 230.54   C 300.99 235.93 301.43 241.46 301.05 246.48   Q 300.23 257.33 298.94 268.41   L 290.67 300.60   A 0.25 0.25 0.0 0 1 290.18 300.59   C 287.89 290.47 285.18 282.52 279.82 271.09   Q 279.04 265.88 276.94 257.01   Q 274.84 248.15 275.05 237.58   C 275.12 234.11 275.92 230.07 276.21 226.30   C 279.00 219.64 286.18 209.66 294.45 214.22   Z   M 277.59 232.50   L 281.07 229.81   A 2.20 2.18 -17.2 0 0 281.90 228.25   L 282.00 226.63   A 0.69 0.68 -20.1 0 0 280.84 226.10   Q 278.20 228.63 277.22 232.25   A 0.24 0.23 78.8 0 0 277.59 232.50   Z   M 281.38 252.75   Q 281.43 264.80 285.55 275.16   A 0.42 0.42 0.0 0 0 286.37 274.99   Q 285.89 263.94 285.85 252.74   Q 285.81 241.53 286.21 230.48   A 0.42 0.42 0.0 0 0 285.39 230.31   Q 281.34 240.71 281.38 252.75   Z"/>



<path fill="#ffe162" d="   M 285.85 252.74   Q 285.89 263.94 286.37 274.99   A 0.42 0.42 0.0 0 1 285.55 275.16   Q 281.43 264.80 281.38 252.75   Q 281.34 240.71 285.39 230.31   A 0.42 0.42 0.0 0 1 286.21 230.48   Q 285.81 241.53 285.85 252.74   Z"/>

<path fill="#ffffff" d="   M 284.29 321.74   C 271.45 311.00 260.14 296.55 254.94 280.73   Q 254.93 280.23 255.34 280.08   A 0.39 0.39 0.0 0 1 255.81 280.25   C 259.00 285.82 264.05 287.46 269.99 290.07   A 3.56 3.54 -84.3 0 1 272.04 292.59   Q 273.37 298.92 275.07 303.95   Q 275.73 305.89 279.52 312.20   Q 282.22 316.71 284.29 321.74   Z"/>
</svg>