<svg xmlns="http://www.w3.org/2000/svg" data-content-extracted="true" version="1.1" viewBox="-77.90 -77.90 324.25 329.90" data-ai-vectorized="true">
    <path vector-effect="non-scaling-stroke" d="   M 111.00 249.02   Q 111.49 249.02 111.67 248.92   Q 123.39 242.14 132.30 236.98   A 2.95 2.95 0.0 0 0 133.78 234.42   L 133.78 214.04   A 0.33 0.33 0.0 0 1 134.28 213.75   L 152.82 224.45   A 1.18 1.17 44.6 0 0 154.01 224.45   L 174.82 212.44   A 2.71 2.71 0.0 0 0 176.18 210.09   L 176.18 189.51   A 0.31 0.31 0.0 0 1 176.64 189.24   L 194.78 199.72   A 2.08 2.08 0.0 0 0 196.86 199.72   L 217.19 187.98   A 2.84 2.84 0.0 0 0 218.61 185.52   L 218.61 63.90   A 1.70 1.70 0.0 0 0 217.76 62.43   Q 141.72 18.54 112.26 1.52   Q 111.67 1.18 111.00 1.18   Q 110.34 1.18 109.75 1.52   Q 80.29 18.54 4.24 62.43   A 1.70 1.70 0.0 0 0 3.39 63.90   L 3.39 185.52   A 2.84 2.84 0.0 0 0 4.81 187.98   L 25.14 199.72   A 2.08 2.08 0.0 0 0 27.22 199.72   L 45.36 189.24   A 0.31 0.31 0.0 0 1 45.82 189.51   L 45.82 210.09   A 2.71 2.71 0.0 0 0 47.18 212.44   L 67.99 224.45   A 1.18 1.17 -44.6 0 0 69.18 224.45   L 87.72 213.75   A 0.33 0.33 0.0 0 1 88.22 214.04   L 88.22 234.42   A 2.95 2.95 0.0 0 0 89.70 236.98   Q 98.61 242.14 110.33 248.92   Q 110.51 249.02 111.00 249.02"/>
    <path vector-effect="non-scaling-stroke" d="   M 110.93 25.36   Q 111.40 25.36 111.87 25.62   Q 128.68 35.32 195.44 73.84   A 0.83 0.81 44.4 0 0 196.25 73.84   L 213.33 63.98   A 0.29 0.29 0.0 0 0 213.33 63.48   Q 175.13 41.43 111.21 4.59   Q 111.17 4.56 110.92 4.57   Q 110.68 4.57 110.64 4.59   Q 46.75 41.49 8.57 63.57   A 0.29 0.29 0.0 0 0 8.57 64.07   L 25.66 73.92   A 0.83 0.81 -44.4 0 0 26.47 73.92   Q 93.20 35.34 110.00 25.62   Q 110.46 25.36 110.93 25.36"/>
    <path vector-effect="non-scaling-stroke" d="   M 176.19 185.18   A 0.31 0.31 0.0 0 0 176.34 185.45   L 193.79 195.53   A 0.31 0.31 0.0 0 0 194.26 195.26   L 194.26 77.16   A 0.31 0.31 0.0 0 0 194.10 76.89   L 113.03 30.09   A 0.31 0.31 0.0 0 0 112.57 30.36   L 112.57 50.50   A 0.31 0.31 0.0 0 0 112.73 50.77   L 176.03 87.32   A 0.31 0.31 0.0 0 1 176.19 87.59   L 176.19 185.18"/>
    <path vector-effect="non-scaling-stroke" d="   M 110.94 74.34   Q 111.39 74.34 111.51 74.41   Q 132.65 86.52 152.73 98.16   A 1.39 1.39 0.0 0 0 154.13 98.16   L 170.71 88.59   A 0.32 0.32 0.0 0 0 170.71 88.04   Q 144.73 73.02 111.50 53.93   Q 111.34 53.84 110.92 53.84   Q 110.49 53.84 110.33 53.93   Q 77.14 73.09 51.19 88.16   A 0.32 0.32 0.0 0 0 51.19 88.71   L 67.79 98.25   A 1.39 1.39 0.0 0 0 69.19 98.24   Q 89.25 86.56 110.36 74.41   Q 110.49 74.34 110.94 74.34"/>
    <path vector-effect="non-scaling-stroke" d="   M 7.00 66.99   A 0.30 0.30 0.0 0 0 6.55 67.25   L 6.55 185.18   A 0.30 0.30 0.0 0 0 6.70 185.44   L 23.92 195.38   A 0.30 0.30 0.0 0 0 24.37 195.12   L 24.37 77.19   A 0.30 0.30 0.0 0 0 24.22 76.93   L 7.00 66.99"/>
    <path vector-effect="non-scaling-stroke" d="   M 151.85 219.49   L 151.85 101.90   A 0.76 0.73 -75.8 0 0 151.48 101.25   L 112.98 79.02   A 0.28 0.27 15.0 0 0 112.57 79.25   L 112.57 99.05   A 0.98 0.97 -75.3 0 0 113.06 99.90   Q 121.45 104.82 130.65 110.09   C 131.97 110.85 133.77 111.58 133.77 113.28   Q 133.81 187.12 133.77 209.47   A 0.65 0.63 -75.9 0 0 134.09 210.03   L 151.16 219.89   A 0.46 0.46 0.0 0 0 151.85 219.49"/>
    <path vector-effect="non-scaling-stroke" d="   M 66.52 219.98   A 0.32 0.32 0.0 0 0 67.00 219.71   L 67.00 101.83   A 0.32 0.32 0.0 0 0 66.84 101.56   L 49.47 91.53   A 0.32 0.32 0.0 0 0 48.99 91.80   L 48.99 209.69   A 0.32 0.32 0.0 0 0 49.15 209.96   L 66.52 219.98"/>
    <path vector-effect="non-scaling-stroke" d="   M 110.72 123.04   A 0.32 0.32 0.0 0 0 111.04 123.04   L 128.25 113.11   A 0.32 0.32 0.0 0 0 128.25 112.55   L 111.12 102.66   A 0.32 0.32 0.0 0 0 110.80 102.66   L 93.59 112.59   A 0.32 0.32 0.0 0 0 93.59 113.15   L 110.72 123.04"/>
    <path vector-effect="non-scaling-stroke" d="   M 108.70 244.35   A 0.31 0.31 0.0 0 0 109.17 244.08   L 109.17 126.18   A 0.31 0.31 0.0 0 0 109.02 125.91   L 92.03 116.10   A 0.31 0.31 0.0 0 0 91.56 116.37   L 91.56 234.27   A 0.31 0.31 0.0 0 0 91.71 234.54   L 108.70 244.35"/>
    
    <path fill="#000000" d="   M 111.00 1.18   Q 111.67 1.18 112.26 1.52   Q 141.72 18.54 217.76 62.43   A 1.70 1.70 0.0 0 1 218.61 63.90   L 218.61 185.52   A 2.84 2.84 0.0 0 1 217.19 187.98   L 196.86 199.72   A 2.08 2.08 0.0 0 1 194.78 199.72   L 176.64 189.24   A 0.31 0.31 0.0 0 0 176.18 189.51   L 176.18 210.09   A 2.71 2.71 0.0 0 1 174.82 212.44   L 154.01 224.45   A 1.18 1.17 44.6 0 1 152.82 224.45   L 134.28 213.75   A 0.33 0.33 0.0 0 0 133.78 214.04   L 133.78 234.42   A 2.95 2.95 0.0 0 1 132.30 236.98   Q 123.39 242.14 111.67 248.92   Q 111.49 249.02 111.00 249.02   Q 110.51 249.02 110.33 248.92   Q 98.61 242.14 89.70 236.98   A 2.95 2.95 0.0 0 1 88.22 234.42   L 88.22 214.04   A 0.33 0.33 0.0 0 0 87.72 213.75   L 69.18 224.45   A 1.18 1.17 -44.6 0 1 67.99 224.45   L 47.18 212.44   A 2.71 2.71 0.0 0 1 45.82 210.09   L 45.82 189.51   A 0.31 0.31 0.0 0 0 45.36 189.24   L 27.22 199.72   A 2.08 2.08 0.0 0 1 25.14 199.72   L 4.81 187.98   A 2.84 2.84 0.0 0 1 3.39 185.52   L 3.39 63.90   A 1.70 1.70 0.0 0 1 4.24 62.43   Q 80.29 18.54 109.75 1.52   Q 110.34 1.18 111.00 1.18   Z   M 110.93 25.36   Q 111.40 25.36 111.87 25.62   Q 128.68 35.32 195.44 73.84   A 0.83 0.81 44.4 0 0 196.25 73.84   L 213.33 63.98   A 0.29 0.29 0.0 0 0 213.33 63.48   Q 175.13 41.43 111.21 4.59   Q 111.17 4.56 110.92 4.57   Q 110.68 4.57 110.64 4.59   Q 46.75 41.49 8.57 63.57   A 0.29 0.29 0.0 0 0 8.57 64.07   L 25.66 73.92   A 0.83 0.81 -44.4 0 0 26.47 73.92   Q 93.20 35.34 110.00 25.62   Q 110.46 25.36 110.93 25.36   Z   M 176.19 185.18   A 0.31 0.31 0.0 0 0 176.34 185.45   L 193.79 195.53   A 0.31 0.31 0.0 0 0 194.26 195.26   L 194.26 77.16   A 0.31 0.31 0.0 0 0 194.10 76.89   L 113.03 30.09   A 0.31 0.31 0.0 0 0 112.57 30.36   L 112.57 50.50   A 0.31 0.31 0.0 0 0 112.73 50.77   L 176.03 87.32   A 0.31 0.31 0.0 0 1 176.19 87.59   L 176.19 185.18   Z   M 110.94 74.34   Q 111.39 74.34 111.51 74.41   Q 132.65 86.52 152.73 98.16   A 1.39 1.39 0.0 0 0 154.13 98.16   L 170.71 88.59   A 0.32 0.32 0.0 0 0 170.71 88.04   Q 144.73 73.02 111.50 53.93   Q 111.34 53.84 110.92 53.84   Q 110.49 53.84 110.33 53.93   Q 77.14 73.09 51.19 88.16   A 0.32 0.32 0.0 0 0 51.19 88.71   L 67.79 98.25   A 1.39 1.39 0.0 0 0 69.19 98.24   Q 89.25 86.56 110.36 74.41   Q 110.49 74.34 110.94 74.34   Z   M 7.00 66.99   A 0.30 0.30 0.0 0 0 6.55 67.25   L 6.55 185.18   A 0.30 0.30 0.0 0 0 6.70 185.44   L 23.92 195.38   A 0.30 0.30 0.0 0 0 24.37 195.12   L 24.37 77.19   A 0.30 0.30 0.0 0 0 24.22 76.93   L 7.00 66.99   Z   M 151.85 219.49   L 151.85 101.90   A 0.76 0.73 -75.8 0 0 151.48 101.25   L 112.98 79.02   A 0.28 0.27 15.0 0 0 112.57 79.25   L 112.57 99.05   A 0.98 0.97 -75.3 0 0 113.06 99.90   Q 121.45 104.82 130.65 110.09   C 131.97 110.85 133.77 111.58 133.77 113.28   Q 133.81 187.12 133.77 209.47   A 0.65 0.63 -75.9 0 0 134.09 210.03   L 151.16 219.89   A 0.46 0.46 0.0 0 0 151.85 219.49   Z   M 66.52 219.98   A 0.32 0.32 0.0 0 0 67.00 219.71   L 67.00 101.83   A 0.32 0.32 0.0 0 0 66.84 101.56   L 49.47 91.53   A 0.32 0.32 0.0 0 0 48.99 91.80   L 48.99 209.69   A 0.32 0.32 0.0 0 0 49.15 209.96   L 66.52 219.98   Z   M 110.72 123.04   A 0.32 0.32 0.0 0 0 111.04 123.04   L 128.25 113.11   A 0.32 0.32 0.0 0 0 128.25 112.55   L 111.12 102.66   A 0.32 0.32 0.0 0 0 110.80 102.66   L 93.59 112.59   A 0.32 0.32 0.0 0 0 93.59 113.15   L 110.72 123.04   Z   M 108.70 244.35   A 0.31 0.31 0.0 0 0 109.17 244.08   L 109.17 126.18   A 0.31 0.31 0.0 0 0 109.02 125.91   L 92.03 116.10   A 0.31 0.31 0.0 0 0 91.56 116.37   L 91.56 234.27   A 0.31 0.31 0.0 0 0 91.71 234.54   L 108.70 244.35   Z"/>
    <path fill="#ffffff" d="   M 110.92 4.57   Q 111.17 4.56 111.21 4.59   Q 175.13 41.43 213.33 63.48   A 0.29 0.29 0.0 0 1 213.33 63.98   L 196.25 73.84   A 0.83 0.81 44.4 0 1 195.44 73.84   Q 128.68 35.32 111.87 25.62   Q 111.40 25.36 110.93 25.36   Q 110.46 25.36 110.00 25.62   Q 93.20 35.34 26.47 73.92   A 0.83 0.81 -44.4 0 1 25.66 73.92   L 8.57 64.07   A 0.29 0.29 0.0 0 1 8.57 63.57   Q 46.75 41.49 110.64 4.59   Q 110.68 4.57 110.92 4.57   Z"/>
    <path fill="#ffffff" d="   M 176.19 185.18   L 176.19 87.59   A 0.31 0.31 0.0 0 0 176.03 87.32   L 112.73 50.77   A 0.31 0.31 0.0 0 1 112.57 50.50   L 112.57 30.36   A 0.31 0.31 0.0 0 1 113.03 30.09   L 194.10 76.89   A 0.31 0.31 0.0 0 1 194.26 77.16   L 194.26 195.26   A 0.31 0.31 0.0 0 1 193.79 195.53   L 176.34 185.45   A 0.31 0.31 0.0 0 1 176.19 185.18   Z"/>
    <path fill="#ffffff" d="   M 110.92 53.84   Q 111.34 53.84 111.50 53.93   Q 144.73 73.02 170.71 88.04   A 0.32 0.32 0.0 0 1 170.71 88.59   L 154.13 98.16   A 1.39 1.39 0.0 0 1 152.73 98.16   Q 132.65 86.52 111.51 74.41   Q 111.39 74.34 110.94 74.34   Q 110.49 74.34 110.36 74.41   Q 89.25 86.56 69.19 98.24   A 1.39 1.39 0.0 0 1 67.79 98.25   L 51.19 88.71   A 0.32 0.32 0.0 0 1 51.19 88.16   Q 77.14 73.09 110.33 53.93   Q 110.49 53.84 110.92 53.84   Z"/>
    <path fill="#ffffff" d="   M 7.00 66.99   L 24.22 76.93   A 0.30 0.30 0.0 0 1 24.37 77.19   L 24.37 195.12   A 0.30 0.30 0.0 0 1 23.92 195.38   L 6.70 185.44   A 0.30 0.30 0.0 0 1 6.55 185.18   L 6.55 67.25   A 0.30 0.30 0.0 0 1 7.00 66.99   Z"/>
    <path fill="#ffffff" d="   M 151.16 219.89   L 134.09 210.03   A 0.65 0.63 -75.9 0 1 133.77 209.47   Q 133.81 187.12 133.77 113.28   C 133.77 111.58 131.97 110.85 130.65 110.09   Q 121.45 104.82 113.06 99.90   A 0.98 0.97 -75.3 0 1 112.57 99.05   L 112.57 79.25   A 0.28 0.27 15.0 0 1 112.98 79.02   L 151.48 101.25   A 0.76 0.73 -75.8 0 1 151.85 101.90   L 151.85 219.49   A 0.46 0.46 0.0 0 1 151.16 219.89   Z"/>
    <path fill="#ffffff" d="   M 66.52 219.98   L 49.15 209.96   A 0.32 0.32 0.0 0 1 48.99 209.69   L 48.99 91.80   A 0.32 0.32 0.0 0 1 49.47 91.53   L 66.84 101.56   A 0.32 0.32 0.0 0 1 67.00 101.83   L 67.00 219.71   A 0.32 0.32 0.0 0 1 66.52 219.98   Z"/>
    <path fill="#ffffff" d="   M 110.72 123.04   L 93.59 113.15   A 0.32 0.32 0.0 0 1 93.59 112.59   L 110.80 102.66   A 0.32 0.32 0.0 0 1 111.12 102.66   L 128.25 112.55   A 0.32 0.32 0.0 0 1 128.25 113.11   L 111.04 123.04   A 0.32 0.32 0.0 0 1 110.72 123.04   Z"/>
    <path fill="#ffffff" d="   M 108.70 244.35   L 91.71 234.54   A 0.31 0.31 0.0 0 1 91.56 234.27   L 91.56 116.37   A 0.31 0.31 0.0 0 1 92.03 116.10   L 109.02 125.91   A 0.31 0.31 0.0 0 1 109.17 126.18   L 109.17 244.08   A 0.31 0.31 0.0 0 1 108.70 244.35   Z"/>
</svg>