<svg xmlns="http://www.w3.org/2000/svg" 
                      viewBox="0 0 1010.52 995.54" 
                      width="1010.52" 
                      height="995.54"
                      preserveAspectRatio="none"
                      data-content-extracted="true"
                      data-overflow="horizontal:4,vertical:4"
                      data-original-bounds="-90.8,-90.8,915.72,900.74">
                        <g transform="translate(92.8, 92.8)">
                          
<g stroke-width="2.00" fill="none" stroke-linecap="butt">
<path vector-effect="non-scaling-stroke" d="   M 815.68 129.73   Q 807.52 111.01 790.60 98.10   Q 776.85 87.62 758.06 83.83   C 727.57 77.69 697.36 89.66 678.15 114.21   C 668.09 127.06 661.57 141.37 654.29 156.22   A 0.59 0.59 0.0 0 1 653.41 156.43   Q 630.08 139.35 603.00 128.27   Q 598.44 126.40 593.45 124.39   A 0.48 0.47 27.9 0 1 593.23 123.69   C 605.54 104.86 617.78 81.50 627.14 65.40   C 635.47 51.06 649.85 18.41 626.43 9.07   Q 623.63 7.95 618.68 7.95   Q 612.37 7.96 610.80 8.29   C 585.82 13.67 567.73 33.99 562.77 58.67   C 560.75 68.71 561.72 79.39 563.61 89.15   Q 566.56 104.42 567.94 116.77   A 0.75 0.75 0.0 0 1 567.04 117.58   Q 524.70 108.85 481.48 117.68   A 0.35 0.34 -5.4 0 1 481.06 117.34   C 481.25 101.58 486.41 85.25 487.00 68.75   Q 487.18 63.78 486.06 58.94   Q 478.46 25.93 448.59 11.76   C 442.20 8.73 436.62 8.01 429.51 7.90   Q 422.32 7.79 417.19 11.33   C 399.55 23.50 413.69 53.54 421.75 67.00   Q 430.37 81.41 440.45 99.82   Q 447.85 113.34 454.82 123.89   A 0.43 0.43 0.0 0 1 454.59 124.53   C 433.06 131.83 412.65 142.37 394.72 156.26   A 0.80 0.79 57.7 0 1 393.52 155.98   Q 385.37 139.52 381.15 131.59   C 367.58 106.10 345.64 86.80 316.34 83.02   C 281.07 78.48 246.53 96.64 232.26 129.61   A 0.18 0.18 0.0 0 0 232.55 129.81   C 242.62 119.52 250.83 109.56 266.33 109.98   A 0.47 0.47 0.0 0 1 266.77 110.60   C 257.19 139.57 266.28 172.31 291.77 189.97   C 306.88 200.44 325.17 206.21 342.66 210.16   A 0.41 0.41 0.0 0 1 342.93 210.77   Q 338.94 217.66 336.12 222.58   Q 311.81 265.10 308.13 313.70   A 1.57 1.57 0.0 0 1 307.40 314.91   Q 280.94 331.50 266.47 359.73   C 244.57 402.45 250.61 453.20 273.37 494.36   A 0.48 0.47 68.2 0 1 273.08 495.05   C 266.47 496.70 259.90 502.82 259.94 509.92   A 2.97 2.95 6.6 0 0 262.22 512.78   C 266.50 513.80 267.32 508.93 268.78 506.29   Q 270.81 502.62 274.94 501.22   A 0.22 0.22 0.0 0 1 275.21 501.54   Q 270.70 509.88 273.21 519.00   Q 273.85 521.34 275.40 522.86   A 2.17 2.13 41.4 0 0 278.58 522.69   C 281.37 519.18 281.21 513.50 281.19 508.61   A 0.27 0.26 21.7 0 1 281.64 508.42   L 289.09 515.75   A 2.50 2.32 -87.8 0 1 289.33 516.03   Q 290.83 518.20 292.10 519.50   A 1.98 1.48 48.2 0 0 294.38 519.96   C 298.89 516.52 291.84 504.70 289.26 501.16   A 0.28 0.28 0.0 0 1 289.48 500.71   Q 297.08 500.69 303.39 504.85   Q 304.31 505.46 306.72 505.93   C 309.80 506.53 310.66 503.17 309.86 501.12   Q 307.11 493.99 299.68 489.90   Q 291.51 485.40 282.69 488.03   A 0.44 0.43 76.3 0 1 282.14 487.69   C 274.71 445.57 278.21 402.79 310.49 371.41   A 0.36 0.36 0.0 0 1 311.09 371.59   Q 323.89 438.12 371.81 485.96   Q 395.48 509.58 424.86 524.35   A 1.56 1.55 -81.1 0 1 425.70 525.51   Q 428.68 545.42 435.98 565.50   C 437.94 570.88 437.94 576.79 434.14 581.70   C 427.53 590.23 418.62 590.61 408.51 591.30   Q 396.15 592.15 384.84 596.93   C 375.75 600.77 369.21 609.76 364.88 618.42   A 0.43 0.43 0.0 0 0 365.26 619.04   Q 419.39 619.17 451.50 619.00   C 460.83 618.95 468.35 612.78 471.37 604.12   Q 472.39 601.18 472.47 593.27   Q 472.71 569.52 476.12 544.34   A 0.58 0.57 9.8 0 1 476.81 543.86   Q 489.52 546.74 501.76 547.71   Q 536.77 550.48 571.07 543.84   A 0.66 0.65 80.9 0 1 571.84 544.40   Q 575.23 569.76 575.54 593.83   Q 575.63 601.08 576.62 604.07   C 578.82 610.76 583.51 615.68 590.02 618.07   Q 592.85 619.10 599.60 619.10   Q 678.83 619.05 682.76 619.08   A 0.37 0.36 76.0 0 0 683.08 618.54   C 677.88 609.14 672.26 600.76 662.21 596.56   Q 652.39 592.46 640.56 591.40   C 635.49 590.95 629.84 590.90 625.72 589.60   Q 617.58 587.03 612.64 579.82   C 609.79 575.65 610.51 569.29 612.46 564.41   Q 619.51 546.72 622.18 525.89   A 2.32 2.29 80.3 0 1 623.39 524.15   Q 655.41 507.55 680.67 480.92   Q 724.66 434.56 736.93 371.59   A 0.36 0.36 0.0 0 1 737.54 371.41   Q 757.82 392.02 764.61 420.39   C 769.85 442.23 769.37 465.50 765.73 488.02   A 0.41 0.41 0.0 0 1 765.17 488.33   C 759.20 485.80 750.71 488.10 745.77 491.48   Q 740.04 495.40 738.05 501.30   C 737.43 503.15 738.09 506.21 740.81 505.97   Q 743.09 505.76 744.39 504.86   Q 750.82 500.45 758.62 500.75   A 0.20 0.20 0.0 0 1 758.77 501.07   C 756.48 504.32 749.26 515.63 753.30 519.07   Q 755.13 520.62 756.42 518.82   C 759.50 514.54 761.21 513.14 766.13 508.25   A 0.28 0.28 0.0 0 1 766.60 508.43   C 766.84 512.72 766.51 522.70 770.86 523.35   Q 772.87 523.65 774.02 521.47   C 777.17 515.48 775.97 508.34 772.80 502.48   A 0.27 0.26 87.8 0 1 773.14 502.11   C 777.66 504.15 779.49 507.31 781.17 511.57   Q 781.95 513.54 784.35 513.82   C 788.79 514.33 788.33 508.92 787.28 506.22   Q 783.98 497.79 774.94 495.96   A 0.48 0.48 0.0 0 1 774.62 495.26   Q 784.33 477.87 790.08 456.62   Q 799.81 420.68 790.90 385.64   Q 779.83 342.03 741.51 316.73   A 1.26 1.25 13.5 0 1 740.96 315.84   Q 740.12 309.75 739.31 303.53   Q 732.89 254.12 705.83 212.80   A 0.49 0.49 0.0 0 1 706.13 212.05   Q 724.48 207.88 740.02 201.29   C 756.86 194.15 771.07 182.55 778.70 165.23   Q 790.26 139.01 782.27 112.74   A 0.67 0.67 0.0 0 1 782.73 111.90   Q 784.03 111.54 786.10 111.55   C 798.26 111.56 807.77 120.86 815.27 129.98   A 0.24 0.24 0.0 0 0 815.68 129.73"/>
<path vector-effect="non-scaling-stroke" d="   M 104.62 800.42   C 110.32 800.42 114.49 797.37 117.16 792.70   Q 139.09 754.27 166.38 706.43   A 0.22 0.22 0.0 0 1 166.79 706.54   L 166.79 797.81   A 0.44 0.43 -90.0 0 0 167.22 798.25   L 194.71 798.25   A 0.44 0.44 0.0 0 0 195.15 797.80   Q 195.10 768.20 195.13 660.35   Q 195.13 651.95 193.95 649.19   C 189.37 638.51 174.53 637.50 168.60 647.82   Q 131.76 711.84 104.74 758.71   A 0.13 0.04 2.2 0 1 104.65 758.73   Q 104.63 758.73 104.61 758.73   Q 104.58 758.73 104.56 758.73   A 0.13 0.04 -2.2 0 1 104.47 758.71   Q 77.43 711.85 40.56 647.85   C 34.63 637.53 19.79 638.55 15.21 649.23   Q 14.03 651.99 14.04 660.39   Q 14.12 768.24 14.08 797.84   A 0.44 0.44 0.0 0 0 14.52 798.29   L 42.01 798.28   A 0.44 0.43 90.0 0 0 42.44 797.84   L 42.40 706.57   A 0.22 0.22 0.0 0 1 42.81 706.46   Q 70.12 754.29 92.06 792.71   C 94.73 797.38 98.91 800.42 104.62 800.42"/>
<path vector-effect="non-scaling-stroke" d="   M 767.60 709.27   A 0.42 0.42 0.0 0 0 768.02 708.85   L 768.02 681.42   A 0.42 0.42 0.0 0 0 767.60 681.00   L 719.18 681.00   A 0.42 0.42 0.0 0 1 718.76 680.58   L 718.76 643.17   A 0.42 0.42 0.0 0 0 718.34 642.75   L 690.65 642.75   A 0.42 0.42 0.0 0 0 690.23 643.17   L 690.23 680.58   A 0.42 0.42 0.0 0 1 689.81 681.00   L 653.96 681.00   A 0.42 0.42 0.0 0 0 653.54 681.42   L 653.54 708.84   A 0.42 0.42 0.0 0 0 653.96 709.26   L 689.82 709.26   A 0.42 0.42 0.0 0 1 690.24 709.68   L 690.24 797.85   A 0.42 0.42 0.0 0 0 690.66 798.27   L 718.34 798.27   A 0.42 0.42 0.0 0 0 718.76 797.85   L 718.76 709.69   A 0.42 0.42 0.0 0 1 719.18 709.27   L 767.60 709.27"/>
<path vector-effect="non-scaling-stroke" d="   M 351.5353 719.4333   A 38.30 38.30 0.0 0 0 313.3022 681.0665   L 260.0623 680.9736   A 38.30 38.30 0.0 0 0 221.6955 719.2067   L 221.6247 759.8067   A 38.30 38.30 0.0 0 0 259.8578 798.1735   L 313.0977 798.2664   A 38.30 38.30 0.0 0 0 351.4645 760.0333   L 351.5353 719.4333"/>
<path vector-effect="non-scaling-stroke" d="   M 375.86 798.26   L 403.25 798.26   A 0.54 0.54 0.0 0 0 403.79 797.72   L 403.80 709.88   A 0.58 0.58 0.0 0 1 404.38 709.30   Q 445.49 709.12 454.33 709.40   C 468.30 709.85 477.21 719.93 477.24 733.52   Q 477.35 776.38 477.24 797.62   A 0.63 0.62 0.4 0 0 477.87 798.25   L 504.96 798.25   A 0.48 0.48 0.0 0 0 505.44 797.77   Q 505.68 765.49 505.38 731.78   C 505.16 707.10 490.01 688.42 466.17 682.59   Q 458.56 680.73 445.15 680.99   Q 444.22 681.00 394.92 681.01   C 386.08 681.01 381.14 681.47 376.94 688.57   Q 375.42 691.13 375.50 702.72   Q 375.62 719.79 375.54 797.95   A 0.32 0.31 -0.0 0 0 375.86 798.26"/>
<path vector-effect="non-scaling-stroke" d="   M 628.94 680.99   Q 602.74 681.01 564.96 680.99   C 556.53 680.98 549.45 681.81 542.99 685.43   C 528.17 693.72 522.95 710.06 528.20 725.79   C 532.34 738.17 544.67 747.05 558.08 747.15   Q 583.98 747.35 601.53 747.24   C 608.00 747.20 613.61 748.34 614.94 755.32   Q 616.75 764.89 610.37 768.52   Q 607.29 770.28 598.41 770.02   Q 597.11 769.98 527.96 770.01   A 0.37 0.37 0.0 0 0 527.59 770.38   L 527.59 797.79   A 0.46 0.46 0.0 0 0 528.05 798.25   Q 570.41 798.37 603.23 798.21   C 618.29 798.14 633.28 790.94 639.60 777.01   C 646.01 762.91 644.37 746.13 635.22 733.84   Q 624.52 719.45 604.68 719.32   Q 580.27 719.15 559.02 719.25   A 4.55 4.54 89.8 0 1 554.45 714.70   L 554.45 713.65   A 4.39 4.39 0.0 0 1 558.84 709.26   L 629.21 709.26   A 0.40 0.39 -0.0 0 0 629.61 708.87   L 629.61 681.65   A 0.67 0.66 0.0 0 0 628.94 680.99"/>
<path vector-effect="non-scaling-stroke" d="   M 823.33 758.76   Q 867.33 758.71 873.77 758.76   Q 888.76 758.86 900.02 748.52   C 911.96 737.54 915.72 717.38 908.78 702.73   C 901.80 687.99 887.48 680.98 871.25 681.00   Q 862.60 681.01 823.24 680.99   Q 810.88 680.98 802.21 686.29   C 790.77 693.29 784.25 705.68 783.81 718.78   Q 783.54 726.52 783.75 760.22   Q 783.85 776.44 794.51 786.79   Q 805.73 797.68 820.91 798.06   Q 839.52 798.52 872.94 798.12   A 0.46 0.46 0.0 0 0 873.39 797.66   L 873.39 771.65   A 0.40 0.40 0.0 0 0 873.00 771.25   Q 835.63 771.20 824.24 771.29   Q 818.47 771.34 816.11 769.89   C 810.94 766.70 810.63 762.54 810.53 757.00   Q 810.53 756.93 810.47 725.72   Q 810.46 716.60 812.06 713.47   Q 814.97 707.77 823.76 707.77   Q 866.24 707.76 867.27 707.74   Q 875.65 707.59 878.13 708.60   C 886.19 711.89 887.55 721.58 882.57 727.86   Q 879.30 731.99 871.75 732.00   Q 823.16 732.00 823.11 732.00   A 0.53 0.52 -85.8 0 0 822.51 732.53   L 822.53 757.97   A 0.80 0.80 0.0 0 0 823.33 758.76"/>
<path vector-effect="non-scaling-stroke" d="   M 958.74 797.56   Q 958.86 774.04 958.72 728.24   Q 958.69 717.34 959.54 715.36   Q 962.09 709.38 970.01 709.33   Q 992.27 709.19 1033.46 709.27   A 0.40 0.40 0.0 0 0 1033.86 708.87   L 1033.86 681.52   A 0.49 0.49 0.0 0 0 1033.37 681.03   Q 1010.02 680.93 971.00 681.04   Q 961.12 681.07 952.32 685.12   C 937.07 692.14 930.59 705.51 930.59 722.00   Q 930.58 789.67 930.62 797.69   A 0.57 0.57 0.0 0 0 931.19 798.26   L 958.03 798.26   A 0.71 0.71 0.0 0 0 958.74 797.56"/>
<path vector-effect="non-scaling-stroke" d="   M 432.83 871.59   C 432.85 886.05 440.27 900.31 456.59 900.28   C 472.92 900.25 480.28 885.96 480.25 871.50   C 480.23 857.04 472.81 842.78 456.48 842.81   C 440.16 842.84 432.80 857.13 432.83 871.59"/>
<path vector-effect="non-scaling-stroke" d="   M 549.26 869.25   A 0.41 0.39 7.5 0 0 548.87 869.54   Q 546.64 877.95 541.50 885.38   A 0.45 0.44 -53.6 0 1 540.86 885.48   Q 533.04 879.17 527.44 870.71   A 0.59 0.59 0.0 0 1 527.58 869.90   C 531.59 866.93 535.40 864.23 538.00 859.68   C 541.52 853.55 538.91 843.50 530.75 842.92   C 517.03 841.95 513.26 853.99 517.72 864.83   Q 518.99 867.91 519.19 868.48   A 0.74 0.73 62.5 0 1 518.93 869.32   C 512.22 874.12 507.27 879.46 508.91 888.13   C 510.54 896.72 518.48 900.74 526.78 900.27   Q 534.76 899.83 540.96 894.32   A 0.74 0.74 0.0 0 1 541.88 894.27   Q 547.15 897.94 553.50 900.14   A 0.83 0.83 0.0 0 0 554.56 899.61   L 555.90 895.40   A 0.88 0.88 0.0 0 0 555.34 894.30   Q 550.84 892.78 546.07 889.54   A 0.46 0.45 -55.1 0 1 545.96 888.90   Q 552.32 880.07 555.30 869.50   A 0.20 0.20 0.0 0 0 555.11 869.25   L 549.26 869.25"/>
<path vector-effect="non-scaling-stroke" d="   M 830.35 871.57   C 830.37 886.03 837.78 900.30 854.11 900.27   C 870.44 900.25 877.80 885.97 877.78 871.50   C 877.76 857.04 870.36 842.77 854.03 842.80   C 837.69 842.82 830.33 857.10 830.35 871.57"/>
<path vector-effect="non-scaling-stroke" d="   M 192.89 882.49   Q 202.66 882.51 202.70 882.51   A 0.58 0.57 -4.9 0 1 203.18 882.91   L 208.12 899.01   A 0.40 0.39 -7.7 0 0 208.50 899.29   L 215.37 899.29   A 0.16 0.15 -10.2 0 0 215.52 899.08   L 197.16 844.48   A 0.94 0.93 82.5 0 0 196.33 843.84   Q 194.65 843.72 192.95 843.72   Q 191.26 843.72 189.57 843.83   A 0.94 0.93 -82.3 0 0 188.74 844.47   L 170.21 899.01   A 0.16 0.15 10.4 0 0 170.36 899.22   L 177.23 899.24   A 0.40 0.39 7.9 0 0 177.61 898.96   L 182.60 882.88   A 0.58 0.57 5.1 0 1 183.08 882.48   Q 183.13 882.48 192.89 882.49"/>
<path vector-effect="non-scaling-stroke" d="   M 263.28 900.28   C 277.00 900.25 283.03 890.76 283.06 877.99   Q 283.09 862.78 283.02 844.11   A 0.42 0.42 0.0 0 0 282.60 843.70   L 276.54 843.70   A 0.43 0.43 0.0 0 0 276.11 844.14   Q 276.28 868.75 276.12 878.98   C 276.00 887.00 272.29 894.17 263.26 894.19   C 254.24 894.21 250.50 887.07 250.34 879.05   Q 250.13 868.81 250.18 844.20   A 0.43 0.43 0.0 0 0 249.75 843.76   L 243.69 843.79   A 0.42 0.42 0.0 0 0 243.27 844.21   Q 243.29 862.88 243.39 878.08   C 243.48 890.85 249.55 900.31 263.28 900.28"/>
<path vector-effect="non-scaling-stroke" d="   M 319.30 844.17   L 319.20 898.79   A 0.48 0.48 0.0 0 0 319.68 899.28   L 334.90 899.30   A 24.56 24.46 -89.9 0 0 359.40 874.79   L 359.42 868.33   A 24.56 24.46 -89.9 0 0 335.00 843.72   L 319.78 843.70   A 0.48 0.48 0.0 0 0 319.30 844.17"/>
<path vector-effect="non-scaling-stroke" d="   M 399.50 844.31   A 0.66 0.66 0.0 0 0 398.84 843.65   L 393.16 843.65   A 0.66 0.66 0.0 0 0 392.50 844.31   L 392.50 898.51   A 0.66 0.66 0.0 0 0 393.16 899.17   L 398.84 899.17   A 0.66 0.66 0.0 0 0 399.50 898.51   L 399.50 844.31"/>
<path vector-effect="non-scaling-stroke" d="   M 600.53 899.26   Q 604.05 899.26 604.20 899.23   A 0.90 0.88 -86.7 0 0 604.86 898.63   L 622.24 843.96   A 0.17 0.17 0.0 0 0 622.08 843.73   L 615.19 843.73   A 0.34 0.34 0.0 0 0 614.86 843.98   Q 607.80 867.79 600.92 891.52   Q 600.85 891.78 600.53 891.78   Q 600.21 891.78 600.13 891.52   Q 593.20 867.80 586.10 844.01   A 0.34 0.34 0.0 0 0 585.77 843.76   L 578.88 843.77   A 0.17 0.17 0.0 0 0 578.72 844.00   L 596.21 898.64   A 0.90 0.88 86.6 0 0 596.86 899.23   Q 597.02 899.27 600.53 899.26"/>
<path vector-effect="non-scaling-stroke" d="   M 658.00 844.10   A 0.36 0.36 0.0 0 0 657.64 843.74   L 651.36 843.74   A 0.36 0.36 0.0 0 0 651.00 844.10   L 651.00 898.90   A 0.36 0.36 0.0 0 0 651.36 899.26   L 657.64 899.26   A 0.36 0.36 0.0 0 0 658.00 898.90   L 658.00 844.10"/>
<path vector-effect="non-scaling-stroke" d="   M 694.50 844.18   L 694.50 898.84   A 0.44 0.44 0.0 0 0 694.94 899.28   L 710.16 899.28   A 24.35 24.30 -90.0 0 0 734.46 874.93   L 734.46 868.09   A 24.35 24.30 -90.0 0 0 710.16 843.74   L 694.94 843.74   A 0.44 0.44 0.0 0 0 694.50 844.18"/>
<path vector-effect="non-scaling-stroke" d="   M 775.20 867.25   A 0.44 0.44 0.0 0 1 774.76 866.81   L 774.76 850.19   A 0.44 0.44 0.0 0 1 775.20 849.75   L 799.34 849.75   A 0.44 0.44 0.0 0 0 799.78 849.31   L 799.78 844.19   A 0.44 0.44 0.0 0 0 799.34 843.75   L 768.18 843.75   A 0.44 0.44 0.0 0 0 767.74 844.19   L 767.74 898.82   A 0.44 0.44 0.0 0 0 768.18 899.26   L 800.08 899.26   A 0.44 0.44 0.0 0 0 800.52 898.82   L 800.52 893.69   A 0.44 0.44 0.0 0 0 800.08 893.25   L 775.21 893.25   A 0.44 0.44 0.0 0 1 774.77 892.81   L 774.77 873.71   A 0.44 0.44 0.0 0 1 775.21 873.27   L 795.32 873.27   A 0.44 0.44 0.0 0 0 795.76 872.83   L 795.76 867.69   A 0.44 0.44 0.0 0 0 795.32 867.25   L 775.20 867.25"/>
<path vector-effect="non-scaling-stroke" d="   M 461.6534 190.3403   A 50.59 48.66 -90.2 0 0 413.1703 241.0999   A 50.59 48.66 -90.2 0 0 462.0066 291.5197   A 50.59 48.66 -90.2 0 0 510.4897 240.7601   A 50.59 48.66 -90.2 0 0 461.6534 190.3403"/>
<path vector-effect="non-scaling-stroke" d="   M 585.3339 190.3849   A 50.57 48.66 -90.8 0 0 537.3847 241.6294   A 50.57 48.66 -90.8 0 0 586.7461 291.5151   A 50.57 48.66 -90.8 0 0 634.6953 240.2706   A 50.57 48.66 -90.8 0 0 585.3339 190.3849"/>
<path vector-effect="non-scaling-stroke" d="   M 637.54 320.45   Q 622.75 335.96 602.63 345.66   Q 585.19 354.07 565.92 358.26   C 532.05 365.64 496.27 364.70 462.89 355.32   C 439.81 348.83 418.22 337.34 401.59 320.13   A 0.18 0.18 0.0 0 0 401.31 320.34   C 410.35 337.13 423.80 347.91 441.14 358.11   A 0.59 0.59 0.0 0 1 441.34 358.93   Q 439.99 361.16 438.18 363.93   C 435.91 367.39 429.98 377.58 431.25 381.80   C 434.20 391.58 443.27 396.63 453.15 398.64   Q 459.85 400.01 466.62 397.56   C 471.27 395.89 473.42 390.14 474.68 385.92   Q 476.61 379.44 478.01 372.23   A 0.54 0.53 11.8 0 1 478.66 371.81   Q 497.64 376.37 516.89 376.48   A 0.39 0.39 0.0 0 1 517.27 376.94   C 516.10 383.28 514.76 389.64 515.75 395.48   A 5.70 5.69 -71.7 0 0 517.26 398.49   Q 520.46 401.81 524.08 403.64   Q 541.51 412.46 561.00 406.71   Q 568.75 404.42 573.98 398.21   Q 577.55 393.97 575.61 388.69   Q 572.42 380.03 566.36 371.48   A 0.42 0.42 0.0 0 1 566.57 370.84   L 582.64 365.44   A 0.68 0.68 0.0 0 1 583.49 365.81   Q 587.38 374.82 592.24 382.14   C 595.59 387.19 599.41 390.10 605.48 389.64   C 616.63 388.78 627.35 381.45 631.81 371.10   Q 633.96 366.10 631.89 362.57   Q 626.38 353.23 616.46 346.50   A 0.77 0.76 42.8 0 1 616.41 345.26   Q 629.40 335.13 637.84 320.68   A 0.19 0.19 0.0 0 0 637.54 320.45"/>
<path vector-effect="non-scaling-stroke" d="   M 482.51 238.56   C 477.71 244.93 467.17 241.12 469.99 232.84   Q 470.75 230.59 472.76 228.83   A 0.40 0.40 0.0 0 0 472.61 228.15   C 468.60 226.99 465.24 226.25 461.39 226.97   Q 453.60 228.41 449.06 234.99   C 437.70 251.45 458.11 271.97 475.06 262.33   C 483.44 257.55 486.92 247.85 483.26 238.66   A 0.44 0.43 52.4 0 0 482.51 238.56"/>
<path vector-effect="non-scaling-stroke" d="   M 589.32 228.21   Q 577.16 224.12 568.93 231.34   Q 562.60 236.88 562.29 244.99   C 561.91 254.90 570.26 263.78 579.92 264.61   C 594.06 265.83 605.49 252.83 599.92 238.86   A 0.44 0.44 0.0 0 0 599.19 238.72   Q 595.43 242.67 590.95 241.57   C 584.67 240.02 585.12 232.20 589.43 228.84   A 0.36 0.36 0.0 0 0 589.32 228.21"/>
<path vector-effect="non-scaling-stroke" d="   M 463.2852 246.0180   A 4.82 4.60 -48.0 0 0 456.6415 246.5220   A 4.82 4.60 -48.0 0 0 456.8348 253.1820   A 4.82 4.60 -48.0 0 0 463.4785 252.6780   A 4.82 4.60 -48.0 0 0 463.2852 246.0180"/>
<path vector-effect="non-scaling-stroke" d="   M 582.24 249.50   A 4.79 4.79 0.0 0 0 577.45 244.71   A 4.79 4.79 0.0 0 0 572.66 249.50   A 4.79 4.79 0.0 0 0 577.45 254.29   A 4.79 4.79 0.0 0 0 582.24 249.50"/>
<path vector-effect="non-scaling-stroke" d="   M 323.39 719.38   A 10.11 10.11 0.0 0 0 313.28 709.27   L 259.96 709.27   A 10.11 10.11 0.0 0 0 249.85 719.38   L 249.85 759.86   A 10.11 10.11 0.0 0 0 259.96 769.97   L 313.28 769.97   A 10.11 10.11 0.0 0 0 323.39 759.86   L 323.39 719.38"/>
<path vector-effect="non-scaling-stroke" d="   M 440.16 871.53   C 440.15 881.61 444.32 894.11 456.51 894.12   C 468.70 894.14 472.89 881.64 472.90 871.56   C 472.91 861.49 468.74 848.98 456.55 848.97   C 444.36 848.96 440.17 861.46 440.16 871.53"/>
<path vector-effect="non-scaling-stroke" d="   M 524.34 865.37   Q 524.42 865.39 524.47 865.36   C 529.29 862.72 535.28 857.90 533.62 851.81   Q 532.84 848.93 530.14 848.03   Q 527.44 847.12 525.08 848.95   C 520.09 852.83 521.98 860.28 524.25 865.29   Q 524.27 865.35 524.34 865.37"/>
<path vector-effect="non-scaling-stroke" d="   M 536.15 889.69   Q 528.16 882.47 522.69 874.44   A 0.64 0.64 0.0 0 0 521.76 874.31   Q 518.59 876.86 516.96 879.44   C 513.15 885.46 516.65 893.24 523.60 894.44   Q 530.39 895.61 536.13 890.81   A 0.74 0.74 0.0 0 0 536.15 889.69"/>
<path vector-effect="non-scaling-stroke" d="   M 837.67 871.53   C 837.66 881.61 841.84 894.11 854.03 894.12   C 866.22 894.13 870.41 881.63 870.41 871.55   C 870.42 861.48 866.24 848.97 854.05 848.96   C 841.86 848.96 837.67 861.46 837.67 871.53"/>
<path vector-effect="non-scaling-stroke" d="   M 192.80 876.75   Q 200.04 876.75 200.74 876.70   A 0.33 0.33 0.0 0 0 201.04 876.28   L 193.10 850.06   A 0.34 0.27 6.7 0 0 192.91 849.87   Q 192.85 849.84 192.79 849.84   Q 192.72 849.84 192.66 849.87   A 0.34 0.27 -6.7 0 0 192.47 850.06   L 184.57 876.29   A 0.33 0.33 0.0 0 0 184.87 876.71   Q 185.56 876.76 192.80 876.75"/>
<path vector-effect="non-scaling-stroke" d="   M 326.27 850.03   L 326.27 892.99   A 0.56 0.56 0.0 0 0 326.83 893.55   L 333.77 893.55   A 18.68 18.20 -90.0 0 0 351.97 874.87   L 351.97 868.15   A 18.68 18.20 90.0 0 0 333.77 849.47   L 326.83 849.47   A 0.56 0.56 0.0 0 0 326.27 850.03"/>
<path vector-effect="non-scaling-stroke" d="   M 701.51 850.02   L 701.51 893.02   A 0.54 0.54 0.0 0 0 702.05 893.56   L 709.08 893.56   A 18.84 18.09 90.0 0 0 727.17 874.72   L 727.17 868.32   A 18.84 18.09 -90.0 0 0 709.08 849.48   L 702.05 849.48   A 0.54 0.54 0.0 0 0 701.51 850.02"/>
</g>

<path fill="#333333" d="   M 815.68 129.73   A 0.24 0.24 0.0 0 1 815.27 129.98   C 807.77 120.86 798.26 111.56 786.10 111.55   Q 784.03 111.54 782.73 111.90   A 0.67 0.67 0.0 0 0 782.27 112.74   Q 790.26 139.01 778.70 165.23   C 771.07 182.55 756.86 194.15 740.02 201.29   Q 724.48 207.88 706.13 212.05   A 0.49 0.49 0.0 0 0 705.83 212.80   Q 732.89 254.12 739.31 303.53   Q 740.12 309.75 740.96 315.84   A 1.26 1.25 13.5 0 0 741.51 316.73   Q 779.83 342.03 790.90 385.64   Q 799.81 420.68 790.08 456.62   Q 784.33 477.87 774.62 495.26   A 0.48 0.48 0.0 0 0 774.94 495.96   Q 783.98 497.79 787.28 506.22   C 788.33 508.92 788.79 514.33 784.35 513.82   Q 781.95 513.54 781.17 511.57   C 779.49 507.31 777.66 504.15 773.14 502.11   A 0.27 0.26 87.8 0 0 772.80 502.48   C 775.97 508.34 777.17 515.48 774.02 521.47   Q 772.87 523.65 770.86 523.35   C 766.51 522.70 766.84 512.72 766.60 508.43   A 0.28 0.28 0.0 0 0 766.13 508.25   C 761.21 513.14 759.50 514.54 756.42 518.82   Q 755.13 520.62 753.30 519.07   C 749.26 515.63 756.48 504.32 758.77 501.07   A 0.20 0.20 0.0 0 0 758.62 500.75   Q 750.82 500.45 744.39 504.86   Q 743.09 505.76 740.81 505.97   C 738.09 506.21 737.43 503.15 738.05 501.30   Q 740.04 495.40 745.77 491.48   C 750.71 488.10 759.20 485.80 765.17 488.33   A 0.41 0.41 0.0 0 0 765.73 488.02   C 769.37 465.50 769.85 442.23 764.61 420.39   Q 757.82 392.02 737.54 371.41   A 0.36 0.36 0.0 0 0 736.93 371.59   Q 724.66 434.56 680.67 480.92   Q 655.41 507.55 623.39 524.15   A 2.32 2.29 80.3 0 0 622.18 525.89   Q 619.51 546.72 612.46 564.41   C 610.51 569.29 609.79 575.65 612.64 579.82   Q 617.58 587.03 625.72 589.60   C 629.84 590.90 635.49 590.95 640.56 591.40   Q 652.39 592.46 662.21 596.56   C 672.26 600.76 677.88 609.14 683.08 618.54   A 0.37 0.36 76.0 0 1 682.76 619.08   Q 678.83 619.05 599.60 619.10   Q 592.85 619.10 590.02 618.07   C 583.51 615.68 578.82 610.76 576.62 604.07   Q 575.63 601.08 575.54 593.83   Q 575.23 569.76 571.84 544.40   A 0.66 0.65 80.9 0 0 571.07 543.84   Q 536.77 550.48 501.76 547.71   Q 489.52 546.74 476.81 543.86   A 0.58 0.57 9.8 0 0 476.12 544.34   Q 472.71 569.52 472.47 593.27   Q 472.39 601.18 471.37 604.12   C 468.35 612.78 460.83 618.95 451.50 619.00   Q 419.39 619.17 365.26 619.04   A 0.43 0.43 0.0 0 1 364.88 618.42   C 369.21 609.76 375.75 600.77 384.84 596.93   Q 396.15 592.15 408.51 591.30   C 418.62 590.61 427.53 590.23 434.14 581.70   C 437.94 576.79 437.94 570.88 435.98 565.50   Q 428.68 545.42 425.70 525.51   A 1.56 1.55 -81.1 0 0 424.86 524.35   Q 395.48 509.58 371.81 485.96   Q 323.89 438.12 311.09 371.59   A 0.36 0.36 0.0 0 0 310.49 371.41   C 278.21 402.79 274.71 445.57 282.14 487.69   A 0.44 0.43 76.3 0 0 282.69 488.03   Q 291.51 485.40 299.68 489.90   Q 307.11 493.99 309.86 501.12   C 310.66 503.17 309.80 506.53 306.72 505.93   Q 304.31 505.46 303.39 504.85   Q 297.08 500.69 289.48 500.71   A 0.28 0.28 0.0 0 0 289.26 501.16   C 291.84 504.70 298.89 516.52 294.38 519.96   A 1.98 1.48 48.2 0 1 292.10 519.50   Q 290.83 518.20 289.33 516.03   A 2.50 2.32 -87.8 0 0 289.09 515.75   L 281.64 508.42   A 0.27 0.26 21.7 0 0 281.19 508.61   C 281.21 513.50 281.37 519.18 278.58 522.69   A 2.17 2.13 41.4 0 1 275.40 522.86   Q 273.85 521.34 273.21 519.00   Q 270.70 509.88 275.21 501.54   A 0.22 0.22 0.0 0 0 274.94 501.22   Q 270.81 502.62 268.78 506.29   C 267.32 508.93 266.50 513.80 262.22 512.78   A 2.97 2.95 6.6 0 1 259.94 509.92   C 259.90 502.82 266.47 496.70 273.08 495.05   A 0.48 0.47 68.2 0 0 273.37 494.36   C 250.61 453.20 244.57 402.45 266.47 359.73   Q 280.94 331.50 307.40 314.91   A 1.57 1.57 0.0 0 0 308.13 313.70   Q 311.81 265.10 336.12 222.58   Q 338.94 217.66 342.93 210.77   A 0.41 0.41 0.0 0 0 342.66 210.16   C 325.17 206.21 306.88 200.44 291.77 189.97   C 266.28 172.31 257.19 139.57 266.77 110.60   A 0.47 0.47 0.0 0 0 266.33 109.98   C 250.83 109.56 242.62 119.52 232.55 129.81   A 0.18 0.18 0.0 0 1 232.26 129.61   C 246.53 96.64 281.07 78.48 316.34 83.02   C 345.64 86.80 367.58 106.10 381.15 131.59   Q 385.37 139.52 393.52 155.98   A 0.80 0.79 57.7 0 0 394.72 156.26   C 412.65 142.37 433.06 131.83 454.59 124.53   A 0.43 0.43 0.0 0 0 454.82 123.89   Q 447.85 113.34 440.45 99.82   Q 430.37 81.41 421.75 67.00   C 413.69 53.54 399.55 23.50 417.19 11.33   Q 422.32 7.79 429.51 7.90   C 436.62 8.01 442.20 8.73 448.59 11.76   Q 478.46 25.93 486.06 58.94   Q 487.18 63.78 487.00 68.75   C 486.41 85.25 481.25 101.58 481.06 117.34   A 0.35 0.34 -5.4 0 0 481.48 117.68   Q 524.70 108.85 567.04 117.58   A 0.75 0.75 0.0 0 0 567.94 116.77   Q 566.56 104.42 563.61 89.15   C 561.72 79.39 560.75 68.71 562.77 58.67   C 567.73 33.99 585.82 13.67 610.80 8.29   Q 612.37 7.96 618.68 7.95   Q 623.63 7.95 626.43 9.07   C 649.85 18.41 635.47 51.06 627.14 65.40   C 617.78 81.50 605.54 104.86 593.23 123.69   A 0.48 0.47 27.9 0 0 593.45 124.39   Q 598.44 126.40 603.00 128.27   Q 630.08 139.35 653.41 156.43   A 0.59 0.59 0.0 0 0 654.29 156.22   C 661.57 141.37 668.09 127.06 678.15 114.21   C 697.36 89.66 727.57 77.69 758.06 83.83   Q 776.85 87.62 790.60 98.10   Q 807.52 111.01 815.68 129.73   Z   M 461.6534 190.3403   A 50.59 48.66 -90.2 0 0 413.1703 241.0999   A 50.59 48.66 -90.2 0 0 462.0066 291.5197   A 50.59 48.66 -90.2 0 0 510.4897 240.7601   A 50.59 48.66 -90.2 0 0 461.6534 190.3403   Z   M 585.3339 190.3849   A 50.57 48.66 -90.8 0 0 537.3847 241.6294   A 50.57 48.66 -90.8 0 0 586.7461 291.5151   A 50.57 48.66 -90.8 0 0 634.6953 240.2706   A 50.57 48.66 -90.8 0 0 585.3339 190.3849   Z   M 637.54 320.45   Q 622.75 335.96 602.63 345.66   Q 585.19 354.07 565.92 358.26   C 532.05 365.64 496.27 364.70 462.89 355.32   C 439.81 348.83 418.22 337.34 401.59 320.13   A 0.18 0.18 0.0 0 0 401.31 320.34   C 410.35 337.13 423.80 347.91 441.14 358.11   A 0.59 0.59 0.0 0 1 441.34 358.93   Q 439.99 361.16 438.18 363.93   C 435.91 367.39 429.98 377.58 431.25 381.80   C 434.20 391.58 443.27 396.63 453.15 398.64   Q 459.85 400.01 466.62 397.56   C 471.27 395.89 473.42 390.14 474.68 385.92   Q 476.61 379.44 478.01 372.23   A 0.54 0.53 11.8 0 1 478.66 371.81   Q 497.64 376.37 516.89 376.48   A 0.39 0.39 0.0 0 1 517.27 376.94   C 516.10 383.28 514.76 389.64 515.75 395.48   A 5.70 5.69 -71.7 0 0 517.26 398.49   Q 520.46 401.81 524.08 403.64   Q 541.51 412.46 561.00 406.71   Q 568.75 404.42 573.98 398.21   Q 577.55 393.97 575.61 388.69   Q 572.42 380.03 566.36 371.48   A 0.42 0.42 0.0 0 1 566.57 370.84   L 582.64 365.44   A 0.68 0.68 0.0 0 1 583.49 365.81   Q 587.38 374.82 592.24 382.14   C 595.59 387.19 599.41 390.10 605.48 389.64   C 616.63 388.78 627.35 381.45 631.81 371.10   Q 633.96 366.10 631.89 362.57   Q 626.38 353.23 616.46 346.50   A 0.77 0.76 42.8 0 1 616.41 345.26   Q 629.40 335.13 637.84 320.68   A 0.19 0.19 0.0 0 0 637.54 320.45   Z"/>


<path fill="#333333" d="   M 482.51 238.56   A 0.44 0.43 52.4 0 1 483.26 238.66   C 486.92 247.85 483.44 257.55 475.06 262.33   C 458.11 271.97 437.70 251.45 449.06 234.99   Q 453.60 228.41 461.39 226.97   C 465.24 226.25 468.60 226.99 472.61 228.15   A 0.40 0.40 0.0 0 1 472.76 228.83   Q 470.75 230.59 469.99 232.84   C 467.17 241.12 477.71 244.93 482.51 238.56   Z   M 463.2852 246.0180   A 4.82 4.60 -48.0 0 0 456.6415 246.5220   A 4.82 4.60 -48.0 0 0 456.8348 253.1820   A 4.82 4.60 -48.0 0 0 463.4785 252.6780   A 4.82 4.60 -48.0 0 0 463.2852 246.0180   Z"/>
<path fill="#333333" d="   M 589.32 228.21   A 0.36 0.36 0.0 0 1 589.43 228.84   C 585.12 232.20 584.67 240.02 590.95 241.57   Q 595.43 242.67 599.19 238.72   A 0.44 0.44 0.0 0 1 599.92 238.86   C 605.49 252.83 594.06 265.83 579.92 264.61   C 570.26 263.78 561.91 254.90 562.29 244.99   Q 562.60 236.88 568.93 231.34   Q 577.16 224.12 589.32 228.21   Z   M 582.24 249.50   A 4.79 4.79 0.0 0 0 577.45 244.71   A 4.79 4.79 0.0 0 0 572.66 249.50   A 4.79 4.79 0.0 0 0 577.45 254.29   A 4.79 4.79 0.0 0 0 582.24 249.50   Z"/>



<path fill="#333333" d="   M 104.61 758.73   Q 104.63 758.73 104.65 758.73   A 0.13 0.04 2.2 0 0 104.74 758.71   Q 131.76 711.84 168.60 647.82   C 174.53 637.50 189.37 638.51 193.95 649.19   Q 195.13 651.95 195.13 660.35   Q 195.10 768.20 195.15 797.80   A 0.44 0.44 0.0 0 1 194.71 798.25   L 167.22 798.25   A 0.44 0.43 -90.0 0 1 166.79 797.81   L 166.79 706.54   A 0.22 0.22 0.0 0 0 166.38 706.43   Q 139.09 754.27 117.16 792.70   C 114.49 797.37 110.32 800.42 104.62 800.42   C 98.91 800.42 94.73 797.38 92.06 792.71   Q 70.12 754.29 42.81 706.46   A 0.22 0.22 0.0 0 0 42.40 706.57   L 42.44 797.84   A 0.44 0.43 90.0 0 1 42.01 798.28   L 14.52 798.29   A 0.44 0.44 0.0 0 1 14.08 797.84   Q 14.12 768.24 14.04 660.39   Q 14.03 651.99 15.21 649.23   C 19.79 638.55 34.63 637.53 40.56 647.85   Q 77.43 711.85 104.47 758.71   A 0.13 0.04 -2.2 0 0 104.56 758.73   Q 104.58 758.73 104.61 758.73   Z"/>
<path fill="#333333" d="   M 767.60 709.27   L 719.18 709.27   A 0.42 0.42 0.0 0 0 718.76 709.69   L 718.76 797.85   A 0.42 0.42 0.0 0 1 718.34 798.27   L 690.66 798.27   A 0.42 0.42 0.0 0 1 690.24 797.85   L 690.24 709.68   A 0.42 0.42 0.0 0 0 689.82 709.26   L 653.96 709.26   A 0.42 0.42 0.0 0 1 653.54 708.84   L 653.54 681.42   A 0.42 0.42 0.0 0 1 653.96 681.00   L 689.81 681.00   A 0.42 0.42 0.0 0 0 690.23 680.58   L 690.23 643.17   A 0.42 0.42 0.0 0 1 690.65 642.75   L 718.34 642.75   A 0.42 0.42 0.0 0 1 718.76 643.17   L 718.76 680.58   A 0.42 0.42 0.0 0 0 719.18 681.00   L 767.60 681.00   A 0.42 0.42 0.0 0 1 768.02 681.42   L 768.02 708.85   A 0.42 0.42 0.0 0 1 767.60 709.27   Z"/>
<path fill="#333333" d="   M 351.4645 760.0333   A 38.30 38.30 0.0 0 1 313.0977 798.2664   L 259.8578 798.1735   A 38.30 38.30 0.0 0 1 221.6247 759.8067   L 221.6955 719.2067   A 38.30 38.30 0.0 0 1 260.0623 680.9736   L 313.3022 681.0665   A 38.30 38.30 0.0 0 1 351.5353 719.4333   L 351.4645 760.0333   Z   M 323.39 719.38   A 10.11 10.11 0.0 0 0 313.28 709.27   L 259.96 709.27   A 10.11 10.11 0.0 0 0 249.85 719.38   L 249.85 759.86   A 10.11 10.11 0.0 0 0 259.96 769.97   L 313.28 769.97   A 10.11 10.11 0.0 0 0 323.39 759.86   L 323.39 719.38   Z"/>
<path fill="#333333" d="   M 375.86 798.26   A 0.32 0.31 0.0 0 1 375.54 797.95   Q 375.62 719.79 375.50 702.72   Q 375.42 691.13 376.94 688.57   C 381.14 681.47 386.08 681.01 394.92 681.01   Q 444.22 681.00 445.15 680.99   Q 458.56 680.73 466.17 682.59   C 490.01 688.42 505.16 707.10 505.38 731.78   Q 505.68 765.49 505.44 797.77   A 0.48 0.48 0.0 0 1 504.96 798.25   L 477.87 798.25   A 0.63 0.62 0.4 0 1 477.24 797.62   Q 477.35 776.38 477.24 733.52   C 477.21 719.93 468.30 709.85 454.33 709.40   Q 445.49 709.12 404.38 709.30   A 0.58 0.58 0.0 0 0 403.80 709.88   L 403.79 797.72   A 0.54 0.54 0.0 0 1 403.25 798.26   L 375.86 798.26   Z"/>
<path fill="#333333" d="   M 629.61 681.65   L 629.61 708.87   A 0.40 0.39 -0.0 0 1 629.21 709.26   L 558.84 709.26   A 4.39 4.39 0.0 0 0 554.45 713.65   L 554.45 714.70   A 4.55 4.54 89.8 0 0 559.02 719.25   Q 580.27 719.15 604.68 719.32   Q 624.52 719.45 635.22 733.84   C 644.37 746.13 646.01 762.91 639.60 777.01   C 633.28 790.94 618.29 798.14 603.23 798.21   Q 570.41 798.37 528.05 798.25   A 0.46 0.46 0.0 0 1 527.59 797.79   L 527.59 770.38   A 0.37 0.37 0.0 0 1 527.96 770.01   Q 597.11 769.98 598.41 770.02   Q 607.29 770.28 610.37 768.52   Q 616.75 764.89 614.94 755.32   C 613.61 748.34 608.00 747.20 601.53 747.24   Q 583.98 747.35 558.08 747.15   C 544.67 747.05 532.34 738.17 528.20 725.79   C 522.95 710.06 528.17 693.72 542.99 685.43   C 549.45 681.81 556.53 680.98 564.96 680.99   Q 602.74 681.01 628.94 680.99   A 0.67 0.66 0.0 0 1 629.61 681.65   Z"/>
<path fill="#333333" d="   M 822.53 757.97   L 822.51 732.53   A 0.53 0.52 -85.8 0 1 823.11 732.00   Q 823.16 732.00 871.75 732.00   Q 879.30 731.99 882.57 727.86   C 887.55 721.58 886.19 711.89 878.13 708.60   Q 875.65 707.59 867.27 707.74   Q 866.24 707.76 823.76 707.77   Q 814.97 707.77 812.06 713.47   Q 810.46 716.60 810.47 725.72   Q 810.53 756.93 810.53 757.00   C 810.63 762.54 810.94 766.70 816.11 769.89   Q 818.47 771.34 824.24 771.29   Q 835.63 771.20 873.00 771.25   A 0.40 0.40 0.0 0 1 873.39 771.65   L 873.39 797.66   A 0.46 0.46 0.0 0 1 872.94 798.12   Q 839.52 798.52 820.91 798.06   Q 805.73 797.68 794.51 786.79   Q 783.85 776.44 783.75 760.22   Q 783.54 726.52 783.81 718.78   C 784.25 705.68 790.77 693.29 802.21 686.29   Q 810.88 680.98 823.24 680.99   Q 862.60 681.01 871.25 681.00   C 887.48 680.98 901.80 687.99 908.78 702.73   C 915.72 717.38 911.96 737.54 900.02 748.52   Q 888.76 758.86 873.77 758.76   Q 867.33 758.71 823.33 758.76   A 0.80 0.80 0.0 0 1 822.53 757.97   Z"/>
<path fill="#333333" d="   M 958.03 798.26   L 931.19 798.26   A 0.57 0.57 0.0 0 1 930.62 797.69   Q 930.58 789.67 930.59 722.00   C 930.59 705.51 937.07 692.14 952.32 685.12   Q 961.12 681.07 971.00 681.04   Q 1010.02 680.93 1033.37 681.03   A 0.49 0.49 0.0 0 1 1033.86 681.52   L 1033.86 708.87   A 0.40 0.40 0.0 0 1 1033.46 709.27   Q 992.27 709.19 970.01 709.33   Q 962.09 709.38 959.54 715.36   Q 958.69 717.34 958.72 728.24   Q 958.86 774.04 958.74 797.56   A 0.71 0.71 0.0 0 1 958.03 798.26   Z"/>

<path fill="#333333" d="   M 456.48 842.81   C 472.81 842.78 480.23 857.04 480.25 871.50   C 480.28 885.96 472.92 900.25 456.59 900.28   C 440.27 900.31 432.85 886.05 432.83 871.59   C 432.80 857.13 440.16 842.84 456.48 842.81   Z   M 440.16 871.53   C 440.15 881.61 444.32 894.11 456.51 894.12   C 468.70 894.14 472.89 881.64 472.90 871.56   C 472.91 861.49 468.74 848.98 456.55 848.97   C 444.36 848.96 440.17 861.46 440.16 871.53   Z"/>
<path fill="#333333" d="   M 555.30 869.50   Q 552.32 880.07 545.96 888.90   A 0.46 0.45 -55.1 0 0 546.07 889.54   Q 550.84 892.78 555.34 894.30   A 0.88 0.88 0.0 0 1 555.90 895.40   L 554.56 899.61   A 0.83 0.83 0.0 0 1 553.50 900.14   Q 547.15 897.94 541.88 894.27   A 0.74 0.74 0.0 0 0 540.96 894.32   Q 534.76 899.83 526.78 900.27   C 518.48 900.74 510.54 896.72 508.91 888.13   C 507.27 879.46 512.22 874.12 518.93 869.32   A 0.74 0.73 62.5 0 0 519.19 868.48   Q 518.99 867.91 517.72 864.83   C 513.26 853.99 517.03 841.95 530.75 842.92   C 538.91 843.50 541.52 853.55 538.00 859.68   C 535.40 864.23 531.59 866.93 527.58 869.90   A 0.59 0.59 0.0 0 0 527.44 870.71   Q 533.04 879.17 540.86 885.48   A 0.45 0.44 -53.6 0 0 541.50 885.38   Q 546.64 877.95 548.87 869.54   A 0.41 0.39 7.5 0 1 549.26 869.25   L 555.11 869.25   A 0.20 0.20 0.0 0 1 555.30 869.50   Z   M 524.34 865.37   Q 524.42 865.39 524.47 865.36   C 529.29 862.72 535.28 857.90 533.62 851.81   Q 532.84 848.93 530.14 848.03   Q 527.44 847.12 525.08 848.95   C 520.09 852.83 521.98 860.28 524.25 865.29   Q 524.27 865.35 524.34 865.37   Z   M 536.15 889.69   Q 528.16 882.47 522.69 874.44   A 0.64 0.64 0.0 0 0 521.76 874.31   Q 518.59 876.86 516.96 879.44   C 513.15 885.46 516.65 893.24 523.60 894.44   Q 530.39 895.61 536.13 890.81   A 0.74 0.74 0.0 0 0 536.15 889.69   Z"/>
<path fill="#333333" d="   M 830.35 871.57   C 830.33 857.10 837.69 842.82 854.03 842.80   C 870.36 842.77 877.76 857.04 877.78 871.50   C 877.80 885.97 870.44 900.25 854.11 900.27   C 837.78 900.30 830.37 886.03 830.35 871.57   Z   M 837.67 871.53   C 837.66 881.61 841.84 894.11 854.03 894.12   C 866.22 894.13 870.41 881.63 870.41 871.55   C 870.42 861.48 866.24 848.97 854.05 848.96   C 841.86 848.96 837.67 861.46 837.67 871.53   Z"/>
<path fill="#333333" d="   M 192.95 843.72   Q 194.65 843.72 196.33 843.84   A 0.94 0.93 82.5 0 1 197.16 844.48   L 215.52 899.08   A 0.16 0.15 -10.2 0 1 215.37 899.29   L 208.50 899.29   A 0.40 0.39 -7.7 0 1 208.12 899.01   L 203.18 882.91   A 0.58 0.57 -4.9 0 0 202.70 882.51   Q 202.66 882.51 192.89 882.49   Q 183.13 882.48 183.08 882.48   A 0.58 0.57 5.1 0 0 182.60 882.88   L 177.61 898.96   A 0.40 0.39 7.9 0 1 177.23 899.24   L 170.36 899.22   A 0.16 0.15 10.4 0 1 170.21 899.01   L 188.74 844.47   A 0.94 0.93 -82.3 0 1 189.57 843.83   Q 191.26 843.72 192.95 843.72   Z   M 192.80 876.75   Q 200.04 876.75 200.74 876.70   A 0.33 0.33 0.0 0 0 201.04 876.28   L 193.10 850.06   A 0.34 0.27 6.7 0 0 192.91 849.87   Q 192.85 849.84 192.79 849.84   Q 192.72 849.84 192.66 849.87   A 0.34 0.27 -6.7 0 0 192.47 850.06   L 184.57 876.29   A 0.33 0.33 0.0 0 0 184.87 876.71   Q 185.56 876.76 192.80 876.75   Z"/>
<path fill="#333333" d="   M 263.26 894.19   C 272.29 894.17 276.00 887.00 276.12 878.98   Q 276.28 868.75 276.11 844.14   A 0.43 0.43 0.0 0 1 276.54 843.70   L 282.60 843.70   A 0.42 0.42 0.0 0 1 283.02 844.11   Q 283.09 862.78 283.06 877.99   C 283.03 890.76 277.00 900.25 263.28 900.28   C 249.55 900.31 243.48 890.85 243.39 878.08   Q 243.29 862.88 243.27 844.21   A 0.42 0.42 0.0 0 1 243.69 843.79   L 249.75 843.76   A 0.43 0.43 0.0 0 1 250.18 844.20   Q 250.13 868.81 250.34 879.05   C 250.50 887.07 254.24 894.21 263.26 894.19   Z"/>
<path fill="#333333" d="   M 319.30 844.17   A 0.48 0.48 0.0 0 1 319.78 843.70   L 335.00 843.72   A 24.56 24.46 -89.9 0 1 359.42 868.33   L 359.40 874.79   A 24.56 24.46 -89.9 0 1 334.90 899.30   L 319.68 899.28   A 0.48 0.48 0.0 0 1 319.20 898.79   L 319.30 844.17   Z   M 326.27 850.03   L 326.27 892.99   A 0.56 0.56 0.0 0 0 326.83 893.55   L 333.77 893.55   A 18.68 18.20 -90.0 0 0 351.97 874.87   L 351.97 868.15   A 18.68 18.20 90.0 0 0 333.77 849.47   L 326.83 849.47   A 0.56 0.56 0.0 0 0 326.27 850.03   Z"/>
<rect fill="#333333" x="392.50" y="843.65" width="7.00" height="55.52" rx="0.66"/>
<path fill="#333333" d="   M 600.53 891.78   Q 600.85 891.78 600.92 891.52   Q 607.80 867.79 614.86 843.98   A 0.34 0.34 0.0 0 1 615.19 843.73   L 622.08 843.73   A 0.17 0.17 0.0 0 1 622.24 843.96   L 604.86 898.63   A 0.90 0.88 -86.7 0 1 604.20 899.23   Q 604.05 899.26 600.53 899.26   Q 597.02 899.27 596.86 899.23   A 0.90 0.88 86.6 0 1 596.21 898.64   L 578.72 844.00   A 0.17 0.17 0.0 0 1 578.88 843.77   L 585.77 843.76   A 0.34 0.34 0.0 0 1 586.10 844.01   Q 593.20 867.80 600.13 891.52   Q 600.21 891.78 600.53 891.78   Z"/>
<rect fill="#333333" x="651.00" y="843.74" width="7.00" height="55.52" rx="0.36"/>
<path fill="#333333" d="   M 694.50 844.18   A 0.44 0.44 0.0 0 1 694.94 843.74   L 710.16 843.74   A 24.35 24.30 90.0 0 1 734.46 868.09   L 734.46 874.93   A 24.35 24.30 90.0 0 1 710.16 899.28   L 694.94 899.28   A 0.44 0.44 0.0 0 1 694.50 898.84   L 694.50 844.18   Z   M 701.51 850.02   L 701.51 893.02   A 0.54 0.54 0.0 0 0 702.05 893.56   L 709.08 893.56   A 18.84 18.09 90.0 0 0 727.17 874.72   L 727.17 868.32   A 18.84 18.09 -90.0 0 0 709.08 849.48   L 702.05 849.48   A 0.54 0.54 0.0 0 0 701.51 850.02   Z"/>
<path fill="#333333" d="   M 775.20 867.25   L 795.32 867.25   A 0.44 0.44 0.0 0 1 795.76 867.69   L 795.76 872.83   A 0.44 0.44 0.0 0 1 795.32 873.27   L 775.21 873.27   A 0.44 0.44 0.0 0 0 774.77 873.71   L 774.77 892.81   A 0.44 0.44 0.0 0 0 775.21 893.25   L 800.08 893.25   A 0.44 0.44 0.0 0 1 800.52 893.69   L 800.52 898.82   A 0.44 0.44 0.0 0 1 800.08 899.26   L 768.18 899.26   A 0.44 0.44 0.0 0 1 767.74 898.82   L 767.74 844.19   A 0.44 0.44 0.0 0 1 768.18 843.75   L 799.34 843.75   A 0.44 0.44 0.0 0 1 799.78 844.19   L 799.78 849.31   A 0.44 0.44 0.0 0 1 799.34 849.75   L 775.20 849.75   A 0.44 0.44 0.0 0 0 774.76 850.19   L 774.76 866.81   A 0.44 0.44 0.0 0 0 775.20 867.25   Z"/>








                        </g>
                    </svg>