<svg xmlns="http://www.w3.org/2000/svg" 
                      viewBox="0 0 676.42 700" 
                      width="676.42" 
                      height="700"
                      preserveAspectRatio="none"
                      data-content-extracted="true"
                      data-overflow="horizontal:4,vertical:4"
                      data-original-bounds="-90,-90,582.42,606">
                        <g transform="translate(92, 92)">
                          
    <path  vector-effect="non-scaling-stroke" d="
  M 234.76 474.08
  Q 245.71 471.72 253.04 462.78
  C 262.78 450.89 269.14 433.01 269.61 417.46
  Q 270.21 397.66 265.54 378.03
  A 0.31 0.31 0.0 0 0 264.96 377.97
  C 259.83 389.14 250.96 402.48 239.65 408.13
  A 0.70 0.70 0.0 0 1 238.72 407.83
  Q 229.37 390.17 213.33 377.70
  Q 196.74 364.79 177.62 355.81
  A 0.03 0.03 0.0 0 1 177.63 355.75
  L 194.33 355.75
  A 0.42 0.41 90.0 0 0 194.74 355.33
  L 194.74 348.14
  A 0.41 0.41 0.0 0 0 194.33 347.73
  L 182.35 347.73
  A 0.61 0.61 0.0 0 1 181.74 347.12
  L 181.74 338.05
  A 0.55 0.55 0.0 0 1 182.29 337.50
  L 194.28 337.50
  A 0.44 0.44 0.0 0 0 194.72 337.06
  L 194.72 330.28
  A 0.52 0.52 0.0 0 0 194.20 329.76
  L 182.25 329.76
  A 0.50 0.50 0.0 0 1 181.75 329.26
  L 181.75 323.20
  A 0.44 0.44 0.0 0 1 182.19 322.76
  L 194.33 322.76
  A 0.40 0.39 -90.0 0 0 194.72 322.36
  L 194.72 315.19
  A 0.45 0.45 0.0 0 0 194.27 314.74
  L 175.14 314.74
  A 0.62 0.62 0.0 0 0 174.52 315.36
  L 174.52 355.35
  A 0.13 0.12 20.8 0 0 174.57 355.45
  Q 175.13 355.84 176.86 359.63
  Q 182.41 371.75 184.57 383.00
  C 186.12 391.09 185.92 397.32 184.45 405.24
  C 183.20 411.96 180.20 421.75 179.48 429.20
  Q 178.52 439.28 181.44 451.58
  Q 184.46 464.28 194.11 472.36"
/>
    <path  vector-effect="non-scaling-stroke" d="
  M 231.61 474.12
  Q 221.59 461.05 220.08 444.99
  Q 218.73 430.65 217.91 424.83
  Q 216.00 411.17 209.05 397.28
  Q 197.03 373.26 177.90 357.19
  A 0.01 0.01 0.0 0 0 177.88 357.19
  L 177.58 357.36
  A 0.20 0.20 0.0 0 0 177.55 357.68
  Q 181.29 361.27 184.58 365.69
  Q 198.43 384.34 204.53 406.45
  Q 207.76 418.13 207.45 428.51
  Q 207.02 442.85 207.35 449.69
  Q 207.96 462.23 213.60 474.31"
/>
    <path  vector-effect="non-scaling-stroke" d="
  M 437.34 236.20
  L 431.45 236.21
  A 1.30 1.28 78.7 0 1 430.24 235.39
  Q 419.64 208.34 425.60 179.28
  C 427.78 168.67 431.69 152.67 433.64 138.86
  Q 435.03 129.00 435.02 123.50
  C 434.94 83.77 423.33 41.44 400.80 8.14
  A 0.08 0.06 53.3 0 0 400.70 8.11
  Q 400.67 8.13 400.64 8.14
  A 0.18 0.09 70.6 0 0 400.61 8.36
  Q 422.57 56.29 419.93 109.31
  C 419.29 122.17 416.76 133.78 412.86 145.40
  Q 408.01 159.85 403.30 175.34
  Q 395.22 201.88 399.60 228.53"
/>
    <path  vector-effect="non-scaling-stroke" d="
  M 100.72 330.20
  A 0.45 0.45 0.0 0 0 100.27 329.75
  L 89.97 329.75
  A 0.45 0.45 0.0 0 1 89.52 329.30
  L 89.52 322.93
  A 0.45 0.45 0.0 0 1 89.97 322.48
  L 100.26 322.48
  A 0.45 0.45 0.0 0 0 100.71 322.03
  L 100.71 315.21
  A 0.45 0.45 0.0 0 0 100.26 314.76
  L 82.71 314.76
  A 0.45 0.45 0.0 0 0 82.26 315.21
  L 82.26 355.29
  A 0.45 0.45 0.0 0 0 82.71 355.74
  L 89.05 355.74
  A 0.45 0.45 0.0 0 0 89.50 355.29
  L 89.50 337.94
  A 0.45 0.45 0.0 0 1 89.95 337.49
  L 100.27 337.49
  A 0.45 0.45 0.0 0 0 100.72 337.04
  L 100.72 330.20"
/>
    <path  vector-effect="non-scaling-stroke" d="
  M 122.26 338.78
  A 0.27 0.27 0.0 0 1 122.78 338.66
  L 130.88 355.52
  A 0.40 0.40 0.0 0 0 131.24 355.74
  L 138.72 355.74
  A 0.15 0.15 0.0 0 0 138.86 355.53
  L 130.52 338.19
  A 0.64 0.64 0.0 0 1 130.84 337.33
  Q 137.38 334.44 137.02 326.03
  C 136.70 318.58 132.83 315.25 125.41 314.89
  Q 119.33 314.59 115.89 314.74
  A 0.67 0.67 0.0 0 0 115.25 315.41
  L 115.25 355.35
  A 0.41 0.40 0.0 0 0 115.66 355.75
  L 121.88 355.75
  A 0.38 0.38 0.0 0 0 122.26 355.37
  L 122.26 338.78"
/>
    <path  vector-effect="non-scaling-stroke" d="
  M 158.74 315.14
  A 0.40 0.40 0.0 0 0 158.34 314.74
  L 152.14 314.74
  A 0.40 0.40 0.0 0 0 151.74 315.14
  L 151.74 355.36
  A 0.40 0.40 0.0 0 0 152.14 355.76
  L 158.34 355.76
  A 0.40 0.40 0.0 0 0 158.74 355.36
  L 158.74 315.14"
/>
    <path  vector-effect="non-scaling-stroke" d="
  M 220.68 337.09
  Q 231.36 355.33 231.45 355.46
  A 0.59 0.58 -13.4 0 0 231.97 355.78
  L 237.87 355.81
  A 0.61 0.61 0.0 0 0 238.49 355.20
  L 238.49 315.16
  A 0.39 0.38 -90.0 0 0 238.11 314.77
  L 231.60 314.77
  A 0.36 0.36 0.0 0 0 231.24 315.13
  L 231.24 340.28
  A 0.19 0.19 0.0 0 1 230.89 340.37
  Q 229.76 338.51 226.81 333.47
  Q 216.13 315.24 216.04 315.10
  A 0.59 0.58 -13.4 0 0 215.52 314.78
  L 209.62 314.75
  A 0.61 0.61 0.0 0 0 209.00 315.36
  L 209.00 355.40
  A 0.39 0.38 90.0 0 0 209.38 355.79
  L 215.89 355.79
  A 0.36 0.36 0.0 0 0 216.25 355.43
  L 216.25 330.28
  A 0.19 0.19 0.0 0 1 216.59 330.19
  Q 217.72 332.06 220.68 337.09"
/>
    <path  vector-effect="non-scaling-stroke" d="
  M 254.54 315.25
  L 254.46 355.47
  A 0.39 0.39 0.0 0 0 254.85 355.87
  L 266.81 355.89
  A 18.07 16.83 -89.9 0 0 283.68 337.85
  L 283.68 332.99
  A 18.07 16.83 -89.9 0 0 266.89 314.89
  L 254.93 314.87
  A 0.39 0.39 0.0 0 0 254.54 315.25"
/>
    <path  vector-effect="non-scaling-stroke" d="
  M 315.07 355.75
  A 0.43 0.43 0.0 0 0 315.50 355.32
  L 315.50 348.43
  A 0.43 0.43 0.0 0 0 315.07 348.00
  L 305.94 348.00
  A 0.43 0.43 0.0 0 1 305.51 347.57
  L 305.51 315.16
  A 0.43 0.43 0.0 0 0 305.08 314.73
  L 298.68 314.73
  A 0.43 0.43 0.0 0 0 298.25 315.16
  L 298.25 355.32
  A 0.43 0.43 0.0 0 0 298.68 355.75
  L 315.07 355.75"
/>
    <path  vector-effect="non-scaling-stroke" d="
  M 340.37 355.75
  Q 343.06 355.75 343.43 355.69
  A 0.70 0.70 0.0 0 0 344.01 355.01
  L 344.02 339.05
  A 4.07 3.98 58.0 0 1 344.39 337.36
  L 354.86 314.95
  A 0.14 0.14 0.0 0 0 354.73 314.75
  L 347.45 314.75
  A 0.40 0.40 0.0 0 0 347.09 314.98
  Q 344.11 321.13 341.14 327.68
  Q 340.69 328.68 340.41 328.68
  Q 340.14 328.68 339.69 327.68
  Q 336.74 321.12 333.78 314.96
  A 0.40 0.40 0.0 0 0 333.42 314.73
  L 326.14 314.71
  A 0.14 0.14 0.0 0 0 326.01 314.91
  L 336.41 337.35
  A 4.07 3.98 -57.8 0 1 336.78 339.04
  L 336.74 355.00
  A 0.70 0.70 0.0 0 0 337.32 355.68
  Q 337.69 355.74 340.37 355.75"
/>
    <path  vector-effect="non-scaling-stroke" d="
  M 122.31 322.94
  L 122.21 330.36
  A 0.35 0.35 0.0 0 0 122.55 330.71
  L 125.58 330.75
  A 4.38 3.75 0.8 0 0 130.02 327.06
  L 130.02 326.44
  A 4.38 3.75 0.8 0 0 125.70 322.63
  L 122.67 322.59
  A 0.35 0.35 0.0 0 0 122.31 322.94"
/>
    <path  vector-effect="non-scaling-stroke" d="
  M 261.75 323.08
  L 261.75 347.70
  A 0.43 0.43 0.0 0 0 262.18 348.13
  L 265.95 348.13
  A 10.87 10.52 -90.0 0 0 276.47 337.26
  L 276.47 333.52
  A 10.87 10.52 90.0 0 0 265.95 322.65
  L 262.18 322.65
  A 0.43 0.43 0.0 0 0 261.75 323.08"
/>
    <path fill="#98ac23" d="
  M 437.34 236.20
  L 431.45 236.21
  A 1.30 1.28 78.7 0 1 430.24 235.39
  Q 419.64 208.34 425.60 179.28
  C 427.78 168.67 431.69 152.67 433.64 138.86
  Q 435.03 129.00 435.02 123.50
  C 434.94 83.77 423.33 41.44 400.80 8.14
  A 0.08 0.06 53.3 0 0 400.70 8.11
  Q 400.67 8.13 400.64 8.14
  A 0.18 0.09 70.6 0 0 400.61 8.36
  Q 422.57 56.29 419.93 109.31
  C 419.29 122.17 416.76 133.78 412.86 145.40
  Q 408.01 159.85 403.30 175.34
  Q 395.22 201.88 399.60 228.53
  L 400.84 234.88
  A 0.29 0.28 5.2 0 1 400.45 235.20
  C 381.80 227.81 366.36 214.17 360.16 194.66
  Q 356.23 182.32 358.05 164.11
  Q 360.02 144.54 367.67 127.88
  Q 370.61 121.47 377.54 110.21
  Q 382.76 101.71 387.74 92.74
  Q 397.84 74.57 399.70 54.25
  Q 402.05 28.66 397.71 4.72
  Q 397.68 4.60 397.48 4.12
  A 0.44 0.44 0.0 0 1 398.17 3.62
  Q 414.85 18.69 428.80 35.09
  Q 445.73 55.00 454.97 70.33
  Q 468.78 93.21 475.09 120.13
  Q 476.70 127.01 476.83 127.54
  A 0.57 0.57 0.0 0 0 477.47 127.97
  C 500.99 123.98 520.49 107.32 536.70 90.64
  A 0.32 0.32 0.0 0 1 537.24 90.89
  Q 534.86 119.59 526.90 147.61
  Q 519.42 173.88 502.90 195.65
  C 494.02 207.35 483.92 217.60 471.79 225.54
  C 461.11 232.53 449.98 235.13 437.34 236.20
  Z"
/>
    <path fill="#6a8426" d="
  M 437.34 236.20
  C 468.39 336.23 426.70 443.53 336.62 496.36
  C 260.56 540.96 165.05 536.50 93.29 484.97
  Q 53.99 456.75 29.41 414.33
  Q 3.01 368.77 0.00 314.07
  L 0.00 292.13
  Q 4.70 214.01 55.13 155.89
  C 93.35 111.85 148.60 84.22 206.96 79.89
  Q 242.24 77.27 278.10 85.82
  Q 288.26 88.25 291.51 91.41
  Q 297.68 97.41 296.34 106.54
  C 295.31 113.48 288.64 119.43 281.40 119.82
  Q 279.15 119.94 272.77 118.33
  Q 213.96 103.43 158.48 123.51
  C 72.24 154.72 19.98 244.06 35.21 334.66
  C 51.93 434.17 143.32 503.46 243.64 493.20
  Q 287.75 488.69 326.47 464.08
  C 404.66 414.37 436.25 314.63 399.60 228.53
  Q 395.22 201.88 403.30 175.34
  Q 408.01 159.85 412.86 145.40
  C 416.76 133.78 419.29 122.17 419.93 109.31
  Q 422.57 56.29 400.61 8.36
  A 0.18 0.09 70.6 0 1 400.64 8.14
  Q 400.67 8.13 400.70 8.11
  A 0.08 0.06 53.3 0 1 400.80 8.14
  C 423.33 41.44 434.94 83.77 435.02 123.50
  Q 435.03 129.00 433.64 138.86
  C 431.69 152.67 427.78 168.67 425.60 179.28
  Q 419.64 208.34 430.24 235.39
  A 1.30 1.28 78.7 0 0 431.45 236.21
  L 437.34 236.20
  Z"
/>
    <path fill="#bed48d" d="
  M 242.38 214.92
  L 231.44 225.86
  A 0.61 0.61 0.0 0 1 230.56 225.84
  Q 224.10 218.77 215.52 215.48
  C 192.71 206.73 170.52 224.76 174.44 248.86
  C 176.99 264.47 190.12 274.05 205.66 273.43
  C 216.38 273.00 222.73 268.04 230.43 261.12
  A 0.53 0.52 46.2 0 1 231.16 261.14
  L 242.40 272.39
  A 0.36 0.35 -45.6 0 1 242.40 272.90
  C 235.36 279.90 226.82 286.19 217.15 288.38
  C 202.90 291.61 187.02 289.89 175.03 281.06
  C 162.61 271.92 157.08 258.79 156.96 243.20
  C 156.87 230.89 160.87 219.59 169.47 210.95
  C 189.77 190.56 223.60 192.61 242.40 214.15
  A 0.57 0.56 46.9 0 1 242.38 214.92
  Z"
/>
    <path fill="#bed48d" d="
  M 315.2570 196.7873
  A 46.69 46.20 -93.7 0 1 364.3737 240.3986
  A 46.69 46.20 -93.7 0 1 321.2830 289.9727
  A 46.69 46.20 -93.7 0 1 272.1663 246.3614
  A 46.69 46.20 -93.7 0 1 315.2570 196.7873
  Z
  M 317.1307 213.4201
  A 30.00 29.05 -92.1 0 0 289.1995 244.4645
  A 30.00 29.05 -92.1 0 0 319.3293 273.3799
  A 30.00 29.05 -92.1 0 0 347.2605 242.3355
  A 30.00 29.05 -92.1 0 0 317.1307 213.4201
  Z"
/>
    <path fill="#bed48d" d="
  M 126.50 199.35
  L 126.50 215.40
  A 0.35 0.35 0.0 0 1 126.15 215.75
  L 95.35 215.75
  A 0.35 0.35 0.0 0 0 95.00 216.10
  L 95.00 231.15
  A 0.35 0.35 0.0 0 0 95.35 231.50
  L 126.15 231.50
  A 0.35 0.35 0.0 0 1 126.50 231.85
  L 126.50 247.41
  A 0.35 0.35 0.0 0 1 126.15 247.76
  L 95.35 247.76
  A 0.35 0.35 0.0 0 0 95.00 248.11
  L 95.00 270.41
  A 0.35 0.35 0.0 0 0 95.35 270.76
  L 126.15 270.76
  A 0.35 0.35 0.0 0 1 126.50 271.11
  L 126.50 287.40
  A 0.35 0.35 0.0 0 1 126.15 287.75
  L 78.35 287.75
  A 0.35 0.35 0.0 0 1 78.00 287.40
  L 78.00 199.35
  A 0.35 0.35 0.0 0 1 78.35 199.00
  L 126.15 199.00
  A 0.35 0.35 0.0 0 1 126.50 199.35
  Z"
/>
    <path fill="#9eba30" d="
  M 234.76 474.08
  Q 245.71 471.72 253.04 462.78
  C 262.78 450.89 269.14 433.01 269.61 417.46
  Q 270.21 397.66 265.54 378.03
  A 0.31 0.31 0.0 0 0 264.96 377.97
  C 259.83 389.14 250.96 402.48 239.65 408.13
  A 0.70 0.70 0.0 0 1 238.72 407.83
  Q 229.37 390.17 213.33 377.70
  Q 196.74 364.79 177.62 355.81
  A 0.03 0.03 0.0 0 1 177.63 355.75
  L 194.33 355.75
  A 0.42 0.41 90.0 0 0 194.74 355.33
  L 194.74 348.14
  A 0.41 0.41 0.0 0 0 194.33 347.73
  L 182.35 347.73
  A 0.61 0.61 0.0 0 1 181.74 347.12
  L 181.74 338.05
  A 0.55 0.55 0.0 0 1 182.29 337.50
  L 194.28 337.50
  A 0.44 0.44 0.0 0 0 194.72 337.06
  L 194.72 330.28
  A 0.52 0.52 0.0 0 0 194.20 329.76
  L 182.25 329.76
  A 0.50 0.50 0.0 0 1 181.75 329.26
  L 181.75 323.20
  A 0.44 0.44 0.0 0 1 182.19 322.76
  L 194.33 322.76
  A 0.40 0.39 -90.0 0 0 194.72 322.36
  L 194.72 315.19
  A 0.45 0.45 0.0 0 0 194.27 314.74
  L 175.14 314.74
  A 0.62 0.62 0.0 0 0 174.52 315.36
  L 174.52 355.35
  A 0.13 0.12 20.8 0 0 174.57 355.45
  Q 175.13 355.84 176.86 359.63
  Q 182.41 371.75 184.57 383.00
  C 186.12 391.09 185.92 397.32 184.45 405.24
  C 183.20 411.96 180.20 421.75 179.48 429.20
  Q 178.52 439.28 181.44 451.58
  Q 184.46 464.28 194.11 472.36
  C 120.57 460.31 63.67 402.91 52.12 329.73
  Q 50.01 316.34 50.07 303.55
  A 0.55 0.55 0.0 0 1 50.62 303.00
  L 392.37 303.00
  A 0.54 0.54 0.0 0 1 392.91 303.54
  Q 392.66 341.32 377.17 374.92
  C 352.67 428.08 302.93 464.79 244.76 472.98
  Q 239.49 473.72 234.76 474.08
  Z
  M 100.72 330.20
  A 0.45 0.45 0.0 0 0 100.27 329.75
  L 89.97 329.75
  A 0.45 0.45 0.0 0 1 89.52 329.30
  L 89.52 322.93
  A 0.45 0.45 0.0 0 1 89.97 322.48
  L 100.26 322.48
  A 0.45 0.45 0.0 0 0 100.71 322.03
  L 100.71 315.21
  A 0.45 0.45 0.0 0 0 100.26 314.76
  L 82.71 314.76
  A 0.45 0.45 0.0 0 0 82.26 315.21
  L 82.26 355.29
  A 0.45 0.45 0.0 0 0 82.71 355.74
  L 89.05 355.74
  A 0.45 0.45 0.0 0 0 89.50 355.29
  L 89.50 337.94
  A 0.45 0.45 0.0 0 1 89.95 337.49
  L 100.27 337.49
  A 0.45 0.45 0.0 0 0 100.72 337.04
  L 100.72 330.20
  Z
  M 122.26 338.78
  A 0.27 0.27 0.0 0 1 122.78 338.66
  L 130.88 355.52
  A 0.40 0.40 0.0 0 0 131.24 355.74
  L 138.72 355.74
  A 0.15 0.15 0.0 0 0 138.86 355.53
  L 130.52 338.19
  A 0.64 0.64 0.0 0 1 130.84 337.33
  Q 137.38 334.44 137.02 326.03
  C 136.70 318.58 132.83 315.25 125.41 314.89
  Q 119.33 314.59 115.89 314.74
  A 0.67 0.67 0.0 0 0 115.25 315.41
  L 115.25 355.35
  A 0.41 0.40 0.0 0 0 115.66 355.75
  L 121.88 355.75
  A 0.38 0.38 0.0 0 0 122.26 355.37
  L 122.26 338.78
  Z
  M 158.74 315.14
  A 0.40 0.40 0.0 0 0 158.34 314.74
  L 152.14 314.74
  A 0.40 0.40 0.0 0 0 151.74 315.14
  L 151.74 355.36
  A 0.40 0.40 0.0 0 0 152.14 355.76
  L 158.34 355.76
  A 0.40 0.40 0.0 0 0 158.74 355.36
  L 158.74 315.14
  Z
  M 220.68 337.09
  Q 231.36 355.33 231.45 355.46
  A 0.59 0.58 -13.4 0 0 231.97 355.78
  L 237.87 355.81
  A 0.61 0.61 0.0 0 0 238.49 355.20
  L 238.49 315.16
  A 0.39 0.38 -90.0 0 0 238.11 314.77
  L 231.60 314.77
  A 0.36 0.36 0.0 0 0 231.24 315.13
  L 231.24 340.28
  A 0.19 0.19 0.0 0 1 230.89 340.37
  Q 229.76 338.51 226.81 333.47
  Q 216.13 315.24 216.04 315.10
  A 0.59 0.58 -13.4 0 0 215.52 314.78
  L 209.62 314.75
  A 0.61 0.61 0.0 0 0 209.00 315.36
  L 209.00 355.40
  A 0.39 0.38 90.0 0 0 209.38 355.79
  L 215.89 355.79
  A 0.36 0.36 0.0 0 0 216.25 355.43
  L 216.25 330.28
  A 0.19 0.19 0.0 0 1 216.59 330.19
  Q 217.72 332.06 220.68 337.09
  Z
  M 254.54 315.25
  L 254.46 355.47
  A 0.39 0.39 0.0 0 0 254.85 355.87
  L 266.81 355.89
  A 18.07 16.83 -89.9 0 0 283.68 337.85
  L 283.68 332.99
  A 18.07 16.83 -89.9 0 0 266.89 314.89
  L 254.93 314.87
  A 0.39 0.39 0.0 0 0 254.54 315.25
  Z
  M 315.07 355.75
  A 0.43 0.43 0.0 0 0 315.50 355.32
  L 315.50 348.43
  A 0.43 0.43 0.0 0 0 315.07 348.00
  L 305.94 348.00
  A 0.43 0.43 0.0 0 1 305.51 347.57
  L 305.51 315.16
  A 0.43 0.43 0.0 0 0 305.08 314.73
  L 298.68 314.73
  A 0.43 0.43 0.0 0 0 298.25 315.16
  L 298.25 355.32
  A 0.43 0.43 0.0 0 0 298.68 355.75
  L 315.07 355.75
  Z
  M 340.37 355.75
  Q 343.06 355.75 343.43 355.69
  A 0.70 0.70 0.0 0 0 344.01 355.01
  L 344.02 339.05
  A 4.07 3.98 58.0 0 1 344.39 337.36
  L 354.86 314.95
  A 0.14 0.14 0.0 0 0 354.73 314.75
  L 347.45 314.75
  A 0.40 0.40 0.0 0 0 347.09 314.98
  Q 344.11 321.13 341.14 327.68
  Q 340.69 328.68 340.41 328.68
  Q 340.14 328.68 339.69 327.68
  Q 336.74 321.12 333.78 314.96
  A 0.40 0.40 0.0 0 0 333.42 314.73
  L 326.14 314.71
  A 0.14 0.14 0.0 0 0 326.01 314.91
  L 336.41 337.35
  A 4.07 3.98 -57.8 0 1 336.78 339.04
  L 336.74 355.00
  A 0.70 0.70 0.0 0 0 337.32 355.68
  Q 337.69 355.74 340.37 355.75
  Z"
/>
    <path fill="#42561a" d="
  M 100.72 330.20
  L 100.72 337.04
  A 0.45 0.45 0.0 0 1 100.27 337.49
  L 89.95 337.49
  A 0.45 0.45 0.0 0 0 89.50 337.94
  L 89.50 355.29
  A 0.45 0.45 0.0 0 1 89.05 355.74
  L 82.71 355.74
  A 0.45 0.45 0.0 0 1 82.26 355.29
  L 82.26 315.21
  A 0.45 0.45 0.0 0 1 82.71 314.76
  L 100.26 314.76
  A 0.45 0.45 0.0 0 1 100.71 315.21
  L 100.71 322.03
  A 0.45 0.45 0.0 0 1 100.26 322.48
  L 89.97 322.48
  A 0.45 0.45 0.0 0 0 89.52 322.93
  L 89.52 329.30
  A 0.45 0.45 0.0 0 0 89.97 329.75
  L 100.27 329.75
  A 0.45 0.45 0.0 0 1 100.72 330.20
  Z"
/>
    <path fill="#42561a" d="
  M 122.26 338.78
  L 122.26 355.37
  A 0.38 0.38 0.0 0 1 121.88 355.75
  L 115.66 355.75
  A 0.41 0.40 0.0 0 1 115.25 355.35
  L 115.25 315.41
  A 0.67 0.67 0.0 0 1 115.89 314.74
  Q 119.33 314.59 125.41 314.89
  C 132.83 315.25 136.70 318.58 137.02 326.03
  Q 137.38 334.44 130.84 337.33
  A 0.64 0.64 0.0 0 0 130.52 338.19
  L 138.86 355.53
  A 0.15 0.15 0.0 0 1 138.72 355.74
  L 131.24 355.74
  A 0.40 0.40 0.0 0 1 130.88 355.52
  L 122.78 338.66
  A 0.27 0.27 0.0 0 0 122.26 338.78
  Z
  M 122.31 322.94
  L 122.21 330.36
  A 0.35 0.35 0.0 0 0 122.55 330.71
  L 125.58 330.75
  A 4.38 3.75 0.8 0 0 130.02 327.06
  L 130.02 326.44
  A 4.38 3.75 0.8 0 0 125.70 322.63
  L 122.67 322.59
  A 0.35 0.35 0.0 0 0 122.31 322.94
  Z"
/>
    <path fill="#42561a" d="
  M 234.76 474.08
  Q 232.73 473.84 231.61 474.12
  Q 221.59 461.05 220.08 444.99
  Q 218.73 430.65 217.91 424.83
  Q 216.00 411.17 209.05 397.28
  Q 197.03 373.26 177.90 357.19
  A 0.01 0.01 0.0 0 0 177.88 357.19
  L 177.58 357.36
  A 0.20 0.20 0.0 0 0 177.55 357.68
  Q 181.29 361.27 184.58 365.69
  Q 198.43 384.34 204.53 406.45
  Q 207.76 418.13 207.45 428.51
  Q 207.02 442.85 207.35 449.69
  Q 207.96 462.23 213.60 474.31
  Q 203.65 474.08 194.11 472.36
  Q 184.46 464.28 181.44 451.58
  Q 178.52 439.28 179.48 429.20
  C 180.20 421.75 183.20 411.96 184.45 405.24
  C 185.92 397.32 186.12 391.09 184.57 383.00
  Q 182.41 371.75 176.86 359.63
  Q 175.13 355.84 174.57 355.45
  A 0.13 0.12 20.8 0 1 174.52 355.35
  L 174.52 315.36
  A 0.62 0.62 0.0 0 1 175.14 314.74
  L 194.27 314.74
  A 0.45 0.45 0.0 0 1 194.72 315.19
  L 194.72 322.36
  A 0.40 0.39 -90.0 0 1 194.33 322.76
  L 182.19 322.76
  A 0.44 0.44 0.0 0 0 181.75 323.20
  L 181.75 329.26
  A 0.50 0.50 0.0 0 0 182.25 329.76
  L 194.20 329.76
  A 0.52 0.52 0.0 0 1 194.72 330.28
  L 194.72 337.06
  A 0.44 0.44 0.0 0 1 194.28 337.50
  L 182.29 337.50
  A 0.55 0.55 0.0 0 0 181.74 338.05
  L 181.74 347.12
  A 0.61 0.61 0.0 0 0 182.35 347.73
  L 194.33 347.73
  A 0.41 0.41 0.0 0 1 194.74 348.14
  L 194.74 355.33
  A 0.42 0.41 -90.0 0 1 194.33 355.75
  L 177.63 355.75
  A 0.03 0.03 0.0 0 0 177.62 355.81
  Q 196.74 364.79 213.33 377.70
  Q 229.37 390.17 238.72 407.83
  A 0.70 0.70 0.0 0 0 239.65 408.13
  C 250.96 402.48 259.83 389.14 264.96 377.97
  A 0.31 0.31 0.0 0 1 265.54 378.03
  Q 270.21 397.66 269.61 417.46
  C 269.14 433.01 262.78 450.89 253.04 462.78
  Q 245.71 471.72 234.76 474.08
  Z"
/>
    <path fill="#42561a" d="
  M 220.68 337.09
  Q 217.72 332.06 216.59 330.19
  A 0.19 0.19 0.0 0 0 216.25 330.28
  L 216.25 355.43
  A 0.36 0.36 0.0 0 1 215.89 355.79
  L 209.38 355.79
  A 0.39 0.38 90.0 0 1 209.00 355.40
  L 209.00 315.36
  A 0.61 0.61 0.0 0 1 209.62 314.75
  L 215.52 314.78
  A 0.59 0.58 -13.4 0 1 216.04 315.10
  Q 216.13 315.24 226.81 333.47
  Q 229.76 338.51 230.89 340.37
  A 0.19 0.19 0.0 0 0 231.24 340.28
  L 231.24 315.13
  A 0.36 0.36 0.0 0 1 231.60 314.77
  L 238.11 314.77
  A 0.39 0.38 -90.0 0 1 238.49 315.16
  L 238.49 355.20
  A 0.61 0.61 0.0 0 1 237.87 355.81
  L 231.97 355.78
  A 0.59 0.58 -13.4 0 1 231.45 355.46
  Q 231.36 355.33 220.68 337.09
  Z"
/>
    <path fill="#42561a" d="
  M 254.54 315.25
  A 0.39 0.39 0.0 0 1 254.93 314.87
  L 266.89 314.89
  A 18.07 16.83 -89.9 0 1 283.68 332.99
  L 283.68 337.85
  A 18.07 16.83 -89.9 0 1 266.81 355.89
  L 254.85 355.87
  A 0.39 0.39 0.0 0 1 254.46 355.47
  L 254.54 315.25
  Z
  M 261.75 323.08
  L 261.75 347.70
  A 0.43 0.43 0.0 0 0 262.18 348.13
  L 265.95 348.13
  A 10.87 10.52 -90.0 0 0 276.47 337.26
  L 276.47 333.52
  A 10.87 10.52 90.0 0 0 265.95 322.65
  L 262.18 322.65
  A 0.43 0.43 0.0 0 0 261.75 323.08
  Z"
/>
    <path fill="#42561a" d="
  M 315.07 355.75
  L 298.68 355.75
  A 0.43 0.43 0.0 0 1 298.25 355.32
  L 298.25 315.16
  A 0.43 0.43 0.0 0 1 298.68 314.73
  L 305.08 314.73
  A 0.43 0.43 0.0 0 1 305.51 315.16
  L 305.51 347.57
  A 0.43 0.43 0.0 0 0 305.94 348.00
  L 315.07 348.00
  A 0.43 0.43 0.0 0 1 315.50 348.43
  L 315.50 355.32
  A 0.43 0.43 0.0 0 1 315.07 355.75
  Z"
/>
    <path fill="#42561a" d="
  M 340.41 328.68
  Q 340.69 328.68 341.14 327.68
  Q 344.11 321.13 347.09 314.98
  A 0.40 0.40 0.0 0 1 347.45 314.75
  L 354.73 314.75
  A 0.14 0.14 0.0 0 1 354.86 314.95
  L 344.39 337.36
  A 4.07 3.98 58.0 0 0 344.02 339.05
  L 344.01 355.01
  A 0.70 0.70 0.0 0 1 343.43 355.69
  Q 343.06 355.75 340.37 355.75
  Q 337.69 355.74 337.32 355.68
  A 0.70 0.70 0.0 0 1 336.74 355.00
  L 336.78 339.04
  A 4.07 3.98 -57.8 0 0 336.41 337.35
  L 326.01 314.91
  A 0.14 0.14 0.0 0 1 326.14 314.71
  L 333.42 314.73
  A 0.40 0.40 0.0 0 1 333.78 314.96
  Q 336.74 321.12 339.69 327.68
  Q 340.14 328.68 340.41 328.68
  Z"
/>
    <path fill="#9eba30" d="
  M 122.31 322.94
  A 0.35 0.35 0.0 0 1 122.67 322.59
  L 125.70 322.63
  A 4.38 3.75 0.8 0 1 130.02 326.44
  L 130.02 327.06
  A 4.38 3.75 0.8 0 1 125.58 330.75
  L 122.55 330.71
  A 0.35 0.35 0.0 0 1 122.21 330.36
  L 122.31 322.94
  Z"
/>
    <path fill="#9eba30" d="
  M 261.75 323.08
  A 0.43 0.43 0.0 0 1 262.18 322.65
  L 265.95 322.65
  A 10.87 10.52 -90.0 0 1 276.47 333.52
  L 276.47 337.26
  A 10.87 10.52 -90.0 0 1 265.95 348.13
  L 262.18 348.13
  A 0.43 0.43 0.0 0 1 261.75 347.70
  L 261.75 323.08
  Z"
/>
    <path fill="#9eba30" d="
  M 231.61 474.12
  L 213.60 474.31
  Q 207.96 462.23 207.35 449.69
  Q 207.02 442.85 207.45 428.51
  Q 207.76 418.13 204.53 406.45
  Q 198.43 384.34 184.58 365.69
  Q 181.29 361.27 177.55 357.68
  A 0.20 0.20 0.0 0 1 177.58 357.36
  L 177.88 357.19
  A 0.01 0.01 0.0 0 1 177.90 357.19
  Q 197.03 373.26 209.05 397.28
  Q 216.00 411.17 217.91 424.83
  Q 218.73 430.65 220.08 444.99
  Q 221.59 461.05 231.61 474.12
  Z"
/>
    <path fill="#ffffff" d="
  M 78.32 606.00
  L 75.97 606.00
  Q 55.73 603.32 55.80 582.21
  C 55.84 571.41 61.91 561.32 73.00 559.34
  C 92.11 555.92 103.19 572.31 98.35 589.68
  Q 94.07 605.04 78.32 606.00
  Z
  M 77.5300 567.1500
  A 15.27 10.95 -90.0 0 0 66.5800 582.4200
  A 15.27 10.95 -90.0 0 0 77.5300 597.6900
  A 15.27 10.95 -90.0 0 0 88.4800 582.4200
  A 15.27 10.95 -90.0 0 0 77.5300 567.1500
  Z"
/>
    <path fill="#ffffff" d="
  M 115.62 605.25
  L 106.36 605.25
  A 0.36 0.36 0.0 0 1 106.00 604.89
  L 106.00 560.63
  A 0.49 0.48 -4.1 0 1 106.42 560.15
  Q 112.25 559.36 119.74 559.27
  C 127.72 559.18 137.11 560.85 138.40 570.27
  Q 139.41 577.68 133.73 581.99
  Q 132.63 582.82 131.60 583.42
  A 0.41 0.41 0.0 0 0 131.56 584.11
  Q 135.30 586.77 136.55 591.96
  Q 137.06 594.10 140.08 604.59
  A 0.52 0.52 0.0 0 1 139.58 605.25
  L 130.12 605.25
  A 0.95 0.95 0.0 0 1 129.23 604.63
  Q 128.54 602.80 125.82 592.45
  C 124.56 587.70 121.17 587.18 116.82 587.27
  A 0.59 0.59 0.0 0 0 116.24 587.86
  L 116.24 604.62
  A 0.63 0.62 -90.0 0 1 115.62 605.25
  Z
  M 116.23 567.77
  L 116.27 579.13
  A 0.57 0.57 0.0 0 0 116.84 579.70
  L 121.15 579.68
  A 7.10 6.16 -0.2 0 0 128.23 573.50
  L 128.23 573.32
  A 7.10 6.16 -0.2 0 0 121.11 567.18
  L 116.80 567.20
  A 0.57 0.57 0.0 0 0 116.23 567.77
  Z"
/>
    <path fill="#ffffff" d="
  M 298.87 605.25
  L 289.59 605.25
  A 0.59 0.58 0.0 0 1 289.00 604.67
  L 289.00 560.88
  A 0.74 0.73 86.0 0 1 289.63 560.15
  Q 301.34 558.58 309.81 559.87
  C 316.62 560.91 321.48 565.69 321.79 572.89
  C 322.36 586.45 311.08 589.53 300.03 589.14
  A 0.52 0.52 0.0 0 0 299.49 589.66
  L 299.49 604.62
  A 0.63 0.62 -90.0 0 1 298.87 605.25
  Z
  M 299.42 568.13
  L 299.56 580.15
  A 0.84 0.84 0.0 0 0 300.41 580.98
  L 304.10 580.94
  A 7.49 6.66 -0.7 0 0 311.51 574.19
  L 311.51 573.81
  A 7.49 6.66 -0.7 0 0 303.94 567.24
  L 300.25 567.28
  A 0.84 0.84 0.0 0 0 299.42 568.13
  Z"
/>
    <path fill="#ffffff" d="
  M 33.00 568.63
  L 33.00 578.12
  A 0.38 0.38 0.0 0 0 33.38 578.50
  L 48.87 578.50
  A 0.38 0.38 0.0 0 1 49.25 578.88
  L 49.25 586.62
  A 0.38 0.38 0.0 0 1 48.87 587.00
  L 33.38 587.00
  A 0.38 0.38 0.0 0 0 33.00 587.38
  L 33.00 604.87
  A 0.38 0.38 0.0 0 1 32.62 605.25
  L 22.63 605.25
  A 0.38 0.38 0.0 0 1 22.25 604.87
  L 22.25 560.13
  A 0.38 0.38 0.0 0 1 22.63 559.75
  L 49.86 559.75
  A 0.38 0.38 0.0 0 1 50.24 560.13
  L 50.24 567.87
  A 0.38 0.38 0.0 0 1 49.86 568.25
  L 33.38 568.25
  A 0.38 0.38 0.0 0 0 33.00 568.63
  Z"
/>
    <path fill="#ffffff" d="
  M 170.69 559.74
  Q 181.95 559.76 187.75 559.78
  A 0.44 0.43 89.9 0 1 188.19 560.22
  L 188.19 568.09
  A 0.43 0.43 0.0 0 1 187.76 568.52
  L 176.58 568.52
  A 0.59 0.59 0.0 0 0 175.99 569.11
  L 175.93 604.59
  A 0.67 0.67 0.0 0 1 175.43 605.24
  Q 175.29 605.27 170.60 605.26
  Q 165.92 605.25 165.78 605.22
  A 0.67 0.67 0.0 0 1 165.28 604.57
  L 165.36 569.09
  A 0.59 0.59 0.0 0 0 164.77 568.50
  L 153.59 568.45
  A 0.43 0.43 0.0 0 1 153.16 568.02
  L 153.20 560.15
  A 0.44 0.43 -89.6 0 1 153.63 559.71
  Q 159.44 559.71 170.69 559.74
  Z"
/>
    <path fill="#ffffff" d="
  M 212.25 577.00
  Q 219.46 577.00 219.85 576.99
  A 0.67 0.66 89.5 0 0 220.50 576.32
  L 220.50 560.38
  A 0.63 0.63 0.0 0 1 221.13 559.75
  L 230.39 559.75
  A 0.61 0.61 0.0 0 1 231.00 560.36
  L 231.00 604.64
  A 0.61 0.61 0.0 0 1 230.39 605.25
  L 221.08 605.25
  A 0.58 0.58 0.0 0 1 220.50 604.67
  L 220.50 586.67
  A 0.41 0.40 2.6 0 0 220.13 586.27
  Q 219.91 586.25 212.25 586.25
  Q 204.59 586.25 204.37 586.27
  A 0.41 0.40 -2.6 0 0 204.00 586.67
  L 204.00 604.67
  A 0.58 0.58 0.0 0 1 203.42 605.25
  L 194.11 605.25
  A 0.61 0.61 0.0 0 1 193.50 604.64
  L 193.50 560.36
  A 0.61 0.61 0.0 0 1 194.11 559.75
  L 203.37 559.75
  A 0.63 0.63 0.0 0 1 204.00 560.38
  L 204.00 576.32
  A 0.67 0.66 -89.5 0 0 204.65 576.99
  Q 205.04 577.00 212.25 577.00
  Z"
/>
    <path fill="#ffffff" d="
  M 239.74 560.46
  A 0.71 0.71 0.0 0 1 240.45 559.75
  L 267.60 559.76
  A 0.39 0.39 0.0 0 1 267.99 560.14
  L 267.98 567.91
  A 0.34 0.34 0.0 0 1 267.64 568.25
  L 250.62 568.25
  A 0.37 0.37 0.0 0 0 250.25 568.62
  L 250.24 577.12
  A 0.37 0.37 0.0 0 0 250.61 577.49
  L 266.44 577.51
  A 0.42 0.41 90.0 0 1 266.85 577.93
  L 266.87 585.56
  A 0.44 0.44 0.0 0 1 266.44 586.00
  L 250.81 586.00
  A 0.59 0.58 90.0 0 0 250.23 586.59
  L 250.24 595.91
  A 0.60 0.59 -0.0 0 0 250.84 596.49
  L 268.38 596.50
  A 0.36 0.36 0.0 0 1 268.74 596.86
  L 268.75 604.86
  A 0.38 0.38 0.0 0 1 268.37 605.24
  L 240.36 605.24
  A 0.61 0.61 0.0 0 1 239.75 604.63
  L 239.74 560.46
  Z"
/>
    <path fill="#ffffff" d="
  M 338.75 560.15
  L 338.75 595.86
  A 0.39 0.39 0.0 0 0 339.14 596.25
  L 356.36 596.25
  A 0.39 0.39 0.0 0 1 356.75 596.64
  L 356.75 604.86
  A 0.39 0.39 0.0 0 1 356.36 605.25
  L 328.64 605.25
  A 0.39 0.39 0.0 0 1 328.25 604.86
  L 328.25 560.15
  A 0.39 0.39 0.0 0 1 328.64 559.76
  L 338.36 559.76
  A 0.39 0.39 0.0 0 1 338.75 560.15
  Z"
/>
    <path fill="#ffffff" d="
  M 373.65 559.75
  L 386.80 559.75
  A 0.40 0.40 0.0 0 1 387.18 560.03
  L 401.03 604.73
  A 0.40 0.40 0.0 0 1 400.65 605.25
  L 390.19 605.25
  A 0.40 0.40 0.0 0 1 389.81 604.97
  L 386.35 593.78
  A 0.40 0.40 0.0 0 0 385.97 593.50
  L 374.10 593.50
  A 0.40 0.40 0.0 0 0 373.71 593.78
  L 370.30 604.97
  A 0.40 0.40 0.0 0 1 369.91 605.25
  L 359.98 605.25
  A 0.40 0.40 0.0 0 1 359.60 604.73
  L 373.26 560.03
  A 0.40 0.40 0.0 0 1 373.65 559.75
  Z
  M 379.62 568.89
  L 375.40 585.21
  A 0.43 0.43 0.0 0 0 375.82 585.75
  L 384.29 585.75
  A 0.53 0.53 0.0 0 0 384.79 585.06
  L 379.78 568.89
  A 0.08 0.08 0.0 0 0 379.62 568.89
  Z"
/>
    <path fill="#ffffff" d="
  M 444.50 560.09
  L 444.50 604.64
  A 0.61 0.61 0.0 0 1 443.89 605.25
  L 434.01 605.25
  A 0.91 0.90 75.3 0 1 433.22 604.78
  L 416.37 573.34
  A 0.02 0.02 0.0 0 0 416.34 573.35
  L 416.56 604.98
  A 0.26 0.26 0.0 0 1 416.30 605.24
  L 407.30 605.24
  A 0.30 0.30 0.0 0 1 407.00 604.94
  L 407.00 560.32
  A 0.58 0.57 -0.0 0 1 407.58 559.75
  L 418.55 559.75
  A 0.97 0.96 75.0 0 1 419.39 560.24
  C 424.82 569.58 431.25 580.03 435.35 590.56
  A 0.11 0.11 0.0 0 0 435.57 590.51
  Q 434.62 575.30 435.10 560.03
  A 0.29 0.29 0.0 0 1 435.39 559.75
  L 444.16 559.75
  A 0.34 0.34 0.0 0 1 444.50 560.09
  Z"
/>
    <path fill="#ffffff" d="
  M 481.50 560.12
  L 481.50 567.88
  A 0.37 0.37 0.0 0 1 481.13 568.25
  L 464.12 568.25
  A 0.37 0.37 0.0 0 0 463.75 568.62
  L 463.75 577.13
  A 0.37 0.37 0.0 0 0 464.12 577.50
  L 480.01 577.50
  A 0.37 0.37 0.0 0 1 480.38 577.87
  L 480.38 585.63
  A 0.37 0.37 0.0 0 1 480.01 586.00
  L 464.12 586.00
  A 0.37 0.37 0.0 0 0 463.75 586.37
  L 463.75 596.14
  A 0.37 0.37 0.0 0 0 464.12 596.51
  L 481.88 596.51
  A 0.37 0.37 0.0 0 1 482.25 596.88
  L 482.25 604.88
  A 0.37 0.37 0.0 0 1 481.88 605.25
  L 453.62 605.25
  A 0.37 0.37 0.0 0 1 453.25 604.88
  L 453.25 560.12
  A 0.37 0.37 0.0 0 1 453.62 559.75
  L 481.13 559.75
  A 0.37 0.37 0.0 0 1 481.50 560.12
  Z"
/>
    <path fill="#ffffff" d="
  M 503.51 605.24
  Q 498.83 605.24 498.69 605.20
  A 0.67 0.67 0.0 0 1 498.19 604.56
  L 498.18 569.11
  A 0.59 0.59 0.0 0 0 497.60 568.52
  L 486.43 568.50
  A 0.43 0.43 0.0 0 1 486.00 568.07
  L 486.01 560.21
  A 0.44 0.43 -89.8 0 1 486.44 559.77
  Q 492.24 559.75 503.49 559.76
  Q 514.74 559.74 520.54 559.76
  A 0.44 0.43 89.7 0 1 520.97 560.19
  L 520.99 568.06
  A 0.43 0.43 0.0 0 1 520.56 568.49
  L 509.39 568.51
  A 0.59 0.59 0.0 0 0 508.80 569.10
  L 508.83 604.55
  A 0.67 0.67 0.0 0 1 508.33 605.20
  Q 508.19 605.24 503.51 605.24
  Z"
/>
    <rect fill="#42561a" x="151.74" y="314.74" width="7.00" height="41.02" rx="0.40"/>

                        </g>
                    </svg>