<svg xmlns="http://www.w3.org/2000/svg" 
                      viewBox="0 0 1117.67 1117.29" 
                      width="1117.67" 
                      height="1117.29"
                      preserveAspectRatio="none"
                      data-content-extracted="true"
                      data-overflow="horizontal:4,vertical:4"
                      data-original-bounds="-90.8,-90.8,1022.87,1022.49">
                        <g transform="translate(92.8, 92.8)">
                          
<g stroke-width="2.00" fill="none" stroke-linecap="butt">
<path vector-effect="non-scaling-stroke" d="   M 278.80 502.79   Q 284.64 502.63 289.39 505.23   Q 292.20 506.77 294.74 507.71   C 299.16 509.35 299.84 504.76 298.38 501.86   Q 294.70 494.55 287.19 491.13   Q 279.57 487.66 271.70 490.04   A 0.48 0.48 0.0 0 1 271.09 489.65   Q 266.98 464.06 268.17 444.48   C 269.83 417.15 279.68 392.65 299.35 373.59   A 0.48 0.47 62.3 0 1 300.15 373.84   C 312.67 439.48 354.43 496.16 414.10 526.45   A 0.98 0.96 9.7 0 1 414.63 527.18   Q 417.69 547.36 424.92 567.32   C 426.90 572.82 426.96 579.06 423.14 583.75   Q 416.73 591.61 406.63 592.47   C 392.56 593.66 382.86 594.50 372.39 599.65   C 364.05 603.76 358.04 612.10 353.89 620.40   A 0.48 0.48 0.0 0 0 354.32 621.10   Q 377.17 621.04 438.55 621.11   Q 452.95 621.13 459.24 608.91   C 460.29 606.88 461.35 603.13 461.35 601.00   Q 461.46 573.37 465.12 546.32   A 0.55 0.55 0.0 0 1 465.78 545.86   Q 478.52 548.76 491.24 549.74   Q 525.85 552.40 560.15 545.84   A 0.61 0.60 80.6 0 1 560.86 546.36   Q 564.23 571.99 564.54 596.11   Q 564.63 603.04 565.69 606.28   C 568.68 615.39 576.67 621.16 586.24 621.12   Q 601.27 621.06 671.76 621.08   A 0.38 0.38 0.0 0 0 672.09 620.51   Q 668.94 614.97 666.52 611.50   C 661.88 604.85 656.98 600.75 649.30 597.80   C 641.18 594.68 632.23 593.43 623.33 592.86   C 614.76 592.31 608.53 590.28 603.01 583.66   Q 600.28 580.38 599.90 577.39   C 598.87 569.19 603.95 560.97 606.02 553.38   Q 609.70 539.82 611.25 527.53   A 1.56 1.56 0.0 0 1 612.06 526.35   Q 667.34 497.30 699.40 443.66   Q 719.17 410.58 725.87 373.60   A 0.37 0.37 0.0 0 1 726.49 373.41   C 753.10 400.16 760.24 436.79 756.68 474.00   Q 755.87 482.49 754.78 490.08   A 0.26 0.26 0.0 0 1 754.45 490.29   C 743.48 486.99 731.39 492.54 727.07 503.04   Q 726.54 504.34 727.36 506.85   A 1.32 1.31 -89.1 0 0 728.13 507.65   C 731.11 508.75 734.11 506.43 737.84 504.42   Q 740.74 502.85 747.24 502.74   A 0.42 0.42 0.0 0 1 747.58 503.42   C 744.70 507.23 739.86 515.21 741.63 520.10   A 2.41 2.13 71.1 0 0 744.37 521.66   Q 744.82 521.51 745.71 520.45   Q 746.71 519.24 747.92 517.46   A 0.66 0.55 -12.9 0 1 748.02 517.33   L 755.32 510.03   A 0.24 0.24 0.0 0 1 755.73 510.21   C 755.62 513.31 755.67 522.84 758.33 524.57   Q 761.47 526.61 763.13 523.29   C 765.88 517.77 765.19 510.30 761.89 504.52   A 0.25 0.25 0.0 0 1 762.21 504.16   C 766.75 506.20 768.74 509.75 770.38 514.00   A 1.62 1.59 -81.3 0 0 770.84 514.64   C 774.68 517.86 777.91 514.54 776.87 510.36   Q 774.33 500.14 763.97 497.96   A 0.47 0.47 0.0 0 1 763.65 497.28   Q 773.30 479.76 779.08 458.63   Q 789.16 421.78 779.34 385.54   Q 767.91 343.37 730.36 318.60   A 0.87 0.86 13.0 0 1 729.97 317.98   Q 729.11 311.60 728.28 305.29   Q 721.82 255.97 694.80 214.76   A 0.48 0.48 0.0 0 1 695.10 214.03   Q 713.43 209.94 729.03 203.26   C 743.20 197.20 756.26 187.61 763.89 174.69   C 774.42 156.85 777.57 134.78 771.23 114.79   A 0.87 0.87 0.0 0 1 771.99 113.65   Q 783.36 112.73 792.12 119.90   Q 798.64 125.24 804.36 131.95   A 0.23 0.23 0.0 0 0 804.74 131.71   C 782.58 82.08 719.38 69.04 678.67 103.99   C 662.03 118.29 653.88 136.91 643.27 158.23   A 0.58 0.58 0.0 0 1 642.41 158.44   Q 614.90 138.39 582.50 126.52   A 0.57 0.57 0.0 0 1 582.22 125.67   Q 589.48 114.55 592.12 109.87   Q 604.89 87.25 617.71 64.46   C 625.61 50.41 637.99 19.17 614.88 10.88   Q 612.20 9.92 607.49 9.95   Q 601.49 9.99 600.01 10.28   C 580.34 14.12 563.79 28.82 555.97 47.00   C 550.16 60.51 549.51 73.85 552.24 88.77   Q 555.35 105.78 556.98 118.57   A 0.91 0.90 2.1 0 1 555.90 119.57   Q 513.94 110.86 470.72 119.64   A 0.44 0.43 -6.2 0 1 470.20 119.23   C 469.73 104.05 475.57 87.20 476.02 70.25   Q 476.13 66.16 475.26 62.01   Q 468.19 28.45 437.56 13.72   Q 430.87 10.50 423.04 10.05   C 415.57 9.62 409.45 10.05 404.12 14.98   C 390.21 27.81 402.23 54.56 410.03 67.72   Q 420.11 84.73 428.64 100.37   Q 436.09 114.04 443.80 125.89   A 0.44 0.44 0.0 0 1 443.57 126.55   Q 410.65 137.66 383.53 158.30   A 0.64 0.64 0.0 0 1 382.57 158.08   Q 374.28 141.36 370.33 133.91   C 355.49 105.86 330.92 85.87 298.42 84.42   Q 281.51 83.67 266.58 89.16   C 246.35 96.60 229.73 111.80 221.27 131.63   A 0.21 0.21 0.0 0 0 221.62 131.85   C 230.44 121.93 240.83 111.08 255.48 112.07   A 0.37 0.36 -78.9 0 1 255.80 112.55   C 245.86 142.27 255.81 175.55 282.26 193.02   C 297.13 202.84 314.93 208.40 331.82 212.20   A 0.44 0.43 23.0 0 1 332.09 212.86   Q 301.59 259.98 297.11 315.90   A 1.20 1.17 77.0 0 1 296.56 316.81   C 267.01 335.30 248.48 365.58 243.22 399.98   C 238.22 432.61 246.31 467.25 262.39 496.42   A 0.43 0.42 68.7 0 1 262.12 497.04   C 255.15 498.72 249.02 504.76 248.98 512.39   A 3.10 2.30 7.0 0 0 251.53 514.81   C 253.78 515.24 255.46 513.65 256.27 511.62   C 257.91 507.51 259.62 504.84 263.84 503.19   A 0.27 0.26 -86.8 0 1 264.17 503.56   C 261.09 509.50 259.89 517.95 263.53 523.76   Q 264.21 524.84 264.82 525.17   A 2.55 2.37 -59.8 0 0 268.08 524.18   C 270.09 520.89 270.56 513.77 270.15 510.30   A 0.16 0.16 0.0 0 1 270.42 510.17   L 278.20 517.88   A 2.23 2.01 8.3 0 1 278.45 518.18   Q 279.74 520.04 281.17 521.57   A 1.84 1.50 50.6 0 0 283.30 522.00   C 287.79 518.99 281.07 506.67 278.51 503.38   A 0.37 0.36 -19.5 0 1 278.80 502.79"/>
<path vector-effect="non-scaling-stroke" d="   M 93.61 802.43   C 99.48 802.43 103.57 799.27 106.44 794.22   Q 131.65 750.01 155.41 708.39   A 0.20 0.20 0.0 0 1 155.79 708.49   L 155.79 799.67   A 0.59 0.59 0.0 0 0 156.38 800.26   L 183.75 800.26   A 0.41 0.41 0.0 0 0 184.16 799.85   Q 184.10 780.64 184.13 662.07   Q 184.13 653.83 182.89 651.02   C 178.26 640.59 163.57 639.53 157.70 649.69   Q 137.98 683.86 93.85 760.56   Q 93.76 760.72 93.60 760.72   Q 93.45 760.72 93.36 760.56   Q 49.20 683.88 29.47 649.71   C 23.60 639.55 8.91 640.62 4.28 651.05   Q 3.04 653.86 3.04 662.10   Q 3.11 780.67 3.06 799.88   A 0.41 0.41 0.0 0 0 3.47 800.29   L 30.84 800.28   A 0.59 0.59 0.0 0 0 31.43 799.69   L 31.40 708.51   A 0.20 0.20 0.0 0 1 31.78 708.41   Q 55.55 750.02 80.78 794.23   C 83.66 799.27 87.75 802.43 93.61 802.43"/>
<path vector-effect="non-scaling-stroke" d="   M 707.75 711.68   A 0.41 0.41 0.0 0 1 708.16 711.27   L 756.60 711.27   A 0.41 0.41 0.0 0 0 757.01 710.86   L 757.01 683.41   A 0.41 0.41 0.0 0 0 756.60 683.00   L 708.17 683.00   A 0.41 0.41 0.0 0 1 707.76 682.59   L 707.76 645.16   A 0.41 0.41 0.0 0 0 707.35 644.75   L 679.65 644.75   A 0.41 0.41 0.0 0 0 679.24 645.16   L 679.24 682.59   A 0.41 0.41 0.0 0 1 678.83 683.00   L 642.94 683.00   A 0.41 0.41 0.0 0 0 642.53 683.41   L 642.53 710.84   A 0.41 0.41 0.0 0 0 642.94 711.25   L 678.83 711.25   A 0.41 0.41 0.0 0 1 679.24 711.66   L 679.24 799.86   A 0.41 0.41 0.0 0 0 679.65 800.27   L 707.34 800.27   A 0.41 0.41 0.0 0 0 707.75 799.86   L 707.75 711.68"/>
<path vector-effect="non-scaling-stroke" d="   M 340.5353 721.4433   A 38.31 38.31 0.0 0 0 302.2922 683.0665   L 249.0723 682.9736   A 38.31 38.31 0.0 0 0 210.6955 721.2167   L 210.6247 761.7967   A 38.31 38.31 0.0 0 0 248.8678 800.1735   L 302.0877 800.2664   A 38.31 38.31 0.0 0 0 340.4645 762.0233   L 340.5353 721.4433"/>
<path vector-effect="non-scaling-stroke" d="   M 494.46 799.85   Q 494.59 756.78 494.51 739.51   Q 494.47 729.82 493.56 724.66   Q 489.18 699.84 466.69 688.77   Q 454.86 682.95 440.75 682.99   Q 434.22 683.02 379.75 682.99   Q 370.15 682.98 366.05 690.50   Q 364.15 693.98 364.53 705.76   Q 364.57 706.83 364.55 799.86   A 0.42 0.42 0.0 0 0 364.97 800.28   L 392.34 800.28   A 0.45 0.45 0.0 0 0 392.79 799.83   L 392.79 711.63   A 0.37 0.37 0.0 0 1 393.16 711.26   Q 421.98 711.25 439.75 711.25   C 447.32 711.25 454.44 712.45 459.83 718.42   Q 466.28 725.55 466.28 735.75   Q 466.28 799.09 466.28 799.88   A 0.38 0.38 0.0 0 0 466.66 800.26   L 494.05 800.26   A 0.41 0.41 0.0 0 0 494.46 799.85"/>
<path vector-effect="non-scaling-stroke" d="   M 516.59 772.34   L 516.59 799.67   A 0.61 0.61 0.0 0 0 517.20 800.28   Q 587.21 800.28 591.25 800.27   C 605.55 800.23 619.29 794.63 626.76 782.42   C 634.15 770.35 634.24 754.60 627.89 741.87   C 621.40 728.85 609.86 721.85 595.72 721.38   Q 587.85 721.12 550.00 721.27   Q 549.69 721.27 545.99 720.89   A 1.55 1.54 70.3 0 1 545.02 720.43   Q 542.89 718.32 543.61 714.36   C 544.15 711.39 548.38 711.27 550.75 711.26   Q 556.56 711.24 618.21 711.26   A 0.40 0.40 0.0 0 0 618.61 710.86   L 618.61 683.40   A 0.39 0.39 0.0 0 0 618.22 683.01   Q 582.50 682.97 550.76 683.03   C 535.67 683.06 522.08 690.43 517.12 704.70   C 512.32 718.52 516.58 734.84 529.12 743.34   C 535.81 747.87 541.73 749.25 550.01 749.24   Q 589.99 749.20 593.73 749.36   Q 603.05 749.75 604.10 758.34   Q 605.76 771.93 591.99 771.98   Q 583.86 772.01 516.94 772.00   A 0.35 0.34 0.0 0 0 516.59 772.34"/>
<path vector-effect="non-scaling-stroke" d="   M 811.78 760.69   Q 837.99 760.90 865.54 760.60   C 881.15 760.43 895.02 748.29 899.29 733.80   C 903.83 718.40 900.38 702.44 887.84 691.97   C 880.32 685.70 870.68 683.03 860.75 683.01   Q 838.15 682.97 811.25 683.02   C 792.60 683.06 778.88 694.31 774.06 711.94   Q 772.59 717.31 772.63 728.68   Q 772.70 746.18 772.68 748.89   Q 772.54 764.84 773.27 769.05   C 775.78 783.53 786.44 795.01 800.81 798.74   Q 806.54 800.23 813.75 800.25   Q 840.38 800.35 861.92 800.22   A 0.50 0.49 -90.0 0 0 862.41 799.72   L 862.41 773.72   A 0.48 0.48 0.0 0 0 861.93 773.24   Q 815.69 773.24 811.96 773.25   C 803.30 773.26 799.53 768.41 799.53 759.99   Q 799.53 729.15 799.49 727.90   Q 799.23 718.58 801.11 715.35   Q 804.39 709.73 812.51 709.74   Q 848.58 709.80 857.86 709.71   Q 865.43 709.64 868.01 710.95   C 876.72 715.39 876.46 727.87 868.25 732.62   Q 865.78 734.05 856.49 734.03   Q 846.67 734.01 812.06 734.01   A 0.55 0.55 0.0 0 0 811.51 734.56   L 811.51 760.42   A 0.27 0.27 0.0 0 0 811.78 760.69"/>
<path vector-effect="non-scaling-stroke" d="   M 1022.87 710.86   L 1022.87 683.73   A 0.74 0.73 90.0 0 0 1022.14 682.99   Q 968.27 683.02 966.14 682.99   Q 956.79 682.86 952.91 683.66   Q 944.08 685.46 940.24 687.51   Q 919.73 698.46 919.63 722.54   Q 919.54 741.39 919.61 799.68   A 0.59 0.59 0.0 0 0 920.20 800.27   L 947.43 800.27   A 0.27 0.26 -0.0 0 0 947.70 800.01   Q 947.86 767.11 947.72 724.75   C 947.71 721.05 947.87 716.01 950.93 713.92   Q 954.89 711.23 960.01 711.23   Q 1005.29 711.30 1022.49 711.24   A 0.38 0.38 0.0 0 0 1022.87 710.86"/>
<path vector-effect="non-scaling-stroke" d="   M 421.82 873.60   C 421.85 888.07 429.29 902.32 445.60 902.28   C 461.92 902.24 469.29 887.96 469.26 873.49   C 469.22 859.01 461.78 844.77 445.47 844.80   C 429.16 844.84 421.79 859.12 421.82 873.60"/>
<path vector-effect="non-scaling-stroke" d="   M 538.24 871.25   A 0.40 0.39 -82.3 0 0 537.86 871.55   Q 535.64 879.95 530.58 887.24   A 0.60 0.59 37.1 0 1 529.70 887.36   Q 521.65 880.69 516.31 872.55   A 0.54 0.54 0.0 0 1 516.48 871.80   C 523.65 867.28 531.72 859.67 527.48 850.48   C 525.20 845.54 519.58 843.88 514.45 845.23   Q 504.61 847.83 504.93 859.53   Q 505.03 862.97 508.18 870.41   A 0.72 0.71 -30.3 0 1 507.95 871.26   C 503.12 874.91 499.44 878.01 498.00 883.49   C 495.57 892.78 502.07 900.69 511.26 902.05   Q 521.50 903.56 530.06 896.31   A 0.71 0.70 41.9 0 1 530.92 896.27   Q 536.24 900.01 542.55 902.16   A 0.78 0.78 0.0 0 0 543.54 901.66   L 544.91 897.33   A 0.81 0.80 -72.0 0 0 544.40 896.32   Q 539.83 894.79 535.04 891.51   A 0.41 0.41 0.0 0 1 534.94 890.92   Q 541.29 882.14 544.30 871.50   A 0.20 0.19 8.6 0 0 544.11 871.25   L 538.24 871.25"/>
<path vector-effect="non-scaling-stroke" d="   M 819.34 873.57   C 819.36 888.04 826.79 902.30 843.10 902.28   C 859.42 902.25 866.81 887.98 866.79 873.50   C 866.77 859.02 859.34 844.77 843.02 844.79   C 826.71 844.81 819.32 859.09 819.34 873.57"/>
<path vector-effect="non-scaling-stroke" d="   M 181.89 884.49   Q 191.36 884.51 191.47 884.52   A 0.97 0.96 -4.7 0 1 192.27 885.20   L 197.13 901.05   A 0.33 0.33 0.0 0 0 197.45 901.29   L 204.39 901.29   A 0.15 0.15 0.0 0 0 204.53 901.10   L 186.03 846.11   A 0.41 0.41 0.0 0 0 185.65 845.82   Q 183.84 845.75 181.95 845.74   Q 180.05 845.74 178.24 845.81   A 0.41 0.41 0.0 0 0 177.86 846.10   L 159.20 901.03   A 0.15 0.15 0.0 0 0 159.34 901.23   L 166.28 901.25   A 0.33 0.33 0.0 0 0 166.60 901.01   L 171.51 885.17   A 0.97 0.96 4.8 0 1 172.32 884.49   Q 172.42 884.48 181.89 884.49"/>
<path vector-effect="non-scaling-stroke" d="   M 252.28 902.29   C 265.98 902.26 272.05 892.75 272.06 879.99   Q 272.09 854.18 272.02 846.12   A 0.41 0.41 0.0 0 0 271.61 845.71   L 265.54 845.71   A 0.43 0.43 0.0 0 0 265.11 846.15   Q 265.27 868.00 265.14 880.72   C 265.06 888.84 261.39 896.16 252.26 896.18   C 243.13 896.20 239.44 888.90 239.31 880.78   Q 239.12 868.06 239.18 846.21   A 0.43 0.43 0.0 0 0 238.75 845.77   L 232.68 845.80   A 0.41 0.41 0.0 0 0 232.27 846.21   Q 232.24 854.27 232.39 880.08   C 232.46 892.85 238.57 902.32 252.28 902.29"/>
<path vector-effect="non-scaling-stroke" d="   M 308.28 846.24   L 308.18 900.72   A 0.55 0.55 0.0 0 0 308.73 901.28   L 323.90 901.30   A 24.56 24.46 -89.9 0 0 348.40 876.79   L 348.42 870.33   A 24.56 24.46 -89.9 0 0 324.00 845.72   L 308.83 845.70   A 0.55 0.55 0.0 0 0 308.28 846.24"/>
<path vector-effect="non-scaling-stroke" d="   M 388.52 846.18   A 0.44 0.44 0.0 0 0 388.08 845.74   L 381.94 845.74   A 0.44 0.44 0.0 0 0 381.50 846.18   L 381.50 900.80   A 0.44 0.44 0.0 0 0 381.94 901.24   L 388.08 901.24   A 0.44 0.44 0.0 0 0 388.52 900.80   L 388.52 846.18"/>
<path vector-effect="non-scaling-stroke" d="   M 589.53 901.26   Q 592.96 901.26 593.19 901.21   A 0.90 0.89 3.1 0 0 593.87 900.61   L 611.23 845.98   A 0.19 0.19 0.0 0 0 611.05 845.73   L 604.19 845.73   A 0.33 0.33 0.0 0 0 603.87 845.97   Q 596.90 869.34 590.10 892.92   Q 589.82 893.88 589.52 893.88   Q 589.23 893.88 588.95 892.92   Q 582.10 869.36 575.08 846.00   A 0.33 0.33 0.0 0 0 574.76 845.76   L 567.90 845.77   A 0.19 0.19 0.0 0 0 567.72 846.02   L 585.19 900.62   A 0.90 0.89 -3.2 0 0 585.87 901.22   Q 586.10 901.27 589.53 901.26"/>
<path vector-effect="non-scaling-stroke" d="   M 647.00 846.05   A 0.33 0.33 0.0 0 0 646.67 845.72   L 640.33 845.72   A 0.33 0.33 0.0 0 0 640.00 846.05   L 640.00 900.93   A 0.33 0.33 0.0 0 0 640.33 901.26   L 646.67 901.26   A 0.33 0.33 0.0 0 0 647.00 900.93   L 647.00 846.05"/>
<path vector-effect="non-scaling-stroke" d="   M 683.55 846.17   L 683.45 900.81   A 0.45 0.45 0.0 0 0 683.90 901.26   L 699.13 901.28   A 24.34 24.28 -89.9 0 0 723.45 876.98   L 723.47 870.12   A 24.34 24.28 -89.9 0 0 699.23 845.74   L 684.00 845.72   A 0.45 0.45 0.0 0 0 683.55 846.17"/>
<path vector-effect="non-scaling-stroke" d="   M 764.18 869.25   A 0.44 0.44 0.0 0 1 763.74 868.81   L 763.74 852.19   A 0.44 0.44 0.0 0 1 764.18 851.75   L 788.33 851.75   A 0.44 0.44 0.0 0 0 788.77 851.31   L 788.77 846.19   A 0.44 0.44 0.0 0 0 788.33 845.75   L 757.19 845.75   A 0.44 0.44 0.0 0 0 756.75 846.19   L 756.75 900.82   A 0.44 0.44 0.0 0 0 757.19 901.26   L 789.07 901.26   A 0.44 0.44 0.0 0 0 789.51 900.82   L 789.51 895.69   A 0.44 0.44 0.0 0 0 789.07 895.25   L 764.20 895.25   A 0.44 0.44 0.0 0 1 763.76 894.81   L 763.76 875.70   A 0.44 0.44 0.0 0 1 764.20 875.26   L 784.32 875.26   A 0.44 0.44 0.0 0 0 784.76 874.82   L 784.76 869.69   A 0.44 0.44 0.0 0 0 784.32 869.25   L 764.18 869.25"/>
<path vector-effect="non-scaling-stroke" d="   M 450.6534 192.3403   A 50.59 48.65 -90.2 0 0 402.1803 243.0998   A 50.59 48.65 -90.2 0 0 451.0066 293.5197   A 50.59 48.65 -90.2 0 0 499.4797 242.7602   A 50.59 48.65 -90.2 0 0 450.6534 192.3403"/>
<path vector-effect="non-scaling-stroke" d="   M 574.3338 192.3749   A 50.58 48.66 -90.8 0 0 526.3847 243.6294   A 50.58 48.66 -90.8 0 0 575.7462 293.5251   A 50.58 48.66 -90.8 0 0 623.6953 242.2706   A 50.58 48.66 -90.8 0 0 574.3338 192.3749"/>
<path vector-effect="non-scaling-stroke" d="   M 626.48 322.45   Q 623.31 325.59 619.01 329.72   Q 613.94 334.60 602.47 341.71   Q 586.35 351.71 566.14 357.36   C 524.46 369.03 478.43 367.88 437.39 352.44   Q 410.63 342.38 390.53 322.17   A 0.14 0.14 0.0 0 0 390.30 322.34   C 399.01 338.74 414.20 351.41 430.24 360.13   A 0.59 0.59 0.0 0 1 430.44 360.99   C 426.63 366.28 418.12 379.23 420.71 385.28   C 424.88 395.04 433.73 399.21 444.01 400.95   C 447.27 401.50 451.03 400.97 453.93 400.15   Q 459.80 398.48 462.11 392.26   Q 465.27 383.76 466.95 374.36   A 0.54 0.53 -79.2 0 1 467.57 373.93   C 480.58 376.38 492.79 378.49 505.88 378.45   A 0.44 0.44 0.0 0 1 506.31 378.97   Q 504.81 386.18 504.47 392.00   C 504.20 396.52 504.59 399.51 507.90 402.11   Q 514.94 407.65 523.58 409.59   C 537.12 412.63 554.16 411.11 563.32 399.73   Q 566.50 395.77 564.59 390.66   Q 561.32 381.88 555.38 373.50   A 0.44 0.44 0.0 0 1 555.60 372.83   L 571.75 367.40   A 0.52 0.52 0.0 0 1 572.40 367.68   Q 576.52 377.07 581.67 384.78   Q 585.88 391.07 591.75 391.54   C 604.05 392.53 616.72 383.44 621.15 372.19   C 622.97 367.55 621.04 364.08 618.25 360.49   Q 612.80 353.46 605.40 348.43   A 0.68 0.68 0.0 0 1 605.36 347.33   Q 618.54 336.97 626.80 322.69   A 0.20 0.20 0.0 0 0 626.48 322.45"/>
<path vector-effect="non-scaling-stroke" d="   M 471.52 240.54   C 467.24 246.67 456.72 243.57 458.80 235.45   Q 459.47 232.81 461.79 230.85   A 0.39 0.39 0.0 0 0 461.65 230.18   Q 458.25 229.20 456.25 228.89   C 448.19 227.63 440.65 231.93 436.92 238.88   C 430.17 251.44 440.70 266.38 454.30 266.74   C 468.05 267.11 477.46 253.33 472.24 240.61   A 0.41 0.41 0.0 0 0 471.52 240.54"/>
<path vector-effect="non-scaling-stroke" d="   M 578.29 230.26   Q 569.15 226.92 561.75 230.73   C 551.48 236.01 547.82 249.20 554.97 258.51   C 568.64 276.32 596.86 262.54 588.97 240.92   A 0.45 0.45 0.0 0 0 588.25 240.73   Q 585.44 243.20 584.02 243.50   C 575.28 245.34 572.22 235.89 578.39 230.87   A 0.35 0.35 0.0 0 0 578.29 230.26"/>
<path vector-effect="non-scaling-stroke" d="   M 452.3163 248.0563   A 4.82 4.61 -47.5 0 0 445.6612 248.4955   A 4.82 4.61 -47.5 0 0 445.8037 255.1637   A 4.82 4.61 -47.5 0 0 452.4588 254.7245   A 4.82 4.61 -47.5 0 0 452.3163 248.0563"/>
<path vector-effect="non-scaling-stroke" d="   M 571.24 251.49   A 4.79 4.79 0.0 0 0 566.45 246.70   A 4.79 4.79 0.0 0 0 561.66 251.49   A 4.79 4.79 0.0 0 0 566.45 256.28   A 4.79 4.79 0.0 0 0 571.24 251.49"/>
<path vector-effect="non-scaling-stroke" d="   M 312.39 721.37   A 10.10 10.10 0.0 0 0 302.29 711.27   L 248.95 711.27   A 10.10 10.10 0.0 0 0 238.85 721.37   L 238.85 761.87   A 10.10 10.10 0.0 0 0 248.95 771.97   L 302.29 771.97   A 10.10 10.10 0.0 0 0 312.39 761.87   L 312.39 721.37"/>
<path vector-effect="non-scaling-stroke" d="   M 429.16 873.53   C 429.14 883.62 433.33 896.10 445.50 896.11   C 457.68 896.13 461.89 883.66 461.91 873.57   C 461.92 863.47 457.73 851.00 445.56 850.98   C 433.38 850.97 429.17 863.43 429.16 873.53"/>
<path vector-effect="non-scaling-stroke" d="   M 513.34 867.37   Q 513.43 867.40 513.48 867.37   C 518.17 864.75 523.85 860.28 522.74 854.37   Q 522.12 851.04 519.13 850.04   Q 516.14 849.04 513.64 851.33   C 509.20 855.39 511.06 862.38 513.23 867.28   Q 513.26 867.34 513.34 867.37"/>
<path vector-effect="non-scaling-stroke" d="   M 525.28 891.82   Q 517.04 884.35 511.67 876.41   A 0.59 0.58 -36.1 0 0 510.83 876.28   C 506.57 879.53 503.02 884.20 504.93 889.85   C 506.67 895.02 511.81 897.36 516.95 896.60   Q 521.13 895.98 525.24 892.80   A 0.64 0.64 0.0 0 0 525.28 891.82"/>
<path vector-effect="non-scaling-stroke" d="   M 826.66 873.53   C 826.65 883.63 830.84 896.10 843.02 896.11   C 855.20 896.13 859.41 883.66 859.42 873.56   C 859.43 863.46 855.24 850.98 843.06 850.97   C 830.88 850.96 826.67 863.43 826.66 873.53"/>
<path vector-effect="non-scaling-stroke" d="   M 181.80 878.75   Q 189.35 878.75 189.75 878.71   A 0.30 0.30 0.0 0 0 190.01 878.32   L 182.06 851.96   A 0.08 0.07 -86.5 0 0 182.02 851.92   Q 181.81 851.82 181.79 851.82   Q 181.76 851.82 181.55 851.92   A 0.08 0.07 86.5 0 0 181.51 851.96   L 173.59 878.33   A 0.30 0.30 0.0 0 0 173.85 878.72   Q 174.25 878.75 181.80 878.75"/>
<path vector-effect="non-scaling-stroke" d="   M 315.25 852.04   L 315.25 895.00   A 0.55 0.55 0.0 0 0 315.80 895.55   L 322.79 895.55   A 18.68 18.18 -90.0 0 0 340.97 876.87   L 340.97 870.17   A 18.68 18.18 90.0 0 0 322.79 851.49   L 315.80 851.49   A 0.55 0.55 0.0 0 0 315.25 852.04"/>
<path vector-effect="non-scaling-stroke" d="   M 690.55 851.99   L 690.47 895.01   A 0.54 0.54 0.0 0 0 691.01 895.55   L 698.04 895.56   A 18.82 18.09 -89.9 0 0 716.16 876.77   L 716.18 870.31   A 18.82 18.09 -89.9 0 0 698.12 851.46   L 691.09 851.45   A 0.54 0.54 0.0 0 0 690.55 851.99"/>
</g>

<path fill="#333333" d="   M 278.51 503.38   C 281.07 506.67 287.79 518.99 283.30 522.00   A 1.84 1.50 50.6 0 1 281.17 521.57   Q 279.74 520.04 278.45 518.18   A 2.23 2.01 8.3 0 0 278.20 517.88   L 270.42 510.17   A 0.16 0.16 0.0 0 0 270.15 510.30   C 270.56 513.77 270.09 520.89 268.08 524.18   A 2.55 2.37 -59.8 0 1 264.82 525.17   Q 264.21 524.84 263.53 523.76   C 259.89 517.95 261.09 509.50 264.17 503.56   A 0.27 0.26 -86.8 0 0 263.84 503.19   C 259.62 504.84 257.91 507.51 256.27 511.62   C 255.46 513.65 253.78 515.24 251.53 514.81   A 3.10 2.30 7.0 0 1 248.98 512.39   C 249.02 504.76 255.15 498.72 262.12 497.04   A 0.43 0.42 68.7 0 0 262.39 496.42   C 246.31 467.25 238.22 432.61 243.22 399.98   C 248.48 365.58 267.01 335.30 296.56 316.81   A 1.20 1.17 77.0 0 0 297.11 315.90   Q 301.59 259.98 332.09 212.86   A 0.44 0.43 23.0 0 0 331.82 212.20   C 314.93 208.40 297.13 202.84 282.26 193.02   C 255.81 175.55 245.86 142.27 255.80 112.55   A 0.37 0.36 -78.9 0 0 255.48 112.07   C 240.83 111.08 230.44 121.93 221.62 131.85   A 0.21 0.21 0.0 0 1 221.27 131.63   C 229.73 111.80 246.35 96.60 266.58 89.16   Q 281.51 83.67 298.42 84.42   C 330.92 85.87 355.49 105.86 370.33 133.91   Q 374.28 141.36 382.57 158.08   A 0.64 0.64 0.0 0 0 383.53 158.30   Q 410.65 137.66 443.57 126.55   A 0.44 0.44 0.0 0 0 443.80 125.89   Q 436.09 114.04 428.64 100.37   Q 420.11 84.73 410.03 67.72   C 402.23 54.56 390.21 27.81 404.12 14.98   C 409.45 10.05 415.57 9.62 423.04 10.05   Q 430.87 10.50 437.56 13.72   Q 468.19 28.45 475.26 62.01   Q 476.13 66.16 476.02 70.25   C 475.57 87.20 469.73 104.05 470.20 119.23   A 0.44 0.43 -6.2 0 0 470.72 119.64   Q 513.94 110.86 555.90 119.57   A 0.91 0.90 2.1 0 0 556.98 118.57   Q 555.35 105.78 552.24 88.77   C 549.51 73.85 550.16 60.51 555.97 47.00   C 563.79 28.82 580.34 14.12 600.01 10.28   Q 601.49 9.99 607.49 9.95   Q 612.20 9.92 614.88 10.88   C 637.99 19.17 625.61 50.41 617.71 64.46   Q 604.89 87.25 592.12 109.87   Q 589.48 114.55 582.22 125.67   A 0.57 0.57 0.0 0 0 582.50 126.52   Q 614.90 138.39 642.41 158.44   A 0.58 0.58 0.0 0 0 643.27 158.23   C 653.88 136.91 662.03 118.29 678.67 103.99   C 719.38 69.04 782.58 82.08 804.74 131.71   A 0.23 0.23 0.0 0 1 804.36 131.95   Q 798.64 125.24 792.12 119.90   Q 783.36 112.73 771.99 113.65   A 0.87 0.87 0.0 0 0 771.23 114.79   C 777.57 134.78 774.42 156.85 763.89 174.69   C 756.26 187.61 743.20 197.20 729.03 203.26   Q 713.43 209.94 695.10 214.03   A 0.48 0.48 0.0 0 0 694.80 214.76   Q 721.82 255.97 728.28 305.29   Q 729.11 311.60 729.97 317.98   A 0.87 0.86 13.0 0 0 730.36 318.60   Q 767.91 343.37 779.34 385.54   Q 789.16 421.78 779.08 458.63   Q 773.30 479.76 763.65 497.28   A 0.47 0.47 0.0 0 0 763.97 497.96   Q 774.33 500.14 776.87 510.36   C 777.91 514.54 774.68 517.86 770.84 514.64   A 1.62 1.59 -81.3 0 1 770.38 514.00   C 768.74 509.75 766.75 506.20 762.21 504.16   A 0.25 0.25 0.0 0 0 761.89 504.52   C 765.19 510.30 765.88 517.77 763.13 523.29   Q 761.47 526.61 758.33 524.57   C 755.67 522.84 755.62 513.31 755.73 510.21   A 0.24 0.24 0.0 0 0 755.32 510.03   L 748.02 517.33   A 0.66 0.55 -12.9 0 0 747.92 517.46   Q 746.71 519.24 745.71 520.45   Q 744.82 521.51 744.37 521.66   A 2.41 2.13 71.1 0 1 741.63 520.10   C 739.86 515.21 744.70 507.23 747.58 503.42   A 0.42 0.42 0.0 0 0 747.24 502.74   Q 740.74 502.85 737.84 504.42   C 734.11 506.43 731.11 508.75 728.13 507.65   A 1.32 1.31 -89.1 0 1 727.36 506.85   Q 726.54 504.34 727.07 503.04   C 731.39 492.54 743.48 486.99 754.45 490.29   A 0.26 0.26 0.0 0 0 754.78 490.08   Q 755.87 482.49 756.68 474.00   C 760.24 436.79 753.10 400.16 726.49 373.41   A 0.37 0.37 0.0 0 0 725.87 373.60   Q 719.17 410.58 699.40 443.66   Q 667.34 497.30 612.06 526.35   A 1.56 1.56 0.0 0 0 611.25 527.53   Q 609.70 539.82 606.02 553.38   C 603.95 560.97 598.87 569.19 599.90 577.39   Q 600.28 580.38 603.01 583.66   C 608.53 590.28 614.76 592.31 623.33 592.86   C 632.23 593.43 641.18 594.68 649.30 597.80   C 656.98 600.75 661.88 604.85 666.52 611.50   Q 668.94 614.97 672.09 620.51   A 0.38 0.38 0.0 0 1 671.76 621.08   Q 601.27 621.06 586.24 621.12   C 576.67 621.16 568.68 615.39 565.69 606.28   Q 564.63 603.04 564.54 596.11   Q 564.23 571.99 560.86 546.36   A 0.61 0.60 80.6 0 0 560.15 545.84   Q 525.85 552.40 491.24 549.74   Q 478.52 548.76 465.78 545.86   A 0.55 0.55 0.0 0 0 465.12 546.32   Q 461.46 573.37 461.35 601.00   C 461.35 603.13 460.29 606.88 459.24 608.91   Q 452.95 621.13 438.55 621.11   Q 377.17 621.04 354.32 621.10   A 0.48 0.48 0.0 0 1 353.89 620.40   C 358.04 612.10 364.05 603.76 372.39 599.65   C 382.86 594.50 392.56 593.66 406.63 592.47   Q 416.73 591.61 423.14 583.75   C 426.96 579.06 426.90 572.82 424.92 567.32   Q 417.69 547.36 414.63 527.18   A 0.98 0.96 9.7 0 0 414.10 526.45   C 354.43 496.16 312.67 439.48 300.15 373.84   A 0.48 0.47 62.3 0 0 299.35 373.59   C 279.68 392.65 269.83 417.15 268.17 444.48   Q 266.98 464.06 271.09 489.65   A 0.48 0.48 0.0 0 0 271.70 490.04   Q 279.57 487.66 287.19 491.13   Q 294.70 494.55 298.38 501.86   C 299.84 504.76 299.16 509.35 294.74 507.71   Q 292.20 506.77 289.39 505.23   Q 284.64 502.63 278.80 502.79   A 0.37 0.36 -19.5 0 0 278.51 503.38   Z   M 450.6534 192.3403   A 50.59 48.65 -90.2 0 0 402.1803 243.0998   A 50.59 48.65 -90.2 0 0 451.0066 293.5197   A 50.59 48.65 -90.2 0 0 499.4797 242.7602   A 50.59 48.65 -90.2 0 0 450.6534 192.3403   Z   M 574.3338 192.3749   A 50.58 48.66 -90.8 0 0 526.3847 243.6294   A 50.58 48.66 -90.8 0 0 575.7462 293.5251   A 50.58 48.66 -90.8 0 0 623.6953 242.2706   A 50.58 48.66 -90.8 0 0 574.3338 192.3749   Z   M 626.48 322.45   Q 623.31 325.59 619.01 329.72   Q 613.94 334.60 602.47 341.71   Q 586.35 351.71 566.14 357.36   C 524.46 369.03 478.43 367.88 437.39 352.44   Q 410.63 342.38 390.53 322.17   A 0.14 0.14 0.0 0 0 390.30 322.34   C 399.01 338.74 414.20 351.41 430.24 360.13   A 0.59 0.59 0.0 0 1 430.44 360.99   C 426.63 366.28 418.12 379.23 420.71 385.28   C 424.88 395.04 433.73 399.21 444.01 400.95   C 447.27 401.50 451.03 400.97 453.93 400.15   Q 459.80 398.48 462.11 392.26   Q 465.27 383.76 466.95 374.36   A 0.54 0.53 -79.2 0 1 467.57 373.93   C 480.58 376.38 492.79 378.49 505.88 378.45   A 0.44 0.44 0.0 0 1 506.31 378.97   Q 504.81 386.18 504.47 392.00   C 504.20 396.52 504.59 399.51 507.90 402.11   Q 514.94 407.65 523.58 409.59   C 537.12 412.63 554.16 411.11 563.32 399.73   Q 566.50 395.77 564.59 390.66   Q 561.32 381.88 555.38 373.50   A 0.44 0.44 0.0 0 1 555.60 372.83   L 571.75 367.40   A 0.52 0.52 0.0 0 1 572.40 367.68   Q 576.52 377.07 581.67 384.78   Q 585.88 391.07 591.75 391.54   C 604.05 392.53 616.72 383.44 621.15 372.19   C 622.97 367.55 621.04 364.08 618.25 360.49   Q 612.80 353.46 605.40 348.43   A 0.68 0.68 0.0 0 1 605.36 347.33   Q 618.54 336.97 626.80 322.69   A 0.20 0.20 0.0 0 0 626.48 322.45   Z"/>


<path fill="#333333" d="   M 471.52 240.54   A 0.41 0.41 0.0 0 1 472.24 240.61   C 477.46 253.33 468.05 267.11 454.30 266.74   C 440.70 266.38 430.17 251.44 436.92 238.88   C 440.65 231.93 448.19 227.63 456.25 228.89   Q 458.25 229.20 461.65 230.18   A 0.39 0.39 0.0 0 1 461.79 230.85   Q 459.47 232.81 458.80 235.45   C 456.72 243.57 467.24 246.67 471.52 240.54   Z   M 452.3163 248.0563   A 4.82 4.61 -47.5 0 0 445.6612 248.4955   A 4.82 4.61 -47.5 0 0 445.8037 255.1637   A 4.82 4.61 -47.5 0 0 452.4588 254.7245   A 4.82 4.61 -47.5 0 0 452.3163 248.0563   Z"/>
<path fill="#333333" d="   M 578.29 230.26   A 0.35 0.35 0.0 0 1 578.39 230.87   C 572.22 235.89 575.28 245.34 584.02 243.50   Q 585.44 243.20 588.25 240.73   A 0.45 0.45 0.0 0 1 588.97 240.92   C 596.86 262.54 568.64 276.32 554.97 258.51   C 547.82 249.20 551.48 236.01 561.75 230.73   Q 569.15 226.92 578.29 230.26   Z   M 571.24 251.49   A 4.79 4.79 0.0 0 0 566.45 246.70   A 4.79 4.79 0.0 0 0 561.66 251.49   A 4.79 4.79 0.0 0 0 566.45 256.28   A 4.79 4.79 0.0 0 0 571.24 251.49   Z"/>



<path fill="#333333" d="   M 93.60 760.72   Q 93.76 760.72 93.85 760.56   Q 137.98 683.86 157.70 649.69   C 163.57 639.53 178.26 640.59 182.89 651.02   Q 184.13 653.83 184.13 662.07   Q 184.10 780.64 184.16 799.85   A 0.41 0.41 0.0 0 1 183.75 800.26   L 156.38 800.26   A 0.59 0.59 0.0 0 1 155.79 799.67   L 155.79 708.49   A 0.20 0.20 0.0 0 0 155.41 708.39   Q 131.65 750.01 106.44 794.22   C 103.57 799.27 99.48 802.43 93.61 802.43   C 87.75 802.43 83.66 799.27 80.78 794.23   Q 55.55 750.02 31.78 708.41   A 0.20 0.20 0.0 0 0 31.40 708.51   L 31.43 799.69   A 0.59 0.59 0.0 0 1 30.84 800.28   L 3.47 800.29   A 0.41 0.41 0.0 0 1 3.06 799.88   Q 3.11 780.67 3.04 662.10   Q 3.04 653.86 4.28 651.05   C 8.91 640.62 23.60 639.55 29.47 649.71   Q 49.20 683.88 93.36 760.56   Q 93.45 760.72 93.60 760.72   Z"/>
<path fill="#333333" d="   M 707.75 711.68   L 707.75 799.86   A 0.41 0.41 0.0 0 1 707.34 800.27   L 679.65 800.27   A 0.41 0.41 0.0 0 1 679.24 799.86   L 679.24 711.66   A 0.41 0.41 0.0 0 0 678.83 711.25   L 642.94 711.25   A 0.41 0.41 0.0 0 1 642.53 710.84   L 642.53 683.41   A 0.41 0.41 0.0 0 1 642.94 683.00   L 678.83 683.00   A 0.41 0.41 0.0 0 0 679.24 682.59   L 679.24 645.16   A 0.41 0.41 0.0 0 1 679.65 644.75   L 707.35 644.75   A 0.41 0.41 0.0 0 1 707.76 645.16   L 707.76 682.59   A 0.41 0.41 0.0 0 0 708.17 683.00   L 756.60 683.00   A 0.41 0.41 0.0 0 1 757.01 683.41   L 757.01 710.86   A 0.41 0.41 0.0 0 1 756.60 711.27   L 708.16 711.27   A 0.41 0.41 0.0 0 0 707.75 711.68   Z"/>
<path fill="#333333" d="   M 340.4645 762.0233   A 38.31 38.31 0.0 0 1 302.0877 800.2664   L 248.8678 800.1735   A 38.31 38.31 0.0 0 1 210.6247 761.7967   L 210.6955 721.2167   A 38.31 38.31 0.0 0 1 249.0723 682.9736   L 302.2922 683.0665   A 38.31 38.31 0.0 0 1 340.5353 721.4433   L 340.4645 762.0233   Z   M 312.39 721.37   A 10.10 10.10 0.0 0 0 302.29 711.27   L 248.95 711.27   A 10.10 10.10 0.0 0 0 238.85 721.37   L 238.85 761.87   A 10.10 10.10 0.0 0 0 248.95 771.97   L 302.29 771.97   A 10.10 10.10 0.0 0 0 312.39 761.87   L 312.39 721.37   Z"/>
<path fill="#333333" d="   M 494.46 799.85   A 0.41 0.41 0.0 0 1 494.05 800.26   L 466.66 800.26   A 0.38 0.38 0.0 0 1 466.28 799.88   Q 466.28 799.09 466.28 735.75   Q 466.28 725.55 459.83 718.42   C 454.44 712.45 447.32 711.25 439.75 711.25   Q 421.98 711.25 393.16 711.26   A 0.37 0.37 0.0 0 0 392.79 711.63   L 392.79 799.83   A 0.45 0.45 0.0 0 1 392.34 800.28   L 364.97 800.28   A 0.42 0.42 0.0 0 1 364.55 799.86   Q 364.57 706.83 364.53 705.76   Q 364.15 693.98 366.05 690.50   Q 370.15 682.98 379.75 682.99   Q 434.22 683.02 440.75 682.99   Q 454.86 682.95 466.69 688.77   Q 489.18 699.84 493.56 724.66   Q 494.47 729.82 494.51 739.51   Q 494.59 756.78 494.46 799.85   Z"/>
<path fill="#333333" d="   M 516.59 772.34   A 0.35 0.34 0.0 0 1 516.94 772.00   Q 583.86 772.01 591.99 771.98   Q 605.76 771.93 604.10 758.34   Q 603.05 749.75 593.73 749.36   Q 589.99 749.20 550.01 749.24   C 541.73 749.25 535.81 747.87 529.12 743.34   C 516.58 734.84 512.32 718.52 517.12 704.70   C 522.08 690.43 535.67 683.06 550.76 683.03   Q 582.50 682.97 618.22 683.01   A 0.39 0.39 0.0 0 1 618.61 683.40   L 618.61 710.86   A 0.40 0.40 0.0 0 1 618.21 711.26   Q 556.56 711.24 550.75 711.26   C 548.38 711.27 544.15 711.39 543.61 714.36   Q 542.89 718.32 545.02 720.43   A 1.55 1.54 70.3 0 0 545.99 720.89   Q 549.69 721.27 550.00 721.27   Q 587.85 721.12 595.72 721.38   C 609.86 721.85 621.40 728.85 627.89 741.87   C 634.24 754.60 634.15 770.35 626.76 782.42   C 619.29 794.63 605.55 800.23 591.25 800.27   Q 587.21 800.28 517.20 800.28   A 0.61 0.61 0.0 0 1 516.59 799.67   L 516.59 772.34   Z"/>
<path fill="#333333" d="   M 811.78 760.69   A 0.27 0.27 0.0 0 1 811.51 760.42   L 811.51 734.56   A 0.55 0.55 0.0 0 1 812.06 734.01   Q 846.67 734.01 856.49 734.03   Q 865.78 734.05 868.25 732.62   C 876.46 727.87 876.72 715.39 868.01 710.95   Q 865.43 709.64 857.86 709.71   Q 848.58 709.80 812.51 709.74   Q 804.39 709.73 801.11 715.35   Q 799.23 718.58 799.49 727.90   Q 799.53 729.15 799.53 759.99   C 799.53 768.41 803.30 773.26 811.96 773.25   Q 815.69 773.24 861.93 773.24   A 0.48 0.48 0.0 0 1 862.41 773.72   L 862.41 799.72   A 0.50 0.49 -90.0 0 1 861.92 800.22   Q 840.38 800.35 813.75 800.25   Q 806.54 800.23 800.81 798.74   C 786.44 795.01 775.78 783.53 773.27 769.05   Q 772.54 764.84 772.68 748.89   Q 772.70 746.18 772.63 728.68   Q 772.59 717.31 774.06 711.94   C 778.88 694.31 792.60 683.06 811.25 683.02   Q 838.15 682.97 860.75 683.01   C 870.68 683.03 880.32 685.70 887.84 691.97   C 900.38 702.44 903.83 718.40 899.29 733.80   C 895.02 748.29 881.15 760.43 865.54 760.60   Q 837.99 760.90 811.78 760.69   Z"/>
<path fill="#333333" d="   M 1022.87 710.86   A 0.38 0.38 0.0 0 1 1022.49 711.24   Q 1005.29 711.30 960.01 711.23   Q 954.89 711.23 950.93 713.92   C 947.87 716.01 947.71 721.05 947.72 724.75   Q 947.86 767.11 947.70 800.01   A 0.27 0.26 -0.0 0 1 947.43 800.27   L 920.20 800.27   A 0.59 0.59 0.0 0 1 919.61 799.68   Q 919.54 741.39 919.63 722.54   Q 919.73 698.46 940.24 687.51   Q 944.08 685.46 952.91 683.66   Q 956.79 682.86 966.14 682.99   Q 968.27 683.02 1022.14 682.99   A 0.74 0.73 -90.0 0 1 1022.87 683.73   L 1022.87 710.86   Z"/>

<path fill="#333333" d="   M 445.47 844.80   C 461.78 844.77 469.22 859.01 469.26 873.49   C 469.29 887.96 461.92 902.24 445.60 902.28   C 429.29 902.32 421.85 888.07 421.82 873.60   C 421.79 859.12 429.16 844.84 445.47 844.80   Z   M 429.16 873.53   C 429.14 883.62 433.33 896.10 445.50 896.11   C 457.68 896.13 461.89 883.66 461.91 873.57   C 461.92 863.47 457.73 851.00 445.56 850.98   C 433.38 850.97 429.17 863.43 429.16 873.53   Z"/>
<path fill="#333333" d="   M 544.30 871.50   Q 541.29 882.14 534.94 890.92   A 0.41 0.41 0.0 0 0 535.04 891.51   Q 539.83 894.79 544.40 896.32   A 0.81 0.80 -72.0 0 1 544.91 897.33   L 543.54 901.66   A 0.78 0.78 0.0 0 1 542.55 902.16   Q 536.24 900.01 530.92 896.27   A 0.71 0.70 41.9 0 0 530.06 896.31   Q 521.50 903.56 511.26 902.05   C 502.07 900.69 495.57 892.78 498.00 883.49   C 499.44 878.01 503.12 874.91 507.95 871.26   A 0.72 0.71 -30.3 0 0 508.18 870.41   Q 505.03 862.97 504.93 859.53   Q 504.61 847.83 514.45 845.23   C 519.58 843.88 525.20 845.54 527.48 850.48   C 531.72 859.67 523.65 867.28 516.48 871.80   A 0.54 0.54 0.0 0 0 516.31 872.55   Q 521.65 880.69 529.70 887.36   A 0.60 0.59 37.1 0 0 530.58 887.24   Q 535.64 879.95 537.86 871.55   A 0.40 0.39 -82.3 0 1 538.24 871.25   L 544.11 871.25   A 0.20 0.19 8.6 0 1 544.30 871.50   Z   M 513.34 867.37   Q 513.43 867.40 513.48 867.37   C 518.17 864.75 523.85 860.28 522.74 854.37   Q 522.12 851.04 519.13 850.04   Q 516.14 849.04 513.64 851.33   C 509.20 855.39 511.06 862.38 513.23 867.28   Q 513.26 867.34 513.34 867.37   Z   M 525.28 891.82   Q 517.04 884.35 511.67 876.41   A 0.59 0.58 -36.1 0 0 510.83 876.28   C 506.57 879.53 503.02 884.20 504.93 889.85   C 506.67 895.02 511.81 897.36 516.95 896.60   Q 521.13 895.98 525.24 892.80   A 0.64 0.64 0.0 0 0 525.28 891.82   Z"/>
<path fill="#333333" d="   M 819.34 873.57   C 819.32 859.09 826.71 844.81 843.02 844.79   C 859.34 844.77 866.77 859.02 866.79 873.50   C 866.81 887.98 859.42 902.25 843.10 902.28   C 826.79 902.30 819.36 888.04 819.34 873.57   Z   M 826.66 873.53   C 826.65 883.63 830.84 896.10 843.02 896.11   C 855.20 896.13 859.41 883.66 859.42 873.56   C 859.43 863.46 855.24 850.98 843.06 850.97   C 830.88 850.96 826.67 863.43 826.66 873.53   Z"/>
<path fill="#333333" d="   M 181.95 845.74   Q 183.84 845.75 185.65 845.82   A 0.41 0.41 0.0 0 1 186.03 846.11   L 204.53 901.10   A 0.15 0.15 0.0 0 1 204.39 901.29   L 197.45 901.29   A 0.33 0.33 0.0 0 1 197.13 901.05   L 192.27 885.20   A 0.97 0.96 -4.7 0 0 191.47 884.52   Q 191.36 884.51 181.89 884.49   Q 172.42 884.48 172.32 884.49   A 0.97 0.96 4.8 0 0 171.51 885.17   L 166.60 901.01   A 0.33 0.33 0.0 0 1 166.28 901.25   L 159.34 901.23   A 0.15 0.15 0.0 0 1 159.20 901.03   L 177.86 846.10   A 0.41 0.41 0.0 0 1 178.24 845.81   Q 180.05 845.74 181.95 845.74   Z   M 181.80 878.75   Q 189.35 878.75 189.75 878.71   A 0.30 0.30 0.0 0 0 190.01 878.32   L 182.06 851.96   A 0.08 0.07 -86.5 0 0 182.02 851.92   Q 181.81 851.82 181.79 851.82   Q 181.76 851.82 181.55 851.92   A 0.08 0.07 86.5 0 0 181.51 851.96   L 173.59 878.33   A 0.30 0.30 0.0 0 0 173.85 878.72   Q 174.25 878.75 181.80 878.75   Z"/>
<path fill="#333333" d="   M 252.26 896.18   C 261.39 896.16 265.06 888.84 265.14 880.72   Q 265.27 868.00 265.11 846.15   A 0.43 0.43 0.0 0 1 265.54 845.71   L 271.61 845.71   A 0.41 0.41 0.0 0 1 272.02 846.12   Q 272.09 854.18 272.06 879.99   C 272.05 892.75 265.98 902.26 252.28 902.29   C 238.57 902.32 232.46 892.85 232.39 880.08   Q 232.24 854.27 232.27 846.21   A 0.41 0.41 0.0 0 1 232.68 845.80   L 238.75 845.77   A 0.43 0.43 0.0 0 1 239.18 846.21   Q 239.12 868.06 239.31 880.78   C 239.44 888.90 243.13 896.20 252.26 896.18   Z"/>
<path fill="#333333" d="   M 308.28 846.24   A 0.55 0.55 0.0 0 1 308.83 845.70   L 324.00 845.72   A 24.56 24.46 -89.9 0 1 348.42 870.33   L 348.40 876.79   A 24.56 24.46 -89.9 0 1 323.90 901.30   L 308.73 901.28   A 0.55 0.55 0.0 0 1 308.18 900.72   L 308.28 846.24   Z   M 315.25 852.04   L 315.25 895.00   A 0.55 0.55 0.0 0 0 315.80 895.55   L 322.79 895.55   A 18.68 18.18 -90.0 0 0 340.97 876.87   L 340.97 870.17   A 18.68 18.18 90.0 0 0 322.79 851.49   L 315.80 851.49   A 0.55 0.55 0.0 0 0 315.25 852.04   Z"/>
<rect fill="#333333" x="381.50" y="845.74" width="7.02" height="55.50" rx="0.44"/>
<path fill="#333333" d="   M 589.52 893.88   Q 589.82 893.88 590.10 892.92   Q 596.90 869.34 603.87 845.97   A 0.33 0.33 0.0 0 1 604.19 845.73   L 611.05 845.73   A 0.19 0.19 0.0 0 1 611.23 845.98   L 593.87 900.61   A 0.90 0.89 3.1 0 1 593.19 901.21   Q 592.96 901.26 589.53 901.26   Q 586.10 901.27 585.87 901.22   A 0.90 0.89 -3.2 0 1 585.19 900.62   L 567.72 846.02   A 0.19 0.19 0.0 0 1 567.90 845.77   L 574.76 845.76   A 0.33 0.33 0.0 0 1 575.08 846.00   Q 582.10 869.36 588.95 892.92   Q 589.23 893.88 589.52 893.88   Z"/>
<rect fill="#333333" x="640.00" y="845.72" width="7.00" height="55.54" rx="0.33"/>
<path fill="#333333" d="   M 683.55 846.17   A 0.45 0.45 0.0 0 1 684.00 845.72   L 699.23 845.74   A 24.34 24.28 -89.9 0 1 723.47 870.12   L 723.45 876.98   A 24.34 24.28 -89.9 0 1 699.13 901.28   L 683.90 901.26   A 0.45 0.45 0.0 0 1 683.45 900.81   L 683.55 846.17   Z   M 690.55 851.99   L 690.47 895.01   A 0.54 0.54 0.0 0 0 691.01 895.55   L 698.04 895.56   A 18.82 18.09 -89.9 0 0 716.16 876.77   L 716.18 870.31   A 18.82 18.09 -89.9 0 0 698.12 851.46   L 691.09 851.45   A 0.54 0.54 0.0 0 0 690.55 851.99   Z"/>
<path fill="#333333" d="   M 764.18 869.25   L 784.32 869.25   A 0.44 0.44 0.0 0 1 784.76 869.69   L 784.76 874.82   A 0.44 0.44 0.0 0 1 784.32 875.26   L 764.20 875.26   A 0.44 0.44 0.0 0 0 763.76 875.70   L 763.76 894.81   A 0.44 0.44 0.0 0 0 764.20 895.25   L 789.07 895.25   A 0.44 0.44 0.0 0 1 789.51 895.69   L 789.51 900.82   A 0.44 0.44 0.0 0 1 789.07 901.26   L 757.19 901.26   A 0.44 0.44 0.0 0 1 756.75 900.82   L 756.75 846.19   A 0.44 0.44 0.0 0 1 757.19 845.75   L 788.33 845.75   A 0.44 0.44 0.0 0 1 788.77 846.19   L 788.77 851.31   A 0.44 0.44 0.0 0 1 788.33 851.75   L 764.18 851.75   A 0.44 0.44 0.0 0 0 763.74 852.19   L 763.74 868.81   A 0.44 0.44 0.0 0 0 764.18 869.25   Z"/>








                        </g>
                    </svg>