<svg xmlns="http://www.w3.org/2000/svg" 
                      viewBox="0 0 1121.6699999999998 1121.6699999999998" 
                      width="1121.6699999999998" 
                      height="1121.6699999999998"
                      preserveAspectRatio="none"
                      data-content-extracted="true"
                      data-overflow="horizontal:4,vertical:4"
                      data-original-bounds="-90.8,-90.8,1026.87,1026.87">
                        <g transform="translate(92.8, 92.8)">
                          
<g stroke-width="2.00" fill="none" stroke-linecap="butt">
<path vector-effect="non-scaling-stroke" d="   M 808.39 128.90   C 797.45 105.41 776.95 89.00 751.41 83.88   C 727.05 79.00 702.00 85.47 683.04 101.67   C 666.16 116.09 658.04 134.61 647.27 156.22   A 0.58 0.58 0.0 0 1 646.41 156.43   Q 618.74 136.31 586.47 124.51   A 0.55 0.54 26.9 0 1 586.20 123.70   C 597.03 107.43 605.53 91.23 621.62 62.63   C 629.35 48.87 641.05 19.76 621.40 9.91   Q 616.61 7.51 608.29 7.96   Q 595.96 8.62 584.27 16.34   Q 563.57 30.01 557.06 53.32   C 552.25 70.50 555.83 86.04 559.34 104.50   Q 560.56 110.96 560.69 117.13   A 0.47 0.47 0.0 0 1 560.13 117.60   Q 517.54 108.84 474.74 117.65   A 0.44 0.44 0.0 0 1 474.21 117.24   Q 474.01 111.35 475.01 104.75   C 476.83 92.72 479.59 80.75 480.01 68.50   Q 480.16 64.05 479.28 59.99   Q 472.01 26.33 441.78 11.84   C 435.74 8.95 430.20 8.06 423.51 7.90   Q 415.40 7.69 410.09 11.38   C 394.01 22.56 404.82 49.18 412.15 62.37   C 417.29 71.62 423.73 82.11 429.84 93.33   Q 436.13 104.89 443.42 117.10   Q 445.24 120.14 447.83 123.72   A 0.56 0.56 0.0 0 1 447.55 124.57   Q 414.81 135.57 387.48 156.33   A 0.57 0.57 0.0 0 1 386.62 156.13   C 378.67 140.08 370.30 121.38 357.03 107.61   Q 330.53 80.11 291.83 82.58   Q 277.14 83.52 263.27 90.28   Q 237.09 103.05 225.24 129.58   A 0.23 0.23 0.0 0 0 225.62 129.83   C 235.24 119.34 244.25 109.62 259.32 109.97   A 0.49 0.48 -80.3 0 1 259.77 110.61   C 251.86 134.54 256.56 161.72 273.80 180.47   C 289.37 197.42 314.00 205.27 335.88 210.20   A 0.40 0.40 0.0 0 1 336.13 210.81   Q 305.58 257.95 301.10 313.97   A 1.11 1.10 -14.1 0 1 300.58 314.83   C 264.55 337.23 244.98 377.65 245.83 419.76   C 246.35 445.90 253.72 471.42 266.30 494.26   A 0.55 0.55 0.0 0 1 265.96 495.06   Q 258.11 497.19 254.35 504.32   C 253.38 506.17 251.84 510.89 254.12 512.25   C 256.63 513.75 259.10 512.39 260.14 509.92   C 261.93 505.63 263.33 503.03 267.82 501.18   A 0.28 0.28 0.0 0 1 268.18 501.57   Q 263.49 510.45 266.48 519.75   Q 267.20 521.99 268.72 523.11   A 2.19 2.07 -52.1 0 0 271.61 522.67   C 274.34 519.37 274.30 512.85 274.24 508.53   A 0.22 0.22 0.0 0 1 274.61 508.37   L 282.11 515.76   A 1.92 1.74 8.5 0 1 282.34 516.04   Q 284.09 518.49 285.20 519.59   A 1.89 1.49 48.6 0 0 287.36 519.98   C 291.95 516.72 284.82 504.73 282.41 501.36   A 0.34 0.34 0.0 0 1 282.69 500.82   Q 288.73 500.97 290.97 502.06   C 295.42 504.24 298.88 506.61 301.27 505.88   A 2.58 2.56 81.1 0 0 303.09 503.36   C 302.96 496.63 295.31 490.63 289.59 488.47   Q 282.67 485.86 275.73 488.06   A 0.46 0.45 76.5 0 1 275.15 487.70   C 267.77 445.71 271.16 402.57 303.55 371.40   A 0.33 0.33 0.0 0 1 304.10 371.58   C 316.54 437.45 358.35 493.99 418.11 524.46   A 0.94 0.92 9.9 0 1 418.60 525.14   Q 421.78 545.64 429.33 566.66   Q 430.58 570.14 430.13 574.71   C 429.51 581.13 423.40 586.54 417.60 588.86   C 412.86 590.77 406.89 590.82 401.76 591.27   C 392.28 592.11 384.10 593.88 375.76 597.97   C 367.95 601.80 361.57 610.88 357.87 618.45   A 0.44 0.44 0.0 0 0 358.26 619.08   Q 410.12 619.06 439.93 619.09   Q 447.05 619.10 450.00 618.24   C 459.09 615.56 465.26 607.13 465.33 597.62   Q 465.53 571.61 469.10 544.24   A 0.42 0.41 -79.4 0 1 469.61 543.89   Q 477.87 545.85 486.12 546.81   Q 525.62 551.37 564.10 543.82   A 0.64 0.64 0.0 0 1 564.86 544.36   Q 568.21 569.59 568.52 593.60   Q 568.62 600.93 569.83 604.78   C 572.24 612.40 580.38 618.86 588.02 619.02   Q 593.57 619.14 675.79 619.06   A 0.33 0.33 0.0 0 0 676.08 618.57   C 671.41 610.03 665.98 601.73 657.21 597.51   C 648.43 593.29 639.12 591.69 629.28 591.04   Q 620.29 590.44 617.00 589.03   C 610.75 586.35 603.63 580.47 603.71 573.24   Q 603.76 568.78 605.45 564.41   Q 612.87 545.30 615.12 526.06   A 2.48 2.48 0.0 0 1 616.43 524.15   Q 672.55 494.54 704.60 439.60   Q 723.40 407.39 729.88 371.60   A 0.39 0.39 0.0 0 1 730.54 371.40   Q 751.59 392.83 758.12 422.59   C 762.77 443.80 762.20 466.25 758.78 487.86   A 0.46 0.46 0.0 0 1 758.19 488.23   C 747.58 484.87 735.50 490.69 731.13 500.83   Q 730.50 502.30 731.39 504.88   A 1.20 1.19 -89.0 0 0 732.10 505.62   C 735.04 506.77 738.62 504.23 741.55 502.54   Q 744.39 500.91 751.22 500.76   A 0.42 0.41 -72.6 0 1 751.56 501.42   C 749.01 504.94 742.83 514.78 746.12 518.87   C 748.29 521.57 750.67 517.30 751.87 515.54   A 1.90 1.88 -6.1 0 1 752.18 515.16   L 759.33 508.05   A 0.23 0.23 0.0 0 1 759.72 508.22   Q 759.58 513.59 760.41 518.55   C 760.85 521.16 763.13 525.25 766.19 522.52   Q 767.78 521.10 768.44 517.65   Q 769.94 509.72 765.74 502.43   A 0.26 0.26 0.0 0 1 766.08 502.06   Q 769.30 503.59 771.36 506.10   C 772.71 507.74 773.56 510.81 774.34 512.05   A 2.68 2.67 -86.8 0 0 774.90 512.68   C 778.84 515.85 781.87 512.43 780.88 508.36   Q 778.39 498.19 767.92 495.94   A 0.45 0.45 0.0 0 1 767.62 495.28   Q 777.32 477.85 783.02 456.88   Q 792.73 421.19 784.10 386.29   C 777.13 358.13 759.86 332.57 734.55 316.97   A 1.76 1.76 0.0 0 1 733.73 315.62   Q 729.25 259.78 698.83 212.79   A 0.49 0.49 0.0 0 1 699.14 212.04   Q 717.64 207.85 733.03 201.28   C 750.16 193.98 764.56 182.09 771.96 164.69   C 779.10 147.88 780.75 130.10 775.17 112.59   A 0.64 0.64 0.0 0 1 775.70 111.76   C 790.74 109.98 798.65 119.94 807.78 129.32   A 0.38 0.38 0.0 0 0 808.39 128.90"/>
<path vector-effect="non-scaling-stroke" d="   M 97.61 800.42   C 102.77 800.42 107.25 797.72 109.78 793.30   Q 123.93 768.61 159.39 706.39   A 0.21 0.21 0.0 0 1 159.79 706.49   L 159.79 797.87   A 0.39 0.38 -0.0 0 0 160.18 798.25   L 187.49 798.25   A 0.65 0.64 -0.0 0 0 188.14 797.61   Q 188.11 657.29 188.12 656.24   C 188.21 646.91 181.86 639.96 172.45 640.70   Q 165.41 641.25 161.62 647.83   Q 128.03 706.09 97.84 758.56   Q 97.76 758.71 97.60 758.71   Q 97.45 758.71 97.37 758.56   Q 67.16 706.10 33.55 647.85   Q 29.76 641.27 22.72 640.72   C 13.31 639.99 6.96 646.94 7.05 656.27   Q 7.06 657.32 7.08 797.64   A 0.65 0.64 -0.0 0 0 7.73 798.28   L 35.04 798.27   A 0.39 0.38 -0.0 0 0 35.43 797.89   L 35.40 706.51   A 0.21 0.21 0.0 0 1 35.80 706.41   Q 71.28 768.62 85.43 793.30   C 87.97 797.73 92.45 800.42 97.61 800.42"/>
<path vector-effect="non-scaling-stroke" d="   M 711.33 798.27   A 0.42 0.42 0.0 0 0 711.75 797.85   L 711.75 709.68   A 0.42 0.42 0.0 0 1 712.17 709.26   L 760.59 709.26   A 0.42 0.42 0.0 0 0 761.01 708.84   L 761.01 681.42   A 0.42 0.42 0.0 0 0 760.59 681.00   L 712.17 681.00   A 0.42 0.42 0.0 0 1 711.75 680.58   L 711.75 643.17   A 0.42 0.42 0.0 0 0 711.33 642.75   L 683.65 642.75   A 0.42 0.42 0.0 0 0 683.23 643.17   L 683.23 680.58   A 0.42 0.42 0.0 0 1 682.81 681.00   L 646.95 681.00   A 0.42 0.42 0.0 0 0 646.53 681.42   L 646.53 708.84   A 0.42 0.42 0.0 0 0 646.95 709.26   L 682.81 709.26   A 0.42 0.42 0.0 0 1 683.23 709.68   L 683.23 797.85   A 0.42 0.42 0.0 0 0 683.65 798.27   L 711.33 798.27"/>
<path vector-effect="non-scaling-stroke" d="   M 344.5353 719.4533   A 38.31 38.31 0.0 0 0 306.2922 681.0765   L 253.0723 680.9836   A 38.31 38.31 0.0 0 0 214.6955 719.2267   L 214.6247 759.8067   A 38.31 38.31 0.0 0 0 252.8678 798.1835   L 306.0877 798.2764   A 38.31 38.31 0.0 0 0 344.4645 760.0333   L 344.5353 719.4533"/>
<path vector-effect="non-scaling-stroke" d="   M 498.44 797.88   Q 498.69 759.66 498.38 732.06   Q 498.08 704.67 476.51 690.05   C 467.49 683.94 455.88 680.98 445.00 680.99   Q 391.03 681.03 386.60 680.98   C 378.77 680.89 373.49 682.14 369.97 688.57   Q 368.53 691.19 368.54 700.72   Q 368.57 794.68 368.56 797.60   A 0.67 0.67 0.0 0 0 369.23 798.27   L 396.34 798.27   A 0.46 0.45 90.0 0 0 396.79 797.81   L 396.79 709.87   A 0.59 0.58 0.0 0 1 397.38 709.29   Q 439.13 709.14 447.34 709.39   Q 461.96 709.85 468.27 723.05   C 469.92 726.51 470.27 731.53 470.27 735.25   Q 470.30 766.04 470.27 797.87   A 0.40 0.39 0.0 0 0 470.67 798.26   L 498.05 798.26   A 0.39 0.39 0.0 0 0 498.44 797.88"/>
<path vector-effect="non-scaling-stroke" d="   M 622.61 708.99   L 622.61 681.34   A 0.33 0.33 0.0 0 0 622.28 681.01   Q 568.32 680.96 554.51 681.05   C 538.36 681.16 524.10 689.79 520.29 705.51   C 517.13 718.56 521.16 732.66 532.16 740.67   C 539.22 745.81 545.33 747.19 554.51 747.22   Q 568.35 747.27 596.25 747.26   C 603.62 747.25 607.85 750.49 608.38 758.03   C 608.86 764.94 604.66 769.83 597.67 769.91   Q 583.39 770.07 521.24 769.97   A 0.66 0.65 -90.0 0 0 520.59 770.63   L 520.59 797.79   A 0.46 0.46 0.0 0 0 521.05 798.25   Q 551.22 798.34 595.74 798.24   C 620.77 798.19 638.56 780.50 636.27 755.16   Q 635.32 744.57 629.30 735.40   C 621.39 723.32 609.16 719.15 595.50 719.20   Q 559.07 719.32 553.37 719.18   Q 550.71 719.11 550.23 719.03   A 2.31 2.29 -16.2 0 1 548.89 718.30   Q 546.75 715.90 547.72 712.01   C 548.39 709.28 552.98 709.26 555.25 709.25   Q 571.14 709.23 622.32 709.28   A 0.29 0.29 0.0 0 0 622.61 708.99"/>
<path vector-effect="non-scaling-stroke" d="   M 815.52 732.39   L 815.52 758.35   A 0.41 0.41 0.0 0 0 815.93 758.76   Q 849.32 758.74 867.27 758.74   C 883.39 758.73 898.02 748.38 902.92 732.92   C 907.85 717.31 904.85 701.09 892.21 690.28   C 884.63 683.80 874.87 681.04 864.75 681.02   Q 855.55 681.00 815.49 681.00   C 793.41 681.00 777.10 697.62 776.75 719.55   Q 776.62 728.11 776.72 759.78   Q 776.76 773.43 784.07 782.97   C 792.21 793.61 803.94 798.21 817.75 798.26   Q 842.24 798.34 865.82 798.20   A 0.59 0.59 0.0 0 0 866.41 797.61   L 866.41 771.63   A 0.37 0.37 0.0 0 0 866.04 771.26   Q 819.04 771.19 816.57 771.28   C 808.58 771.58 803.48 767.24 803.51 758.75   Q 803.59 737.15 803.45 726.30   Q 803.33 716.68 805.05 713.39   Q 807.99 707.81 816.27 707.79   Q 835.06 707.77 860.40 707.72   Q 869.15 707.71 871.45 708.70   C 878.94 711.91 880.56 721.50 875.73 727.61   Q 872.34 731.89 865.98 731.93   Q 847.11 732.06 815.94 731.97   A 0.42 0.42 0.0 0 0 815.52 732.39"/>
<path vector-effect="non-scaling-stroke" d="   M 951.71 797.55   Q 951.77 794.04 951.75 720.51   C 951.74 711.15 957.66 709.28 965.50 709.26   Q 969.95 709.24 1026.41 709.25   A 0.46 0.46 0.0 0 0 1026.87 708.79   L 1026.87 681.57   A 0.56 0.55 -90.0 0 0 1026.32 681.01   Q 997.21 680.97 971.44 681.01   C 963.75 681.02 957.24 680.98 949.75 683.40   C 933.07 688.79 923.68 702.76 923.61 720.28   Q 923.56 735.56 923.60 797.74   A 0.52 0.51 89.4 0 0 924.11 798.25   L 951.01 798.25   A 0.71 0.70 -89.6 0 0 951.71 797.55"/>
<path vector-effect="non-scaling-stroke" d="   M 425.82 871.60   C 425.86 886.08 433.30 900.32 449.61 900.28   C 465.92 900.24 473.29 885.97 473.25 871.49   C 473.22 857.00 465.78 842.76 449.47 842.80   C 433.16 842.84 425.79 857.12 425.82 871.60"/>
<path vector-effect="non-scaling-stroke" d="   M 542.22 869.25   A 0.36 0.36 0.0 0 0 541.87 869.52   Q 539.63 877.95 534.58 885.26   A 0.58 0.58 0.0 0 1 533.74 885.38   Q 525.95 879.05 520.24 870.46   A 0.39 0.38 -32.7 0 1 520.36 869.92   C 527.05 865.62 534.72 859.01 532.04 849.93   C 530.49 844.71 525.54 842.25 520.32 842.88   C 511.33 843.96 507.53 851.72 509.36 860.18   Q 510.24 864.22 512.22 868.43   A 0.71 0.71 0.0 0 1 511.97 869.33   C 505.93 873.24 500.87 878.88 501.69 886.70   C 502.76 896.98 512.24 901.38 521.80 900.06   Q 528.71 899.11 534.06 894.24   A 0.59 0.59 0.0 0 1 534.80 894.19   Q 540.25 898.03 546.54 900.15   A 0.79 0.79 0.0 0 0 547.54 899.64   L 548.92 895.29   A 0.80 0.80 0.0 0 0 548.41 894.29   Q 543.68 892.74 539.17 889.58   A 0.57 0.57 0.0 0 1 539.03 888.78   Q 545.31 880.07 548.32 869.49   A 0.20 0.19 6.9 0 0 548.13 869.25   L 542.22 869.25"/>
<path vector-effect="non-scaling-stroke" d="   M 823.35 871.57   C 823.37 886.06 830.80 900.30 847.11 900.28   C 863.42 900.25 870.80 885.98 870.78 871.50   C 870.76 857.02 863.33 842.77 847.02 842.79   C 830.71 842.82 823.32 857.09 823.35 871.57"/>
<path vector-effect="non-scaling-stroke" d="   M 185.89 882.49   Q 194.78 882.50 195.45 882.49   A 0.47 0.46 79.7 0 1 195.90 882.81   L 201.40 899.13   A 0.23 0.22 80.9 0 0 201.61 899.29   L 208.36 899.29   A 0.16 0.15 -10.2 0 0 208.51 899.08   L 190.13 844.42   A 0.85 0.85 0.0 0 0 189.37 843.84   Q 187.67 843.74 185.94 843.73   Q 184.21 843.73 182.51 843.83   A 0.85 0.85 0.0 0 0 181.75 844.41   L 163.22 899.02   A 0.16 0.15 10.3 0 0 163.37 899.23   L 170.12 899.25   A 0.23 0.22 -80.8 0 0 170.33 899.09   L 175.88 882.78   A 0.47 0.46 -79.6 0 1 176.33 882.46   Q 177.00 882.48 185.89 882.49"/>
<path vector-effect="non-scaling-stroke" d="   M 256.28 900.28   C 269.99 900.25 276.04 890.77 276.06 877.99   Q 276.09 853.01 276.03 844.13   A 0.43 0.42 90.0 0 0 275.61 843.70   L 269.56 843.70   A 0.42 0.42 0.0 0 0 269.14 844.13   Q 269.21 869.46 269.19 877.49   C 269.17 885.87 266.21 894.15 256.26 894.18   C 246.31 894.20 243.32 885.92 243.26 877.55   Q 243.20 869.52 243.16 844.19   A 0.42 0.42 0.0 0 0 242.74 843.76   L 236.69 843.79   A 0.43 0.42 89.7 0 0 236.27 844.22   Q 236.25 853.10 236.39 878.08   C 236.47 890.86 242.56 900.32 256.28 900.28"/>
<path vector-effect="non-scaling-stroke" d="   M 312.28 844.25   L 312.18 898.72   A 0.57 0.57 0.0 0 0 312.75 899.30   L 327.88 899.32   A 24.40 24.38 0.1 0 0 352.32 874.98   L 352.34 868.12   A 24.40 24.38 0.1 0 0 327.98 843.70   L 312.85 843.68   A 0.57 0.57 0.0 0 0 312.28 844.25"/>
<path vector-effect="non-scaling-stroke" d="   M 392.52 844.21   A 0.49 0.49 0.0 0 0 392.03 843.72   L 385.99 843.72   A 0.49 0.49 0.0 0 0 385.50 844.21   L 385.50 898.73   A 0.49 0.49 0.0 0 0 385.99 899.22   L 392.03 899.22   A 0.49 0.49 0.0 0 0 392.52 898.73   L 392.52 844.21"/>
<path vector-effect="non-scaling-stroke" d="   M 593.53 899.26   Q 597.03 899.26 597.20 899.22   A 0.88 0.86 2.5 0 0 597.86 898.63   L 615.24 843.95   A 0.17 0.16 9.7 0 0 615.08 843.73   L 608.18 843.73   A 0.33 0.32 8.5 0 0 607.87 843.95   Q 600.79 867.79 593.92 891.52   Q 593.85 891.78 593.52 891.78   Q 593.20 891.78 593.12 891.52   Q 586.21 867.80 579.09 843.98   A 0.33 0.32 -8.6 0 0 578.78 843.76   L 571.88 843.77   A 0.17 0.16 -9.8 0 0 571.72 843.99   L 589.20 898.64   A 0.88 0.86 -2.6 0 0 589.86 899.23   Q 590.04 899.26 593.53 899.26"/>
<path vector-effect="non-scaling-stroke" d="   M 650.99 844.07   A 0.35 0.35 0.0 0 0 650.64 843.72   L 644.36 843.72   A 0.35 0.35 0.0 0 0 644.01 844.07   L 644.01 898.89   A 0.35 0.35 0.0 0 0 644.36 899.24   L 650.64 899.24   A 0.35 0.35 0.0 0 0 650.99 898.89   L 650.99 844.07"/>
<path vector-effect="non-scaling-stroke" d="   M 687.55 844.17   L 687.45 898.81   A 0.45 0.45 0.0 0 0 687.90 899.26   L 703.11 899.28   A 24.35 24.30 -89.9 0 0 727.45 874.97   L 727.47 868.13   A 24.35 24.30 -89.9 0 0 703.21 843.74   L 688.00 843.72   A 0.45 0.45 0.0 0 0 687.55 844.17"/>
<path vector-effect="non-scaling-stroke" d="   M 768.21 867.23   A 0.44 0.44 0.0 0 1 767.77 866.79   L 767.77 850.20   A 0.44 0.44 0.0 0 1 768.21 849.76   L 792.34 849.76   A 0.44 0.44 0.0 0 0 792.78 849.32   L 792.78 844.19   A 0.44 0.44 0.0 0 0 792.34 843.75   L 761.18 843.75   A 0.44 0.44 0.0 0 0 760.74 844.19   L 760.74 898.83   A 0.44 0.44 0.0 0 0 761.18 899.27   L 793.08 899.27   A 0.44 0.44 0.0 0 0 793.52 898.83   L 793.52 893.68   A 0.44 0.44 0.0 0 0 793.08 893.24   L 768.21 893.24   A 0.44 0.44 0.0 0 1 767.77 892.80   L 767.77 873.71   A 0.44 0.44 0.0 0 1 768.21 873.27   L 788.34 873.27   A 0.44 0.44 0.0 0 0 788.78 872.83   L 788.78 867.67   A 0.44 0.44 0.0 0 0 788.34 867.23   L 768.21 867.23"/>
<path vector-effect="non-scaling-stroke" d="   M 454.5651 190.3407   A 50.59 48.65 -90.3 0 0 406.1807 241.1847   A 50.59 48.65 -90.3 0 0 455.0949 291.5193   A 50.59 48.65 -90.3 0 0 503.4793 240.6753   A 50.59 48.65 -90.3 0 0 454.5651 190.3407"/>
<path vector-effect="non-scaling-stroke" d="   M 578.3339 190.3849   A 50.57 48.66 -90.8 0 0 530.3847 241.6294   A 50.57 48.66 -90.8 0 0 579.7461 291.5151   A 50.57 48.66 -90.8 0 0 627.6953 240.2706   A 50.57 48.66 -90.8 0 0 578.3339 190.3849"/>
<path vector-effect="non-scaling-stroke" d="   M 630.53 320.42   Q 616.79 334.91 598.64 344.13   Q 581.40 352.89 563.04 357.29   C 524.70 366.47 483.25 365.07 445.53 352.00   Q 416.07 341.79 394.51 320.17   A 0.13 0.13 0.0 0 0 394.30 320.33   C 403.11 336.81 417.99 349.18 434.18 358.12   A 0.62 0.61 -58.8 0 1 434.39 359.00   Q 429.55 366.19 427.42 370.58   C 424.49 376.59 422.50 380.58 426.30 386.44   C 431.35 394.24 439.81 397.90 448.51 399.01   C 452.25 399.49 460.48 398.72 463.32 395.05   C 467.74 389.33 469.43 379.91 470.99 372.39   A 0.65 0.64 11.9 0 1 471.76 371.89   C 484.58 374.74 497.30 376.49 509.87 376.46   A 0.44 0.43 -84.2 0 1 510.30 376.99   C 509.26 381.98 507.18 392.13 508.96 396.33   C 511.44 402.16 522.02 406.35 527.62 407.60   C 540.91 410.57 559.51 409.10 567.89 396.91   Q 569.57 394.47 569.32 392.25   C 568.53 385.28 563.42 377.30 559.32 371.35   A 0.32 0.31 63.7 0 1 559.48 370.87   L 575.59 365.45   A 0.77 0.75 -20.5 0 1 576.53 365.87   Q 580.41 374.97 585.60 382.66   Q 588.23 386.55 591.10 388.14   C 598.05 392.00 608.39 388.00 614.45 383.71   Q 621.56 378.68 624.88 370.91   C 626.89 366.22 625.57 362.90 622.69 359.07   Q 617.18 351.74 609.33 346.38   A 0.58 0.58 0.0 0 1 609.30 345.45   Q 615.44 340.46 620.45 334.96   Q 626.36 328.47 630.84 320.65   A 0.19 0.19 0.0 0 0 630.53 320.42"/>
<path vector-effect="non-scaling-stroke" d="   M 475.47 238.56   C 473.39 241.55 468.46 243.01 465.46 240.73   C 461.15 237.45 461.97 232.10 465.79 228.85   A 0.40 0.40 0.0 0 0 465.64 228.16   Q 462.24 227.21 460.59 226.93   C 452.60 225.58 445.15 229.57 441.20 236.35   C 436.25 244.84 439.48 255.10 446.99 260.76   C 462.50 272.45 483.69 256.73 476.24 238.64   A 0.44 0.44 0.0 0 0 475.47 238.56"/>
<path vector-effect="non-scaling-stroke" d="   M 592.96 238.92   A 0.49 0.49 0.0 0 0 592.14 238.76   C 584.43 246.90 573.85 237.22 582.25 228.90   A 0.43 0.42 -57.6 0 0 582.10 228.20   Q 572.84 224.86 565.39 228.93   C 558.39 232.75 554.36 240.26 555.44 248.25   C 557.18 261.21 573.19 268.95 584.38 262.42   C 592.87 257.47 596.49 248.27 592.96 238.92"/>
<path vector-effect="non-scaling-stroke" d="   M 456.3287 246.0677   A 4.82 4.61 -47.3 0 0 449.6720 246.4837   A 4.82 4.61 -47.3 0 0 449.7913 253.1523   A 4.82 4.61 -47.3 0 0 456.4480 252.7363   A 4.82 4.61 -47.3 0 0 456.3287 246.0677"/>
<path vector-effect="non-scaling-stroke" d="   M 575.24 249.49   A 4.79 4.79 0.0 0 0 570.45 244.70   A 4.79 4.79 0.0 0 0 565.66 249.49   A 4.79 4.79 0.0 0 0 570.45 254.28   A 4.79 4.79 0.0 0 0 575.24 249.49"/>
<path vector-effect="non-scaling-stroke" d="   M 316.38 719.37   A 10.10 10.10 0.0 0 0 306.28 709.27   L 252.96 709.27   A 10.10 10.10 0.0 0 0 242.86 719.37   L 242.86 759.87   A 10.10 10.10 0.0 0 0 252.96 769.97   L 306.28 769.97   A 10.10 10.10 0.0 0 0 316.38 759.87   L 316.38 719.37"/>
<path vector-effect="non-scaling-stroke" d="   M 433.16 871.53   C 433.15 881.52 437.27 894.11 449.51 894.12   C 461.74 894.13 465.89 881.55 465.90 871.57   C 465.91 861.58 461.79 848.99 449.56 848.98   C 437.32 848.96 433.17 861.55 433.16 871.53"/>
<path vector-effect="non-scaling-stroke" d="   M 517.34 865.38   Q 517.43 865.41 517.48 865.37   C 522.30 862.63 528.10 858.10 526.67 852.00   Q 525.96 848.99 523.13 848.04   Q 520.30 847.10 517.92 849.08   C 513.11 853.10 515.03 860.20 517.23 865.29   Q 517.25 865.35 517.34 865.38"/>
<path vector-effect="non-scaling-stroke" d="   M 529.20 889.71   Q 521.21 882.54 515.70 874.42   A 0.64 0.64 0.0 0 0 514.76 874.29   C 509.92 878.30 506.31 883.25 509.69 889.54   C 513.67 896.94 523.56 895.53 529.19 890.73   A 0.68 0.67 45.8 0 0 529.20 889.71"/>
<path vector-effect="non-scaling-stroke" d="   M 830.67 871.53   C 830.66 881.52 834.79 894.11 847.03 894.12   C 859.27 894.13 863.41 881.54 863.42 871.55   C 863.43 861.56 859.30 848.97 847.06 848.96   C 834.81 848.95 830.67 861.54 830.67 871.53"/>
<path vector-effect="non-scaling-stroke" d="   M 185.80 876.75   Q 189.94 876.75 193.76 876.68   A 0.26 0.26 0.0 0 0 194.01 876.34   Q 188.56 858.99 186.02 849.95   Q 185.97 849.79 185.79 849.79   Q 185.61 849.79 185.56 849.95   Q 183.03 858.99 177.59 876.35   A 0.26 0.26 0.0 0 0 177.84 876.69   Q 181.66 876.75 185.80 876.75"/>
<path vector-effect="non-scaling-stroke" d="   M 319.25 850.05   L 319.25 892.97   A 0.57 0.57 0.0 0 0 319.82 893.54   L 326.79 893.54   A 18.71 18.20 90.0 0 0 344.99 874.83   L 344.99 868.19   A 18.71 18.20 -90.0 0 0 326.79 849.48   L 319.82 849.48   A 0.57 0.57 0.0 0 0 319.25 850.05"/>
<path vector-effect="non-scaling-stroke" d="   M 694.51 850.01   L 694.51 893.03   A 0.54 0.54 0.0 0 0 695.05 893.57   L 702.08 893.57   A 18.83 18.09 90.0 0 0 720.17 874.74   L 720.17 868.30   A 18.83 18.09 -90.0 0 0 702.08 849.47   L 695.05 849.47   A 0.54 0.54 0.0 0 0 694.51 850.01"/>
</g>

<path fill="#333333" d="   M 807.78 129.32   C 798.65 119.94 790.74 109.98 775.70 111.76   A 0.64 0.64 0.0 0 0 775.17 112.59   C 780.75 130.10 779.10 147.88 771.96 164.69   C 764.56 182.09 750.16 193.98 733.03 201.28   Q 717.64 207.85 699.14 212.04   A 0.49 0.49 0.0 0 0 698.83 212.79   Q 729.25 259.78 733.73 315.62   A 1.76 1.76 0.0 0 0 734.55 316.97   C 759.86 332.57 777.13 358.13 784.10 386.29   Q 792.73 421.19 783.02 456.88   Q 777.32 477.85 767.62 495.28   A 0.45 0.45 0.0 0 0 767.92 495.94   Q 778.39 498.19 780.88 508.36   C 781.87 512.43 778.84 515.85 774.90 512.68   A 2.68 2.67 -86.8 0 1 774.34 512.05   C 773.56 510.81 772.71 507.74 771.36 506.10   Q 769.30 503.59 766.08 502.06   A 0.26 0.26 0.0 0 0 765.74 502.43   Q 769.94 509.72 768.44 517.65   Q 767.78 521.10 766.19 522.52   C 763.13 525.25 760.85 521.16 760.41 518.55   Q 759.58 513.59 759.72 508.22   A 0.23 0.23 0.0 0 0 759.33 508.05   L 752.18 515.16   A 1.90 1.88 -6.1 0 0 751.87 515.54   C 750.67 517.30 748.29 521.57 746.12 518.87   C 742.83 514.78 749.01 504.94 751.56 501.42   A 0.42 0.41 -72.6 0 0 751.22 500.76   Q 744.39 500.91 741.55 502.54   C 738.62 504.23 735.04 506.77 732.10 505.62   A 1.20 1.19 -89.0 0 1 731.39 504.88   Q 730.50 502.30 731.13 500.83   C 735.50 490.69 747.58 484.87 758.19 488.23   A 0.46 0.46 0.0 0 0 758.78 487.86   C 762.20 466.25 762.77 443.80 758.12 422.59   Q 751.59 392.83 730.54 371.40   A 0.39 0.39 0.0 0 0 729.88 371.60   Q 723.40 407.39 704.60 439.60   Q 672.55 494.54 616.43 524.15   A 2.48 2.48 0.0 0 0 615.12 526.06   Q 612.87 545.30 605.45 564.41   Q 603.76 568.78 603.71 573.24   C 603.63 580.47 610.75 586.35 617.00 589.03   Q 620.29 590.44 629.28 591.04   C 639.12 591.69 648.43 593.29 657.21 597.51   C 665.98 601.73 671.41 610.03 676.08 618.57   A 0.33 0.33 0.0 0 1 675.79 619.06   Q 593.57 619.14 588.02 619.02   C 580.38 618.86 572.24 612.40 569.83 604.78   Q 568.62 600.93 568.52 593.60   Q 568.21 569.59 564.86 544.36   A 0.64 0.64 0.0 0 0 564.10 543.82   Q 525.62 551.37 486.12 546.81   Q 477.87 545.85 469.61 543.89   A 0.42 0.41 -79.4 0 0 469.10 544.24   Q 465.53 571.61 465.33 597.62   C 465.26 607.13 459.09 615.56 450.00 618.24   Q 447.05 619.10 439.93 619.09   Q 410.12 619.06 358.26 619.08   A 0.44 0.44 0.0 0 1 357.87 618.45   C 361.57 610.88 367.95 601.80 375.76 597.97   C 384.10 593.88 392.28 592.11 401.76 591.27   C 406.89 590.82 412.86 590.77 417.60 588.86   C 423.40 586.54 429.51 581.13 430.13 574.71   Q 430.58 570.14 429.33 566.66   Q 421.78 545.64 418.60 525.14   A 0.94 0.92 9.9 0 0 418.11 524.46   C 358.35 493.99 316.54 437.45 304.10 371.58   A 0.33 0.33 0.0 0 0 303.55 371.40   C 271.16 402.57 267.77 445.71 275.15 487.70   A 0.46 0.45 76.5 0 0 275.73 488.06   Q 282.67 485.86 289.59 488.47   C 295.31 490.63 302.96 496.63 303.09 503.36   A 2.58 2.56 81.1 0 1 301.27 505.88   C 298.88 506.61 295.42 504.24 290.97 502.06   Q 288.73 500.97 282.69 500.82   A 0.34 0.34 0.0 0 0 282.41 501.36   C 284.82 504.73 291.95 516.72 287.36 519.98   A 1.89 1.49 48.6 0 1 285.20 519.59   Q 284.09 518.49 282.34 516.04   A 1.92 1.74 8.5 0 0 282.11 515.76   L 274.61 508.37   A 0.22 0.22 0.0 0 0 274.24 508.53   C 274.30 512.85 274.34 519.37 271.61 522.67   A 2.19 2.07 -52.1 0 1 268.72 523.11   Q 267.20 521.99 266.48 519.75   Q 263.49 510.45 268.18 501.57   A 0.28 0.28 0.0 0 0 267.82 501.18   C 263.33 503.03 261.93 505.63 260.14 509.92   C 259.10 512.39 256.63 513.75 254.12 512.25   C 251.84 510.89 253.38 506.17 254.35 504.32   Q 258.11 497.19 265.96 495.06   A 0.55 0.55 0.0 0 0 266.30 494.26   C 253.72 471.42 246.35 445.90 245.83 419.76   C 244.98 377.65 264.55 337.23 300.58 314.83   A 1.11 1.10 -14.1 0 0 301.10 313.97   Q 305.58 257.95 336.13 210.81   A 0.40 0.40 0.0 0 0 335.88 210.20   C 314.00 205.27 289.37 197.42 273.80 180.47   C 256.56 161.72 251.86 134.54 259.77 110.61   A 0.49 0.48 -80.3 0 0 259.32 109.97   C 244.25 109.62 235.24 119.34 225.62 129.83   A 0.23 0.23 0.0 0 1 225.24 129.58   Q 237.09 103.05 263.27 90.28   Q 277.14 83.52 291.83 82.58   Q 330.53 80.11 357.03 107.61   C 370.30 121.38 378.67 140.08 386.62 156.13   A 0.57 0.57 0.0 0 0 387.48 156.33   Q 414.81 135.57 447.55 124.57   A 0.56 0.56 0.0 0 0 447.83 123.72   Q 445.24 120.14 443.42 117.10   Q 436.13 104.89 429.84 93.33   C 423.73 82.11 417.29 71.62 412.15 62.37   C 404.82 49.18 394.01 22.56 410.09 11.38   Q 415.40 7.69 423.51 7.90   C 430.20 8.06 435.74 8.95 441.78 11.84   Q 472.01 26.33 479.28 59.99   Q 480.16 64.05 480.01 68.50   C 479.59 80.75 476.83 92.72 475.01 104.75   Q 474.01 111.35 474.21 117.24   A 0.44 0.44 0.0 0 0 474.74 117.65   Q 517.54 108.84 560.13 117.60   A 0.47 0.47 0.0 0 0 560.69 117.13   Q 560.56 110.96 559.34 104.50   C 555.83 86.04 552.25 70.50 557.06 53.32   Q 563.57 30.01 584.27 16.34   Q 595.96 8.62 608.29 7.96   Q 616.61 7.51 621.40 9.91   C 641.05 19.76 629.35 48.87 621.62 62.63   C 605.53 91.23 597.03 107.43 586.20 123.70   A 0.55 0.54 26.9 0 0 586.47 124.51   Q 618.74 136.31 646.41 156.43   A 0.58 0.58 0.0 0 0 647.27 156.22   C 658.04 134.61 666.16 116.09 683.04 101.67   C 702.00 85.47 727.05 79.00 751.41 83.88   C 776.95 89.00 797.45 105.41 808.39 128.90   A 0.38 0.38 0.0 0 1 807.78 129.32   Z   M 454.5651 190.3407   A 50.59 48.65 -90.3 0 0 406.1807 241.1847   A 50.59 48.65 -90.3 0 0 455.0949 291.5193   A 50.59 48.65 -90.3 0 0 503.4793 240.6753   A 50.59 48.65 -90.3 0 0 454.5651 190.3407   Z   M 578.3339 190.3849   A 50.57 48.66 -90.8 0 0 530.3847 241.6294   A 50.57 48.66 -90.8 0 0 579.7461 291.5151   A 50.57 48.66 -90.8 0 0 627.6953 240.2706   A 50.57 48.66 -90.8 0 0 578.3339 190.3849   Z   M 630.53 320.42   Q 616.79 334.91 598.64 344.13   Q 581.40 352.89 563.04 357.29   C 524.70 366.47 483.25 365.07 445.53 352.00   Q 416.07 341.79 394.51 320.17   A 0.13 0.13 0.0 0 0 394.30 320.33   C 403.11 336.81 417.99 349.18 434.18 358.12   A 0.62 0.61 -58.8 0 1 434.39 359.00   Q 429.55 366.19 427.42 370.58   C 424.49 376.59 422.50 380.58 426.30 386.44   C 431.35 394.24 439.81 397.90 448.51 399.01   C 452.25 399.49 460.48 398.72 463.32 395.05   C 467.74 389.33 469.43 379.91 470.99 372.39   A 0.65 0.64 11.9 0 1 471.76 371.89   C 484.58 374.74 497.30 376.49 509.87 376.46   A 0.44 0.43 -84.2 0 1 510.30 376.99   C 509.26 381.98 507.18 392.13 508.96 396.33   C 511.44 402.16 522.02 406.35 527.62 407.60   C 540.91 410.57 559.51 409.10 567.89 396.91   Q 569.57 394.47 569.32 392.25   C 568.53 385.28 563.42 377.30 559.32 371.35   A 0.32 0.31 63.7 0 1 559.48 370.87   L 575.59 365.45   A 0.77 0.75 -20.5 0 1 576.53 365.87   Q 580.41 374.97 585.60 382.66   Q 588.23 386.55 591.10 388.14   C 598.05 392.00 608.39 388.00 614.45 383.71   Q 621.56 378.68 624.88 370.91   C 626.89 366.22 625.57 362.90 622.69 359.07   Q 617.18 351.74 609.33 346.38   A 0.58 0.58 0.0 0 1 609.30 345.45   Q 615.44 340.46 620.45 334.96   Q 626.36 328.47 630.84 320.65   A 0.19 0.19 0.0 0 0 630.53 320.42   Z"/>


<path fill="#333333" d="   M 475.47 238.56   A 0.44 0.44 0.0 0 1 476.24 238.64   C 483.69 256.73 462.50 272.45 446.99 260.76   C 439.48 255.10 436.25 244.84 441.20 236.35   C 445.15 229.57 452.60 225.58 460.59 226.93   Q 462.24 227.21 465.64 228.16   A 0.40 0.40 0.0 0 1 465.79 228.85   C 461.97 232.10 461.15 237.45 465.46 240.73   C 468.46 243.01 473.39 241.55 475.47 238.56   Z   M 456.3287 246.0677   A 4.82 4.61 -47.3 0 0 449.6720 246.4837   A 4.82 4.61 -47.3 0 0 449.7913 253.1523   A 4.82 4.61 -47.3 0 0 456.4480 252.7363   A 4.82 4.61 -47.3 0 0 456.3287 246.0677   Z"/>
<path fill="#333333" d="   M 592.96 238.92   C 596.49 248.27 592.87 257.47 584.38 262.42   C 573.19 268.95 557.18 261.21 555.44 248.25   C 554.36 240.26 558.39 232.75 565.39 228.93   Q 572.84 224.86 582.10 228.20   A 0.43 0.42 -57.6 0 1 582.25 228.90   C 573.85 237.22 584.43 246.90 592.14 238.76   A 0.49 0.49 0.0 0 1 592.96 238.92   Z   M 575.24 249.49   A 4.79 4.79 0.0 0 0 570.45 244.70   A 4.79 4.79 0.0 0 0 565.66 249.49   A 4.79 4.79 0.0 0 0 570.45 254.28   A 4.79 4.79 0.0 0 0 575.24 249.49   Z"/>



<path fill="#333333" d="   M 97.60 758.71   Q 97.76 758.71 97.84 758.56   Q 128.03 706.09 161.62 647.83   Q 165.41 641.25 172.45 640.70   C 181.86 639.96 188.21 646.91 188.12 656.24   Q 188.11 657.29 188.14 797.61   A 0.65 0.64 0.0 0 1 187.49 798.25   L 160.18 798.25   A 0.39 0.38 -0.0 0 1 159.79 797.87   L 159.79 706.49   A 0.21 0.21 0.0 0 0 159.39 706.39   Q 123.93 768.61 109.78 793.30   C 107.25 797.72 102.77 800.42 97.61 800.42   C 92.45 800.42 87.97 797.73 85.43 793.30   Q 71.28 768.62 35.80 706.41   A 0.21 0.21 0.0 0 0 35.40 706.51   L 35.43 797.89   A 0.39 0.38 -0.0 0 1 35.04 798.27   L 7.73 798.28   A 0.65 0.64 -0.0 0 1 7.08 797.64   Q 7.06 657.32 7.05 656.27   C 6.96 646.94 13.31 639.99 22.72 640.72   Q 29.76 641.27 33.55 647.85   Q 67.16 706.10 97.37 758.56   Q 97.45 758.71 97.60 758.71   Z"/>
<path fill="#333333" d="   M 711.33 798.27   L 683.65 798.27   A 0.42 0.42 0.0 0 1 683.23 797.85   L 683.23 709.68   A 0.42 0.42 0.0 0 0 682.81 709.26   L 646.95 709.26   A 0.42 0.42 0.0 0 1 646.53 708.84   L 646.53 681.42   A 0.42 0.42 0.0 0 1 646.95 681.00   L 682.81 681.00   A 0.42 0.42 0.0 0 0 683.23 680.58   L 683.23 643.17   A 0.42 0.42 0.0 0 1 683.65 642.75   L 711.33 642.75   A 0.42 0.42 0.0 0 1 711.75 643.17   L 711.75 680.58   A 0.42 0.42 0.0 0 0 712.17 681.00   L 760.59 681.00   A 0.42 0.42 0.0 0 1 761.01 681.42   L 761.01 708.84   A 0.42 0.42 0.0 0 1 760.59 709.26   L 712.17 709.26   A 0.42 0.42 0.0 0 0 711.75 709.68   L 711.75 797.85   A 0.42 0.42 0.0 0 1 711.33 798.27   Z"/>
<path fill="#333333" d="   M 344.4645 760.0333   A 38.31 38.31 0.0 0 1 306.0877 798.2764   L 252.8678 798.1835   A 38.31 38.31 0.0 0 1 214.6247 759.8067   L 214.6955 719.2267   A 38.31 38.31 0.0 0 1 253.0723 680.9836   L 306.2922 681.0765   A 38.31 38.31 0.0 0 1 344.5353 719.4533   L 344.4645 760.0333   Z   M 316.38 719.37   A 10.10 10.10 0.0 0 0 306.28 709.27   L 252.96 709.27   A 10.10 10.10 0.0 0 0 242.86 719.37   L 242.86 759.87   A 10.10 10.10 0.0 0 0 252.96 769.97   L 306.28 769.97   A 10.10 10.10 0.0 0 0 316.38 759.87   L 316.38 719.37   Z"/>
<path fill="#333333" d="   M 498.44 797.88   A 0.39 0.39 0.0 0 1 498.05 798.26   L 470.67 798.26   A 0.40 0.39 0.0 0 1 470.27 797.87   Q 470.30 766.04 470.27 735.25   C 470.27 731.53 469.92 726.51 468.27 723.05   Q 461.96 709.85 447.34 709.39   Q 439.13 709.14 397.38 709.29   A 0.59 0.58 -0.0 0 0 396.79 709.87   L 396.79 797.81   A 0.46 0.45 90.0 0 1 396.34 798.27   L 369.23 798.27   A 0.67 0.67 0.0 0 1 368.56 797.60   Q 368.57 794.68 368.54 700.72   Q 368.53 691.19 369.97 688.57   C 373.49 682.14 378.77 680.89 386.60 680.98   Q 391.03 681.03 445.00 680.99   C 455.88 680.98 467.49 683.94 476.51 690.05   Q 498.08 704.67 498.38 732.06   Q 498.69 759.66 498.44 797.88   Z"/>
<path fill="#333333" d="   M 622.61 708.99   A 0.29 0.29 0.0 0 1 622.32 709.28   Q 571.14 709.23 555.25 709.25   C 552.98 709.26 548.39 709.28 547.72 712.01   Q 546.75 715.90 548.89 718.30   A 2.31 2.29 -16.2 0 0 550.23 719.03   Q 550.71 719.11 553.37 719.18   Q 559.07 719.32 595.50 719.20   C 609.16 719.15 621.39 723.32 629.30 735.40   Q 635.32 744.57 636.27 755.16   C 638.56 780.50 620.77 798.19 595.74 798.24   Q 551.22 798.34 521.05 798.25   A 0.46 0.46 0.0 0 1 520.59 797.79   L 520.59 770.63   A 0.66 0.65 -90.0 0 1 521.24 769.97   Q 583.39 770.07 597.67 769.91   C 604.66 769.83 608.86 764.94 608.38 758.03   C 607.85 750.49 603.62 747.25 596.25 747.26   Q 568.35 747.27 554.51 747.22   C 545.33 747.19 539.22 745.81 532.16 740.67   C 521.16 732.66 517.13 718.56 520.29 705.51   C 524.10 689.79 538.36 681.16 554.51 681.05   Q 568.32 680.96 622.28 681.01   A 0.33 0.33 0.0 0 1 622.61 681.34   L 622.61 708.99   Z"/>
<path fill="#333333" d="   M 815.52 732.39   A 0.42 0.42 0.0 0 1 815.94 731.97   Q 847.11 732.06 865.98 731.93   Q 872.34 731.89 875.73 727.61   C 880.56 721.50 878.94 711.91 871.45 708.70   Q 869.15 707.71 860.40 707.72   Q 835.06 707.77 816.27 707.79   Q 807.99 707.81 805.05 713.39   Q 803.33 716.68 803.45 726.30   Q 803.59 737.15 803.51 758.75   C 803.48 767.24 808.58 771.58 816.57 771.28   Q 819.04 771.19 866.04 771.26   A 0.37 0.37 0.0 0 1 866.41 771.63   L 866.41 797.61   A 0.59 0.59 0.0 0 1 865.82 798.20   Q 842.24 798.34 817.75 798.26   C 803.94 798.21 792.21 793.61 784.07 782.97   Q 776.76 773.43 776.72 759.78   Q 776.62 728.11 776.75 719.55   C 777.10 697.62 793.41 681.00 815.49 681.00   Q 855.55 681.00 864.75 681.02   C 874.87 681.04 884.63 683.80 892.21 690.28   C 904.85 701.09 907.85 717.31 902.92 732.92   C 898.02 748.38 883.39 758.73 867.27 758.74   Q 849.32 758.74 815.93 758.76   A 0.41 0.41 0.0 0 1 815.52 758.35   L 815.52 732.39   Z"/>
<path fill="#333333" d="   M 951.01 798.25   L 924.11 798.25   A 0.52 0.51 89.4 0 1 923.60 797.74   Q 923.56 735.56 923.61 720.28   C 923.68 702.76 933.07 688.79 949.75 683.40   C 957.24 680.98 963.75 681.02 971.44 681.01   Q 997.21 680.97 1026.32 681.01   A 0.56 0.55 90.0 0 1 1026.87 681.57   L 1026.87 708.79   A 0.46 0.46 0.0 0 1 1026.41 709.25   Q 969.95 709.24 965.50 709.26   C 957.66 709.28 951.74 711.15 951.75 720.51   Q 951.77 794.04 951.71 797.55   A 0.71 0.70 -89.6 0 1 951.01 798.25   Z"/>

<path fill="#333333" d="   M 449.47 842.80   C 465.78 842.76 473.22 857.00 473.25 871.49   C 473.29 885.97 465.92 900.24 449.61 900.28   C 433.30 900.32 425.86 886.08 425.82 871.60   C 425.79 857.12 433.16 842.84 449.47 842.80   Z   M 433.16 871.53   C 433.15 881.52 437.27 894.11 449.51 894.12   C 461.74 894.13 465.89 881.55 465.90 871.57   C 465.91 861.58 461.79 848.99 449.56 848.98   C 437.32 848.96 433.17 861.55 433.16 871.53   Z"/>
<path fill="#333333" d="   M 548.32 869.49   Q 545.31 880.07 539.03 888.78   A 0.57 0.57 0.0 0 0 539.17 889.58   Q 543.68 892.74 548.41 894.29   A 0.80 0.80 0.0 0 1 548.92 895.29   L 547.54 899.64   A 0.79 0.79 0.0 0 1 546.54 900.15   Q 540.25 898.03 534.80 894.19   A 0.59 0.59 0.0 0 0 534.06 894.24   Q 528.71 899.11 521.80 900.06   C 512.24 901.38 502.76 896.98 501.69 886.70   C 500.87 878.88 505.93 873.24 511.97 869.33   A 0.71 0.71 0.0 0 0 512.22 868.43   Q 510.24 864.22 509.36 860.18   C 507.53 851.72 511.33 843.96 520.32 842.88   C 525.54 842.25 530.49 844.71 532.04 849.93   C 534.72 859.01 527.05 865.62 520.36 869.92   A 0.39 0.38 -32.7 0 0 520.24 870.46   Q 525.95 879.05 533.74 885.38   A 0.58 0.58 0.0 0 0 534.58 885.26   Q 539.63 877.95 541.87 869.52   A 0.36 0.36 0.0 0 1 542.22 869.25   L 548.13 869.25   A 0.20 0.19 6.9 0 1 548.32 869.49   Z   M 517.34 865.38   Q 517.43 865.41 517.48 865.37   C 522.30 862.63 528.10 858.10 526.67 852.00   Q 525.96 848.99 523.13 848.04   Q 520.30 847.10 517.92 849.08   C 513.11 853.10 515.03 860.20 517.23 865.29   Q 517.25 865.35 517.34 865.38   Z   M 529.20 889.71   Q 521.21 882.54 515.70 874.42   A 0.64 0.64 0.0 0 0 514.76 874.29   C 509.92 878.30 506.31 883.25 509.69 889.54   C 513.67 896.94 523.56 895.53 529.19 890.73   A 0.68 0.67 45.8 0 0 529.20 889.71   Z"/>
<path fill="#333333" d="   M 823.35 871.57   C 823.32 857.09 830.71 842.82 847.02 842.79   C 863.33 842.77 870.76 857.02 870.78 871.50   C 870.80 885.98 863.42 900.25 847.11 900.28   C 830.80 900.30 823.37 886.06 823.35 871.57   Z   M 830.67 871.53   C 830.66 881.52 834.79 894.11 847.03 894.12   C 859.27 894.13 863.41 881.54 863.42 871.55   C 863.43 861.56 859.30 848.97 847.06 848.96   C 834.81 848.95 830.67 861.54 830.67 871.53   Z"/>
<path fill="#333333" d="   M 185.94 843.73   Q 187.67 843.74 189.37 843.84   A 0.85 0.85 0.0 0 1 190.13 844.42   L 208.51 899.08   A 0.16 0.15 -10.2 0 1 208.36 899.29   L 201.61 899.29   A 0.23 0.22 80.9 0 1 201.40 899.13   L 195.90 882.81   A 0.47 0.46 79.7 0 0 195.45 882.49   Q 194.78 882.50 185.89 882.49   Q 177.00 882.48 176.33 882.46   A 0.47 0.46 -79.6 0 0 175.88 882.78   L 170.33 899.09   A 0.23 0.22 -80.8 0 1 170.12 899.25   L 163.37 899.23   A 0.16 0.15 10.3 0 1 163.22 899.02   L 181.75 844.41   A 0.85 0.85 0.0 0 1 182.51 843.83   Q 184.21 843.73 185.94 843.73   Z   M 185.80 876.75   Q 189.94 876.75 193.76 876.68   A 0.26 0.26 0.0 0 0 194.01 876.34   Q 188.56 858.99 186.02 849.95   Q 185.97 849.79 185.79 849.79   Q 185.61 849.79 185.56 849.95   Q 183.03 858.99 177.59 876.35   A 0.26 0.26 0.0 0 0 177.84 876.69   Q 181.66 876.75 185.80 876.75   Z"/>
<path fill="#333333" d="   M 256.26 894.18   C 266.21 894.15 269.17 885.87 269.19 877.49   Q 269.21 869.46 269.14 844.13   A 0.42 0.42 0.0 0 1 269.56 843.70   L 275.61 843.70   A 0.43 0.42 90.0 0 1 276.03 844.13   Q 276.09 853.01 276.06 877.99   C 276.04 890.77 269.99 900.25 256.28 900.28   C 242.56 900.32 236.47 890.86 236.39 878.08   Q 236.25 853.10 236.27 844.22   A 0.43 0.42 89.7 0 1 236.69 843.79   L 242.74 843.76   A 0.42 0.42 0.0 0 1 243.16 844.19   Q 243.20 869.52 243.26 877.55   C 243.32 885.92 246.31 894.20 256.26 894.18   Z"/>
<path fill="#333333" d="   M 312.28 844.25   A 0.57 0.57 0.0 0 1 312.85 843.68   L 327.98 843.70   A 24.40 24.38 0.1 0 1 352.34 868.12   L 352.32 874.98   A 24.40 24.38 0.1 0 1 327.88 899.32   L 312.75 899.30   A 0.57 0.57 0.0 0 1 312.18 898.72   L 312.28 844.25   Z   M 319.25 850.05   L 319.25 892.97   A 0.57 0.57 0.0 0 0 319.82 893.54   L 326.79 893.54   A 18.71 18.20 90.0 0 0 344.99 874.83   L 344.99 868.19   A 18.71 18.20 -90.0 0 0 326.79 849.48   L 319.82 849.48   A 0.57 0.57 0.0 0 0 319.25 850.05   Z"/>
<rect fill="#333333" x="385.50" y="843.72" width="7.02" height="55.50" rx="0.49"/>
<path fill="#333333" d="   M 593.52 891.78   Q 593.85 891.78 593.92 891.52   Q 600.79 867.79 607.87 843.95   A 0.33 0.32 8.5 0 1 608.18 843.73   L 615.08 843.73   A 0.17 0.16 9.7 0 1 615.24 843.95   L 597.86 898.63   A 0.88 0.86 2.5 0 1 597.20 899.22   Q 597.03 899.26 593.53 899.26   Q 590.04 899.26 589.86 899.23   A 0.88 0.86 -2.6 0 1 589.20 898.64   L 571.72 843.99   A 0.17 0.16 -9.8 0 1 571.88 843.77   L 578.78 843.76   A 0.33 0.32 -8.6 0 1 579.09 843.98   Q 586.21 867.80 593.12 891.52   Q 593.20 891.78 593.52 891.78   Z"/>
<rect fill="#333333" x="644.01" y="843.72" width="6.98" height="55.52" rx="0.35"/>
<path fill="#333333" d="   M 687.55 844.17   A 0.45 0.45 0.0 0 1 688.00 843.72   L 703.21 843.74   A 24.35 24.30 -89.9 0 1 727.47 868.13   L 727.45 874.97   A 24.35 24.30 -89.9 0 1 703.11 899.28   L 687.90 899.26   A 0.45 0.45 0.0 0 1 687.45 898.81   L 687.55 844.17   Z   M 694.51 850.01   L 694.51 893.03   A 0.54 0.54 0.0 0 0 695.05 893.57   L 702.08 893.57   A 18.83 18.09 90.0 0 0 720.17 874.74   L 720.17 868.30   A 18.83 18.09 -90.0 0 0 702.08 849.47   L 695.05 849.47   A 0.54 0.54 0.0 0 0 694.51 850.01   Z"/>
<path fill="#333333" d="   M 768.21 867.23   L 788.34 867.23   A 0.44 0.44 0.0 0 1 788.78 867.67   L 788.78 872.83   A 0.44 0.44 0.0 0 1 788.34 873.27   L 768.21 873.27   A 0.44 0.44 0.0 0 0 767.77 873.71   L 767.77 892.80   A 0.44 0.44 0.0 0 0 768.21 893.24   L 793.08 893.24   A 0.44 0.44 0.0 0 1 793.52 893.68   L 793.52 898.83   A 0.44 0.44 0.0 0 1 793.08 899.27   L 761.18 899.27   A 0.44 0.44 0.0 0 1 760.74 898.83   L 760.74 844.19   A 0.44 0.44 0.0 0 1 761.18 843.75   L 792.34 843.75   A 0.44 0.44 0.0 0 1 792.78 844.19   L 792.78 849.32   A 0.44 0.44 0.0 0 1 792.34 849.76   L 768.21 849.76   A 0.44 0.44 0.0 0 0 767.77 850.20   L 767.77 866.79   A 0.44 0.44 0.0 0 0 768.21 867.23   Z"/>








                        </g>
                    </svg>